transaction_id,reason_code,merchant_category,user_account_age_days,prior_chargeback_count,transaction_amount,metadata_match,vlm_contradiction_found,historical_win
pay_8270978e8d3b43,fraud,electronics,826,0,25247.24,True,False,0
pay_eaae465def6347,damaged,electronics,830,0,19560.85,True,False,0
pay_d598c98d07df41,not_received,apparel,830,0,2922.69,True,False,0
pay_9d68342b266d4b,not_received,digital_services,307,0,1489.81,True,False,0
pay_a76ad3ab8cfe43,fraud,apparel,1177,0,2900.31,True,False,0
pay_cdc49f2af8504e,fraud,electronics,1123,0,28449.84,True,False,0
pay_fe998a68bdb04f,fraud,electronics,6,3,14799.87,False,True,1
pay_996022f036eb4f,damaged,electronics,1192,0,33953.25,True,False,0
pay_e1c4ba8e50a04f,not_received,electronics,1282,0,26342.52,True,False,0
pay_55c8296826fb49,not_received,electronics,468,0,27183.77,True,False,0
pay_f9745719902a48,fraud,digital_services,258,0,3095.71,True,False,0
pay_7469557f5cd846,damaged,apparel,1145,0,2495.89,True,False,0
pay_730a8019dead43,damaged,apparel,220,0,5296.77,True,True,1
pay_0579a45bad7646,fraud,electronics,1059,0,21909.4,True,False,0
pay_e0b04bece1ca49,fraud,electronics,8,6,25414.24,False,True,0
pay_70e2a9dcaa2141,fraud,apparel,414,0,2892.21,True,False,0
pay_dfaae077a4fa45,fraud,digital_services,66,0,2919.31,True,False,0
pay_96f2cee7f7164d,not_received,apparel,1011,0,3566.44,False,False,0
pay_b28eb234b9ae44,not_received,digital_services,431,1,1716.14,True,False,0
pay_00e518084cd640,fraud,digital_services,131,2,4564.12,True,False,0
pay_6a634d53c1eb49,not_received,electronics,122,0,27087.72,True,False,0
pay_e237d1e5c0e846,fraud,electronics,1439,0,22820.3,True,True,1
pay_a07d667877ef42,fraud,apparel,734,0,4508.23,False,False,0
pay_320e4a608ed343,fraud,apparel,867,0,3945.11,True,False,0
pay_0550235128f345,not_received,electronics,2,3,20901.28,False,True,0
pay_b46228b1f86b48,not_received,apparel,540,0,3832.94,True,False,0
pay_3328126add0345,fraud,apparel,696,0,3223.54,True,False,0
pay_f11934d618be45,not_received,digital_services,903,0,3196.13,True,False,0
pay_f3eee99a2aaf44,not_received,electronics,12,5,23494.18,False,True,1
pay_d8d3729eb78e46,fraud,electronics,424,0,16655.43,False,False,0
pay_86826255c7bc4e,not_received,apparel,34,0,3120.82,True,False,0
pay_e350e941b1bb45,fraud,apparel,368,0,999.75,True,False,0
pay_b4a283082c0848,fraud,apparel,139,0,2684.85,True,False,0
pay_1176d607434e46,damaged,digital_services,406,0,3571.77,True,False,0
pay_8f0f757969264c,damaged,apparel,606,0,2412.73,True,False,0
pay_8275206f22ec4c,damaged,apparel,1164,1,2720.08,False,False,0
pay_fc771d6e53ae4c,fraud,electronics,7,6,24521.79,False,True,0
pay_a013128610fb44,fraud,apparel,382,0,4672.19,False,False,0
pay_023186e3c5c849,not_received,apparel,403,0,2711.12,True,False,0
pay_6de30a695bb84b,not_received,digital_services,730,0,2461.32,False,False,0
pay_81ba6bdc34dc47,fraud,digital_services,1094,0,3571.52,True,False,0
pay_5c43b56e6b1844,not_received,apparel,996,0,1694.39,True,True,1
pay_c679d98e4a7a4c,fraud,apparel,11,6,2844.88,False,True,1
pay_aa7eb0fc6ec54d,damaged,electronics,1117,1,17632.31,False,False,0
pay_354eddcbaf764d,fraud,electronics,520,0,21893.63,True,False,0
pay_29850d2ee0a944,not_received,electronics,508,0,25379.36,True,False,0
pay_c2285d3aa8ae45,fraud,electronics,904,0,36252.43,True,False,0
pay_1fa5095a584a4e,not_received,apparel,1411,0,2181.86,True,False,0
pay_e1b6bbf1dc9641,not_received,electronics,138,0,20659.63,True,False,0
pay_adc461cece7f47,fraud,apparel,1248,0,2454.47,True,False,0
pay_3d77f332f5d34f,damaged,apparel,1352,0,2901.72,True,False,0
pay_c993e91b1f2a41,not_received,apparel,1040,0,3228.01,True,False,0
pay_771127bbdb4c44,damaged,apparel,260,0,3292.34,True,False,0
pay_cc78aecb9ce04a,damaged,electronics,589,0,21698.21,True,False,0
pay_af821894527a48,not_received,digital_services,241,0,4236.72,True,False,0
pay_e478d87d23ed4e,damaged,electronics,1428,0,22152.27,True,False,0
pay_eb7703c51a3749,fraud,digital_services,115,0,2247.04,True,False,0
pay_cf4825ae71584b,fraud,electronics,1336,0,25637.84,True,False,0
pay_142aa9870f354a,fraud,apparel,1260,0,2477.11,True,False,0
pay_c445b95b403c49,fraud,electronics,1335,0,31381.9,True,False,0
pay_f9dc6d9fd0dd4c,fraud,electronics,1324,0,26835.29,True,False,0
pay_6ae6ce55dd1947,fraud,apparel,1404,0,3355.9,True,False,0
pay_867094c39f6146,damaged,apparel,1451,0,2762.38,True,False,0
pay_4795f798b4e548,fraud,electronics,10,6,20687.15,False,True,1
pay_ecc5b97efa1044,fraud,apparel,893,2,3010.58,True,False,0
pay_f73ab102de4a4a,not_received,electronics,13,2,28260.01,False,True,0
pay_7c19f2a2035245,fraud,electronics,1085,0,26840.28,True,False,0
pay_2a9805bc411642,damaged,digital_services,363,0,3230.15,True,False,0
pay_997ef83f3dd749,fraud,digital_services,785,0,3816.19,True,True,1
pay_69e630a6a3714d,damaged,apparel,992,0,2769.88,True,True,1
pay_d1e3492c44f244,not_received,electronics,322,0,27459.83,True,True,1
pay_5b704adeb6ef44,fraud,electronics,8,3,23803.85,False,True,0
pay_68cba7bd235d4e,fraud,digital_services,371,0,3026.29,True,False,1
pay_654b8940a5ce49,damaged,electronics,8,6,22919.85,False,True,1
pay_e2fe49938b4c45,not_received,digital_services,915,0,2482.04,True,False,0
pay_d6679d80d22b4f,not_received,electronics,649,0,25148.46,True,False,0
pay_5972e95cc1ed4c,not_received,digital_services,4,4,3055.81,False,True,1
pay_0b4d0f43165b46,fraud,electronics,11,2,33157.89,False,True,0
pay_81d436dba33243,fraud,electronics,257,0,26730.46,False,True,0
pay_57eb5ee72f714c,fraud,apparel,1359,0,2797.17,False,False,0
pay_55a6bfdbe25146,damaged,digital_services,811,0,2540.43,True,False,0
pay_3899578224a74f,not_received,digital_services,1262,0,4055.78,True,False,0
pay_f09aee27bf3642,fraud,apparel,1306,0,1644.6,True,False,0
pay_11a4b46f37c849,fraud,apparel,12,5,2595.26,False,True,1
pay_1b9558baeb5b40,fraud,apparel,632,0,3817.35,False,False,0
pay_c9b99fe5529e44,fraud,apparel,285,0,2384.48,True,False,0
pay_1b3bd4acb8d744,not_received,digital_services,1174,0,3938.51,False,False,0
pay_333f8c19da024c,not_received,apparel,268,0,1518.74,False,False,0
pay_b340c9d6b6f249,damaged,apparel,750,0,5551.44,True,False,0
pay_ddf487600b7942,not_received,apparel,671,0,3747.61,True,False,0
pay_e92e6dafaae941,fraud,apparel,630,0,506.37,True,False,0
pay_42f3065dd9c74d,not_received,digital_services,357,1,4311.54,True,False,0
pay_feceaaa99ba14a,not_received,electronics,1319,1,23789.77,True,False,0
pay_480a677532d74a,not_received,electronics,1209,0,25905.45,True,False,0
pay_72a303fdbf2f4b,not_received,apparel,9,5,4774.05,False,True,1
pay_08eed72cfe8c46,not_received,electronics,399,0,27665.53,False,False,0
pay_9560e181e25a46,not_received,apparel,12,2,2723.78,False,False,0
pay_e2648a34bb9241,not_received,digital_services,1133,0,2432.34,True,False,0
pay_adc524fa0abf4e,fraud,apparel,2,2,4787.47,False,True,1
pay_2ecea19b8f1745,fraud,digital_services,1105,0,3147.02,True,False,0
pay_2db8798a70084d,fraud,electronics,606,0,33128.26,False,False,0
pay_69224a0f10704b,not_received,digital_services,11,4,3193.47,False,True,1
pay_621093ab48f04b,fraud,apparel,225,0,3017.67,True,False,0
pay_e31a1b3cd77747,not_received,electronics,3,5,25792.03,False,True,0
pay_57d4bc0b26c148,damaged,apparel,1155,1,3410.83,True,False,0
pay_d9eac0c97f6a40,fraud,digital_services,104,0,2121.75,True,False,0
pay_ac173705fc8044,not_received,electronics,572,0,18180.04,True,False,0
pay_28b4eebaa1a349,not_received,apparel,1396,0,3185.26,True,False,0
pay_ae0614ed2c1646,fraud,digital_services,73,0,2218.81,True,False,0
pay_3f23568ae4d848,fraud,electronics,1320,0,33232.47,False,False,0
pay_3d15917cdc5449,fraud,apparel,4,4,4586.54,False,True,1
pay_35d84546daad43,fraud,apparel,11,3,4253.67,False,True,1
pay_f49d00049b0840,damaged,electronics,219,0,16938.56,True,False,0
pay_298c4830a81948,damaged,apparel,1063,2,3489.13,True,False,0
pay_3c9e8f673bec4e,not_received,electronics,1491,0,30099.35,True,False,0
pay_4832515edc214d,damaged,apparel,955,0,3599.99,True,False,0
pay_59e44cf488c04c,damaged,electronics,172,0,16197.03,False,False,0
pay_b91b49366ea143,fraud,electronics,612,0,20387.74,True,False,0
pay_f4c8128d9f2a4c,damaged,apparel,9,4,4268.17,False,True,1
pay_f4874ff66ccd43,not_received,electronics,484,0,29629.77,True,False,0
pay_ea638b11e06e42,damaged,electronics,841,1,22040.5,True,False,0
pay_36eb7ca80bbf47,damaged,digital_services,6,6,3312.05,False,True,1
pay_78989710c1b746,fraud,digital_services,1289,1,2865.77,True,True,1
pay_a8b113c5555644,fraud,digital_services,717,0,2161.79,True,False,0
pay_214f94b941aa44,fraud,apparel,355,0,3192.7,False,False,0
pay_ad0416336db64f,not_received,digital_services,568,0,100.0,True,False,0
pay_8db26a2c18be4c,damaged,digital_services,1177,0,4072.76,True,False,0
pay_4108a7b9059647,damaged,apparel,335,0,3452.4,True,False,0
pay_2f77861f84db4a,fraud,electronics,966,0,21119.0,True,False,0
pay_31c3d664bd4245,not_received,electronics,1196,0,16299.18,True,False,0
pay_720a5b9aab1449,not_received,apparel,749,0,4009.49,True,False,0
pay_a938b7ea21864c,fraud,digital_services,2,5,3388.31,False,True,0
pay_cfa67a1ea96447,fraud,apparel,978,0,4361.36,True,False,0
pay_6dabb0d1077641,fraud,apparel,566,0,3495.82,False,False,0
pay_6b4d3d7c41cb48,damaged,electronics,8,6,24493.6,False,True,1
pay_fa3afe0f96f440,fraud,electronics,851,0,15722.69,False,False,0
pay_b128776efdf549,not_received,apparel,657,0,2532.57,True,False,0
pay_d0e02ad521f246,not_received,digital_services,2,2,3148.38,False,False,0
pay_4498262523a44c,fraud,electronics,394,0,23387.21,False,False,0
pay_3dda135c56cb41,damaged,digital_services,354,0,1564.52,True,False,0
pay_f59176b7fcea4e,damaged,electronics,962,1,26485.41,True,False,0
pay_d4bb8616165f4c,fraud,apparel,378,0,3605.93,True,False,0
pay_9e4f763bfead41,not_received,apparel,1117,0,2030.88,False,False,0
pay_554911a885c544,fraud,digital_services,1310,0,3654.47,True,False,0
pay_cbd58f53f74f41,fraud,electronics,99,1,25303.87,True,False,0
pay_d1c844c54b144f,fraud,electronics,1392,0,28400.89,True,False,0
pay_3ff10c48a0b941,not_received,electronics,793,0,34274.02,True,False,0
pay_cbc191c92a3649,not_received,digital_services,1349,2,2578.5,True,False,0
pay_06e8fa7b7e5543,fraud,electronics,547,0,19889.04,True,False,0
pay_f645af894fa04f,fraud,electronics,13,3,23363.1,False,True,1
pay_978aa507095041,damaged,apparel,6,2,2794.46,False,True,0
pay_42658119b4794b,fraud,apparel,1300,0,2091.76,True,False,0
pay_b6d279e145404f,fraud,digital_services,134,0,4007.72,True,True,1
pay_a4bbc93047cc43,not_received,digital_services,229,0,4677.86,True,False,0
pay_76cd1ff2e2bb46,damaged,apparel,3,6,884.58,False,True,1
pay_40f9dade13f242,fraud,digital_services,475,0,2832.08,True,False,0
pay_a4662f55c9734b,not_received,apparel,2,4,2208.59,True,False,0
pay_696ceac96d0548,not_received,electronics,422,0,29147.22,False,False,0
pay_ce0fbac4329c44,fraud,digital_services,455,0,2933.59,True,False,0
pay_79e80dd3282a45,not_received,apparel,8,5,2907.76,False,True,0
pay_990d76ee197d4f,fraud,apparel,741,0,1812.93,False,True,1
pay_cd3b81fd50cd45,not_received,apparel,1002,0,3717.93,True,False,0
pay_b7aaab6f861d4f,not_received,apparel,768,0,3505.15,True,False,0
pay_3acd74c9cfe346,not_received,electronics,7,2,29258.88,False,True,0
pay_109a2435b4c044,fraud,apparel,1255,0,4121.32,True,False,0
pay_2f5f7a2e8f2948,damaged,digital_services,664,0,3997.41,True,False,0
pay_177e18566bec44,fraud,apparel,483,0,1970.13,True,False,0
pay_0d9204bc28c44c,fraud,electronics,1338,0,34644.74,True,False,0
pay_6783e679bc3d4a,fraud,digital_services,323,0,3591.92,True,False,0
pay_87b766b020d24b,not_received,electronics,34,0,15122.81,True,True,1
pay_23afa2a0fe5d48,not_received,electronics,292,0,32103.86,True,False,0
pay_37c521cae0164c,fraud,electronics,1080,0,27690.53,True,False,0
pay_956e5443176b40,not_received,electronics,13,2,14346.62,False,True,0
pay_4276637a701045,fraud,apparel,378,0,2055.58,False,False,0
pay_721e34f5bc7e41,not_received,apparel,297,0,100.0,True,False,0
pay_e708801dbdd844,fraud,digital_services,472,0,3068.47,True,True,1
pay_ff3922dc472c43,not_received,digital_services,855,0,5309.93,True,False,0
pay_c072a75cc7854c,fraud,digital_services,323,2,2657.96,True,False,0
pay_047541cc8c1c4d,damaged,apparel,830,0,3367.56,False,False,0
pay_b077e950bc914e,fraud,apparel,960,0,2448.17,True,False,0
pay_166ddad8d0dc40,fraud,digital_services,1236,0,3073.65,True,False,0
pay_df1478c970b547,fraud,apparel,1112,0,4192.06,True,False,0
pay_d2ab21d206eb4f,damaged,apparel,918,0,2572.39,True,False,0
pay_b40936f3099443,damaged,apparel,3,6,3027.74,False,True,1
pay_f9668c65101a4c,fraud,electronics,9,2,23874.8,False,True,0
pay_2b6e5c5b18ec4f,not_received,apparel,1236,0,4164.03,False,False,0
pay_c8e0dbb323b342,damaged,apparel,892,1,2952.0,True,False,0
pay_d20cd41db88f4c,not_received,apparel,1289,0,2715.15,True,False,0
pay_310e12ae60b84f,not_received,electronics,71,0,19558.22,True,False,0
pay_3200423f54cf42,fraud,apparel,1462,1,3178.21,False,False,0
pay_750fcfb6891742,fraud,digital_services,1429,0,1365.54,True,True,1
pay_e6e71d4c447e42,damaged,digital_services,799,0,4340.19,True,False,0
pay_ba4d6250d81947,damaged,electronics,70,0,26985.54,True,False,0
pay_b6afa6ff02434e,not_received,electronics,969,0,21006.27,True,False,0
pay_8cccf2738a9d4e,fraud,apparel,1359,0,5052.22,True,False,0
pay_116b797b42ed4e,fraud,apparel,11,6,3554.66,False,True,1
pay_79d77061aed34c,not_received,electronics,8,2,31703.41,False,True,0
pay_56c7ee256de943,damaged,electronics,1143,0,21051.13,True,False,0
pay_b9daf9399a0549,damaged,digital_services,1093,0,4519.83,True,False,0
pay_b2bde2904ae04c,not_received,apparel,1113,0,3564.73,True,True,1
pay_621b45acbc1444,not_received,apparel,1,5,1572.6,False,True,1
pay_70fbd6b9145f41,fraud,apparel,635,0,2691.95,True,False,0
pay_29364771d11a4c,fraud,apparel,9,5,4289.83,False,False,0
pay_d03c461b9e6c4e,damaged,electronics,1170,0,28276.92,True,False,0
pay_aa960e93b3044a,not_received,apparel,1119,0,4691.64,True,False,0
pay_ae10b893cfdd4e,fraud,electronics,1,5,25946.37,False,True,0
pay_a3e68ea0fc2e46,fraud,apparel,426,0,4036.81,True,False,0
pay_382ee362f1c240,not_received,electronics,125,1,37119.09,True,False,0
pay_7c3283d65a1c41,fraud,apparel,1418,0,1507.37,False,False,0
pay_2c837c9cc35c4a,fraud,apparel,644,0,2617.5,True,False,0
pay_1269e68902a145,not_received,electronics,519,0,27885.86,True,False,0
pay_78c5aea891b044,not_received,electronics,12,6,25553.27,False,True,1
pay_f7a24f9aeefe46,not_received,electronics,620,0,28537.04,False,False,0
pay_a16b62459b0546,fraud,apparel,790,0,1998.05,False,False,0
pay_71c2ca95d3c44e,not_received,electronics,391,0,27992.21,True,False,0
pay_4cdceb2bb9d34a,fraud,electronics,998,0,25999.19,True,False,0
pay_112d21f0feaf4f,fraud,apparel,4,2,3283.84,False,True,0
pay_953799bec93f41,not_received,apparel,103,0,955.67,True,False,0
pay_83fc6d33470946,not_received,electronics,6,3,14710.83,False,False,0
pay_3b4fa5fce0c24d,damaged,apparel,1147,0,1785.28,True,False,0
pay_bc5e2303d2c243,not_received,digital_services,798,1,3215.97,True,False,0
pay_1944e1d07e5949,not_received,digital_services,1000,0,100.0,True,False,0
pay_52226349a9e24e,fraud,electronics,447,0,25822.17,True,False,0
pay_1cd0b28a278c4a,fraud,digital_services,997,0,3251.88,True,False,0
pay_bded849672f240,fraud,apparel,931,0,2479.64,True,False,0
pay_3655f97468ca4e,fraud,digital_services,1470,0,3331.41,True,False,0
pay_01935c9f67fa45,damaged,apparel,11,5,2716.16,False,True,1
pay_f61807f8365448,fraud,apparel,1144,0,3183.35,True,False,0
pay_e9d967c5f57e4e,damaged,apparel,10,6,3520.7,False,True,1
pay_cf9b6aa5e5f34e,not_received,apparel,208,0,3445.77,True,False,0
pay_a03fe12d9f5340,not_received,apparel,1462,0,3768.07,True,False,0
pay_7436a24ca1294a,not_received,electronics,1,6,27650.87,False,True,1
pay_85828321ee4241,not_received,electronics,751,0,21005.27,True,False,0
pay_b5afdd3cca534b,not_received,apparel,544,0,3939.85,True,False,0
pay_055feec9aa5a41,fraud,digital_services,1262,0,2365.27,False,False,0
pay_e5d3b36930e442,not_received,apparel,140,0,2523.82,True,False,0
pay_0ca72a7d55454f,fraud,apparel,11,5,2052.9,False,True,0
pay_37c778cf2cd74c,fraud,apparel,467,0,1930.48,False,False,0
pay_1b7fb423e6c340,not_received,electronics,172,0,35430.23,True,False,0
pay_cb02430cbb6e42,fraud,electronics,3,4,16439.73,False,True,0
pay_e8d50eb1549a44,damaged,apparel,977,0,2474.23,True,False,0
pay_f12994ef78404c,damaged,digital_services,133,0,4594.47,True,False,0
pay_f79672089c4e46,damaged,electronics,1483,0,23779.66,True,False,0
pay_08ae66fa375343,fraud,apparel,1025,0,3526.54,True,False,0
pay_08a2485d32684a,fraud,electronics,1171,0,22542.11,True,False,0
pay_a5d8d032de504b,damaged,electronics,351,0,24692.58,True,False,0
pay_1cd8e377dd384a,not_received,electronics,544,0,27425.32,True,False,0
pay_441a99be4ef74f,damaged,apparel,1295,0,3085.47,False,False,0
pay_6014546299d647,damaged,electronics,1211,0,20828.75,True,False,0
pay_a5f6d4386ad549,damaged,electronics,13,5,21401.81,False,True,1
pay_f03550f1c7f141,fraud,apparel,998,1,2783.61,True,False,0
pay_dc789569458345,fraud,digital_services,745,0,3381.17,True,False,0
pay_f21f3977b72244,damaged,electronics,1450,0,28380.71,True,False,1
pay_dce7697dc98f41,fraud,apparel,224,0,3043.65,True,False,0
pay_6727a8a7461f46,fraud,electronics,696,0,20468.69,True,False,0
pay_083ef8c3c49643,not_received,digital_services,447,2,4490.75,True,False,0
pay_c42d01a9445543,damaged,apparel,1489,0,1621.35,True,False,0
pay_3b4a858e2ecd42,not_received,digital_services,1,3,1374.42,False,False,0
pay_eb0670cc69f045,not_received,electronics,489,0,40645.5,True,False,0
pay_d6ea7b4e9a644c,fraud,apparel,4,2,3762.09,False,True,0
pay_e213a1742a9249,not_received,apparel,1124,0,1263.31,True,False,0
pay_5d03eaec3f874d,damaged,electronics,539,0,25530.98,True,False,0
pay_c66f05f5963a41,fraud,electronics,109,0,26060.73,True,False,0
pay_e2e52d0b37904c,not_received,apparel,1108,0,1824.67,True,False,0
pay_4541752947a549,damaged,apparel,569,0,4151.26,False,False,0
pay_7a3dd363b5f94d,not_received,electronics,198,0,28174.81,True,False,0
pay_db30864b8bdf42,not_received,apparel,11,5,2834.65,True,True,1
pay_e210141cc1af42,not_received,electronics,975,0,20093.35,True,False,0
pay_40cf75d9f9f447,fraud,electronics,1116,0,26402.51,True,False,0
pay_bdbe7f8c814e49,fraud,apparel,346,0,3184.27,True,False,0
pay_35ffecb5963d49,damaged,electronics,2,6,25249.54,False,False,0
pay_bdb7bd8031e840,damaged,apparel,276,0,3771.73,True,False,0
pay_5ce85761a4a649,damaged,electronics,986,0,30677.12,True,False,0
pay_52d1dbf2a62e40,damaged,apparel,1340,0,1943.58,True,False,0
pay_de6e8cbf4f044a,not_received,apparel,1436,0,1084.52,True,False,0
pay_8d480d5d2b854c,not_received,digital_services,1452,0,2873.01,True,False,0
pay_393700dcf6e34f,not_received,electronics,313,0,21362.27,True,False,0
pay_f697fcfc11bb49,not_received,apparel,201,0,3304.84,False,False,0
pay_dd993709e18843,not_received,electronics,684,0,16945.95,True,False,0
pay_1a65b48736584b,not_received,apparel,750,0,2735.1,True,False,0
pay_ed0f5de0140740,damaged,apparel,1077,0,1658.72,True,False,0
pay_312cd6336be24b,fraud,electronics,874,0,23598.99,True,False,0
pay_003c81f4c7b34e,fraud,apparel,71,0,2350.04,True,False,0
pay_3e5bdaa006664f,fraud,electronics,988,0,22618.74,True,False,0
pay_f6d91667fac145,not_received,electronics,178,0,28273.26,True,False,0
pay_1172232a817e44,fraud,electronics,694,2,26396.09,True,False,0
pay_b6a00cfd498c40,not_received,apparel,304,0,3215.08,True,False,0
pay_35c1c20d7af041,not_received,apparel,141,0,3729.72,True,False,0
pay_d7af530f73a743,fraud,electronics,288,0,18384.87,True,False,0
pay_72dc8108b5854f,not_received,apparel,1483,0,4007.66,True,True,1
pay_c18e0be834c644,fraud,electronics,50,0,25395.08,False,False,0
pay_3d3a7d2079a143,fraud,electronics,1310,0,29392.75,True,False,0
pay_10350a80813847,damaged,apparel,1050,0,3514.3,True,False,0
pay_59941204ea8a40,fraud,apparel,1174,0,2582.82,True,False,0
pay_811bebd6771c45,fraud,electronics,1231,0,9246.97,True,False,0
pay_8cc03c8dc9f240,not_received,electronics,1468,0,38970.34,True,False,0
pay_75edc3b504cb4e,not_received,digital_services,548,0,3499.68,True,False,0
pay_540670f86d9846,fraud,electronics,701,0,16533.8,True,False,0
pay_1527ca41a32c43,not_received,electronics,1096,0,21391.62,False,False,0
pay_eaa8e6d4fdd343,fraud,apparel,1153,0,3755.1,False,False,0
pay_a99244d7b60148,fraud,apparel,13,2,2528.44,False,True,1
pay_152cc5ba778146,not_received,apparel,1246,0,4346.14,True,False,0
pay_3c78857915614f,not_received,digital_services,1428,0,2290.23,True,False,0
pay_1b0061d435df4f,not_received,electronics,996,0,20164.09,False,False,0
pay_75cddb7ad10241,not_received,apparel,8,3,2728.13,False,True,1
pay_487fe45ca52f4e,damaged,electronics,504,0,33164.92,True,False,0
pay_183240049f5643,not_received,apparel,376,0,2813.91,True,False,0
pay_964568a3ec6a4c,fraud,digital_services,90,0,1530.93,False,False,0
pay_db9b1d23802940,not_received,apparel,1393,0,1972.29,True,False,0
pay_a292e355abc649,fraud,apparel,590,2,3052.85,True,True,1
pay_d6f33de229ba42,not_received,digital_services,1203,0,3172.69,True,False,0
pay_30dca583fe9b4c,fraud,electronics,573,0,23496.29,True,False,0
pay_3305c8177b6146,fraud,apparel,884,0,1623.47,True,False,0
pay_daa015769c0540,damaged,digital_services,94,0,3470.57,True,False,0
pay_5ec6213793ca4a,damaged,apparel,7,6,2023.3,False,False,0
pay_f1495470dd5b44,not_received,electronics,1387,0,21460.74,True,False,0
pay_4b110f28734647,not_received,electronics,7,4,27897.15,False,True,1
pay_c4a94d9174da45,fraud,electronics,1,5,28993.32,False,True,1
pay_6041874bf31246,fraud,electronics,1446,0,19559.37,True,False,0
pay_3c5fbd1fdf2340,fraud,apparel,7,5,1297.01,False,True,1
pay_bcc2a76a21504f,not_received,electronics,13,3,32347.43,False,True,1
pay_7f7b407cd9c047,not_received,electronics,1035,0,27912.82,False,False,0
pay_9a8e45afc7cd41,not_received,apparel,12,6,3116.49,False,True,1
pay_44581dc8e2364f,fraud,apparel,2,6,2214.04,False,True,1
pay_b0ac897b77b441,damaged,apparel,656,0,1875.68,False,False,0
pay_c564881fbca442,not_received,apparel,252,1,2154.95,False,False,0
pay_d3e2ed7c29e349,not_received,electronics,8,2,27797.96,False,True,0
pay_10b1942d0eab46,not_received,electronics,1067,1,33018.29,True,False,0
pay_d6faa504666d4c,not_received,electronics,10,3,20034.74,False,True,1
pay_d33baf2edbeb44,fraud,apparel,1051,0,2745.85,False,False,0
pay_11135fab9fc64c,fraud,electronics,252,0,22513.28,True,False,0
pay_4478a9eac80946,not_received,apparel,1347,0,3034.79,True,False,0
pay_1044a6ac05a54d,fraud,electronics,1261,1,18374.54,False,False,0
pay_da583b74677e4c,fraud,digital_services,1189,0,1774.61,True,False,0
pay_abffba132b4347,fraud,apparel,1,2,3355.48,False,False,0
pay_42696d837bdf44,fraud,apparel,709,0,1447.03,False,True,1
pay_56d1ed9b00f54c,damaged,apparel,43,0,3095.47,True,False,0
pay_260dfaf610a742,not_received,apparel,222,0,2152.25,False,False,0
pay_a8d717b6348049,not_received,apparel,499,0,4003.71,True,False,0
pay_0f5abf4ce74c42,fraud,digital_services,522,0,3140.19,True,False,0
pay_f729f2339ff048,not_received,apparel,953,0,5018.21,False,False,0
pay_49c7385a8bef4d,not_received,digital_services,1130,0,1857.33,False,False,0
pay_06e8d33779034b,fraud,electronics,13,4,24237.99,False,True,1
pay_f6c22609e0a84f,not_received,digital_services,208,2,2407.69,True,False,0
pay_6dbce6d2992f42,fraud,electronics,676,1,29025.07,False,False,0
pay_2c5015fb9e1a4f,not_received,electronics,2,6,26405.49,False,True,1
pay_f21be73a49e844,not_received,apparel,120,0,2706.66,True,False,0
pay_6c298b96829243,fraud,electronics,6,4,25228.14,True,True,1
pay_346d652be65948,fraud,electronics,395,0,28050.38,True,False,0
pay_c9749441204c47,not_received,electronics,8,2,24939.66,False,True,0
pay_2525b804993a44,not_received,apparel,221,0,3228.87,True,False,0
pay_e00715c8882548,damaged,digital_services,11,6,1768.66,False,True,1
pay_40cf059d1bb24b,not_received,apparel,13,6,1909.91,False,False,0
pay_7a99eb33e98d4a,fraud,digital_services,1041,1,1754.69,True,False,0
pay_b33331ea37de41,fraud,apparel,377,0,3885.56,True,False,0
pay_4d2b035f6f8a48,not_received,electronics,1015,0,32618.06,False,False,0
pay_8707598d8da940,fraud,electronics,348,0,28339.61,False,False,0
pay_56e5689b200e41,not_received,apparel,480,0,3199.62,True,False,0
pay_e53f3653a7764a,damaged,electronics,9,5,22757.55,False,False,0
pay_455d4aa0b5664b,not_received,electronics,1476,1,26538.58,True,False,0
pay_4b7ec15c26b74a,fraud,apparel,868,2,2912.44,True,False,0
pay_1e62fcf875294b,not_received,apparel,1442,0,3789.15,True,False,0
pay_81d699e33d804c,not_received,electronics,1055,0,27358.37,True,False,0
pay_0e791451661546,not_received,digital_services,406,0,1257.23,True,False,0
pay_463db4a1645a42,damaged,apparel,1258,0,2184.87,True,False,0
pay_b480284888d44e,fraud,apparel,1356,0,2066.6,True,False,0
pay_e676e93d0b6c43,damaged,digital_services,139,0,1784.83,True,False,0
pay_86568bdca2064a,damaged,electronics,830,0,24538.74,True,False,0
pay_86f090e2e84e44,fraud,apparel,1228,0,3616.67,True,False,0
pay_e6257624b1c94d,fraud,digital_services,1317,0,2438.39,True,False,0
pay_7adbdacbde6c4c,fraud,apparel,1364,0,1713.1,True,False,0
pay_032173ae2a604e,fraud,apparel,137,0,3103.16,True,False,0
pay_0bc88c4db54a4f,fraud,apparel,1414,1,2062.06,True,False,0
pay_41d1b83e738045,not_received,apparel,845,0,2771.91,True,False,0
pay_1a1f811be1e040,fraud,electronics,681,0,20819.55,True,False,0
pay_bd12fe7935d84b,fraud,digital_services,10,4,2914.68,False,False,0
pay_bd0cc2e00ca74e,damaged,digital_services,1,3,2678.13,False,True,1
pay_4210f2b3c9c641,fraud,digital_services,704,0,2933.4,True,False,0
pay_e3206bd7c84844,damaged,apparel,12,3,3495.62,False,True,1
pay_21f730dc3e024e,fraud,electronics,1,4,31732.52,False,True,0
pay_a4f7d6a04cd948,fraud,electronics,92,0,27709.0,True,False,0
pay_cf5d1e64d76c4e,not_received,digital_services,713,0,3762.28,True,False,0
pay_0c1954d9cd0349,not_received,electronics,1124,0,26786.17,False,False,0
pay_2945663844a74f,damaged,electronics,1,6,28981.04,False,True,1
pay_1b6929ea9ee349,not_received,apparel,10,3,2377.61,False,True,1
pay_dbcfae95c76d44,damaged,apparel,3,5,3591.75,False,True,1
pay_618c25948ec44d,fraud,apparel,2,5,3574.63,False,True,0
pay_b251a0d9608146,fraud,apparel,534,0,3549.36,True,False,0
pay_c3dfa38beac74a,not_received,apparel,4,4,2626.33,False,False,0
pay_ef0581a3e52048,damaged,digital_services,1380,0,3220.94,False,False,0
pay_96023f4dbc794f,damaged,electronics,876,0,29083.3,True,False,0
pay_8d886ef262d649,not_received,electronics,1495,0,22778.13,True,False,0
pay_5cc8d4ccd37a4e,fraud,apparel,6,6,4277.63,False,True,0
pay_a05494c441f949,not_received,digital_services,1059,0,3387.14,True,False,0
pay_b12a172c71034f,fraud,electronics,297,0,29301.5,True,True,1
pay_2bee28d5a7614a,damaged,electronics,1279,0,24892.46,True,False,0
pay_931c513d91e043,damaged,apparel,575,0,1914.02,True,False,0
pay_b3ebcfa5ee0449,not_received,apparel,1413,0,3160.51,True,False,0
pay_b20e9cd5a39549,not_received,digital_services,1406,0,4454.61,True,False,0
pay_3f7847db8ba045,not_received,digital_services,36,0,3213.32,False,False,0
pay_540c248db80b4d,fraud,apparel,1082,0,1612.03,True,False,0
pay_a1347b960cd847,damaged,apparel,1304,0,3112.64,True,False,0
pay_be3cf113f7a14c,not_received,electronics,208,1,27305.03,True,False,0
pay_a1f5ea531a8a45,damaged,apparel,1316,1,3475.78,False,False,0
pay_bb180fbf1b984f,fraud,apparel,9,2,2086.0,False,False,0
pay_412dd71201df4f,damaged,electronics,47,0,35344.73,True,True,1
pay_7f6c98fe1e4542,fraud,electronics,892,0,24402.81,False,False,0
pay_33d5362b7e8a4c,fraud,digital_services,817,0,2613.72,False,False,0
pay_3a3cc13da8a845,damaged,apparel,8,5,2630.43,False,True,1
pay_3f68d5f9c0c34c,fraud,apparel,1075,0,2546.95,True,False,0
pay_72ceb715deec46,fraud,electronics,467,0,16275.26,True,False,0
pay_bb98275abe1140,damaged,apparel,457,0,2279.06,True,False,0
pay_e6daa9f655ac46,damaged,digital_services,710,0,3474.42,True,False,0
pay_b9b319d5ff6c47,not_received,electronics,13,6,27107.79,False,True,0
pay_0ef47ea3028747,not_received,apparel,1066,0,2914.1,False,False,0
pay_d8a88d93364240,not_received,electronics,1320,0,33383.75,True,True,1
pay_f6e82a466c444a,fraud,apparel,1265,0,2981.05,True,False,0
pay_e632ed488c7c48,fraud,digital_services,503,0,2861.27,True,True,1
pay_f169d094849c40,not_received,apparel,332,0,2375.71,True,False,0
pay_f3aab872fada44,not_received,digital_services,1071,0,3204.21,True,True,1
pay_44b72095413c45,not_received,digital_services,377,0,1995.84,True,False,0
pay_3b20a30b5a1541,not_received,digital_services,671,2,3579.47,True,False,0
pay_6aeececacc1042,fraud,digital_services,918,0,1711.49,False,False,0
pay_d1e04eefd65942,not_received,electronics,545,0,22278.52,True,False,0
pay_e8522cca2efc49,fraud,digital_services,1419,0,3131.89,False,False,0
pay_a0e48c918ba849,not_received,electronics,12,5,25658.38,False,True,0
pay_2ddd0fa2e4e74d,not_received,electronics,969,0,37168.82,False,False,0
pay_772b396f038641,damaged,electronics,1112,0,25029.26,True,False,0
pay_a4a511ac4bde43,fraud,electronics,1308,1,23057.71,True,False,0
pay_1ace626ea3424f,fraud,apparel,756,0,2566.95,True,False,0
pay_2a963d28038e44,fraud,apparel,57,0,3927.57,True,False,0
pay_d4bb530480d040,not_received,electronics,1416,0,17466.79,True,False,0
pay_2000686d62b441,not_received,apparel,281,0,4042.23,False,False,0
pay_0f013552e9584b,fraud,apparel,1,6,4954.15,False,True,1
pay_2d9aa5e7b7fb48,fraud,apparel,2,5,1329.74,False,False,0
pay_176b42f356c94b,not_received,electronics,1229,0,21371.32,True,False,0
pay_d4d6bc91e39145,fraud,electronics,4,2,27490.02,False,True,0
pay_17df84c6827849,damaged,electronics,6,3,17477.8,False,True,1
pay_3f96d9d46b374c,not_received,electronics,1464,0,25234.6,True,False,0
pay_7a4515c23d8f40,fraud,apparel,42,0,1533.67,True,False,0
pay_575bb8418f684a,fraud,apparel,215,2,2507.36,True,False,0
pay_eedbb9c21d0a47,damaged,electronics,31,0,25323.16,True,False,0
pay_db6b69a96b5248,fraud,electronics,1,2,26775.92,False,True,0
pay_b572145ba34840,fraud,electronics,1402,1,21694.01,True,False,0
pay_b994e894eae44d,damaged,digital_services,1,6,2185.02,False,True,1
pay_c1bad590f10e4a,damaged,electronics,1455,0,28643.33,True,False,0
pay_7474ea67468f4b,damaged,digital_services,1044,2,2660.3,True,False,0
pay_044b6753c9dc4b,not_received,apparel,473,1,2909.58,True,False,0
pay_a1f5fe8b53a347,fraud,electronics,1,6,25043.39,False,True,0
pay_6b9d9e0411514d,fraud,digital_services,7,2,3782.81,False,True,0
pay_777473ee559649,not_received,apparel,481,0,4047.14,True,False,0
pay_33d53e4cbac04f,not_received,apparel,1315,0,3455.24,True,False,0
pay_fb80162ba81c43,not_received,apparel,429,0,4304.1,True,False,0
pay_3f5af8c6ca7842,damaged,apparel,10,6,3271.88,True,True,1
pay_9c7bcccebe874c,fraud,electronics,204,0,28057.14,True,False,0
pay_11cd8c865c4f43,not_received,electronics,10,4,28622.24,False,True,0
pay_8c7d03e101bc4c,fraud,digital_services,1444,0,4645.04,True,False,0
pay_471e7c65b25e45,not_received,digital_services,6,3,2220.41,False,False,0
pay_eab144a795e84b,fraud,electronics,1228,0,24195.21,True,False,0
pay_1da8928cd51248,fraud,apparel,868,0,2029.47,True,False,0
pay_a9fd8891a0ae4f,fraud,apparel,616,0,2723.97,True,False,0
pay_4d7f7aeb547c45,not_received,electronics,1352,1,21631.99,True,False,0
pay_34b33ca3783d43,not_received,apparel,4,4,1781.37,False,True,0
pay_a2c5ad00e6ac47,not_received,apparel,1392,0,3241.45,True,False,0
pay_0f313a253ebf4f,damaged,apparel,732,0,3415.06,True,False,0
pay_e6e01b7f0b0e48,fraud,digital_services,231,0,2724.86,True,False,0
pay_128cc894014d47,fraud,electronics,1312,0,20257.13,False,False,0
pay_6793cd7a6a2f48,damaged,apparel,1158,0,3113.23,True,False,0
pay_3c3c8b9236374a,fraud,apparel,203,1,4723.79,True,False,0
pay_443f91c5e3fc44,damaged,apparel,1294,0,2816.3,True,False,0
pay_318ef0f134ec43,fraud,electronics,124,0,23126.24,False,False,0
pay_a42999a31c6f4a,damaged,apparel,1156,0,3491.61,False,False,0
pay_1f7e3524a06740,fraud,digital_services,1182,0,1670.49,True,False,0
pay_c64cd10bad724e,damaged,electronics,114,0,31664.81,True,False,0
pay_c90a903978ba44,not_received,apparel,299,0,1428.19,True,False,0
pay_a5146c5b07c041,damaged,digital_services,1289,0,2978.0,True,False,0
pay_116320fb04f54c,fraud,electronics,579,0,24926.42,True,False,0
pay_a5e6131a6e894c,not_received,digital_services,666,0,2550.24,True,False,0
pay_b055f14d5e0542,damaged,electronics,6,2,23747.71,False,True,0
pay_b630341c89f64b,not_received,electronics,6,3,24663.46,True,True,1
pay_54b4dcf609534d,not_received,electronics,12,5,16568.45,False,True,0
pay_880a2ee83af94c,not_received,electronics,1435,0,21898.56,True,False,0
pay_cf7e428214644a,not_received,electronics,627,0,24424.63,True,False,0
pay_1cc72eb67e6e40,not_received,apparel,217,2,2778.59,True,False,0
pay_164579843f074a,not_received,electronics,1212,0,16363.62,True,False,0
pay_b8950beb9d4c4b,damaged,digital_services,5,2,5356.72,False,False,0
pay_8a36de50e1c145,fraud,apparel,1184,0,3456.76,True,False,0
pay_09920733614b43,fraud,apparel,849,0,2504.23,True,True,1
pay_2058612b515249,damaged,apparel,8,6,3101.32,False,True,1
pay_468d235dd2bf4f,damaged,apparel,125,0,2470.02,False,False,0
pay_b8e1110e5a174b,not_received,apparel,10,6,3827.39,False,False,0
pay_2ec3c60dc4a945,not_received,electronics,177,0,37428.82,True,False,0
pay_e6635474c0944e,fraud,digital_services,1460,0,1926.69,True,False,0
pay_6f507f2636df41,fraud,apparel,1469,0,3229.84,True,False,0
pay_6d70acfee54a4f,not_received,electronics,85,0,28531.49,True,False,0
pay_b3e78b6e16a145,fraud,apparel,286,0,4003.92,True,False,0
pay_2fe7931d6dfd45,not_received,apparel,5,4,2846.15,False,True,0
pay_ab42b6b0fe9a48,fraud,electronics,4,6,25749.63,False,True,0
pay_f63f10344b2e47,damaged,digital_services,7,5,5472.08,False,True,1
pay_9c7b3e6e931a49,damaged,apparel,879,0,1521.0,True,False,0
pay_4e46f92ea6a640,not_received,apparel,314,0,3960.31,True,False,0
pay_ea487b6e632b47,not_received,apparel,1381,0,2600.28,True,False,0
pay_2f6dd1acf3bb44,fraud,digital_services,1141,0,2825.97,False,False,0
pay_8f65bc79f81e43,damaged,electronics,167,0,17124.18,True,False,0
pay_c650231c217d4b,not_received,apparel,260,0,100.0,True,False,0
pay_2c27935a422844,fraud,electronics,1031,1,22462.38,True,False,0
pay_d2cde33a053f4e,damaged,apparel,608,0,4239.81,True,False,0
pay_97f206f24dae4a,damaged,electronics,782,1,23412.71,True,False,0
pay_22828677aaa342,damaged,electronics,184,0,28656.36,True,False,0
pay_19c97142b63346,not_received,digital_services,348,0,3908.68,False,False,0
pay_5d071300197f41,not_received,apparel,1061,0,5174.53,True,False,0
pay_0b3bd7b1c1554e,not_received,electronics,1445,0,28031.77,False,True,0
pay_63a920eaa6f948,damaged,apparel,1484,0,4113.16,True,False,0
pay_32a10a94ec0940,damaged,apparel,1086,0,2169.52,True,False,0
pay_1fe63d0cbfd742,fraud,electronics,6,2,22000.11,False,True,0
pay_925d68ff8f2747,fraud,electronics,1063,0,26328.61,True,False,0
pay_6adc66f8272c4f,fraud,digital_services,1421,0,2147.24,True,False,0
pay_22a10d544ba447,damaged,apparel,80,0,3781.45,True,False,0
pay_f7641d63e21a48,damaged,electronics,1022,0,22453.47,True,False,0
pay_f6b9172c8a494d,fraud,digital_services,520,0,3175.49,True,False,0
pay_093d890e0f1541,not_received,apparel,698,2,1793.13,False,False,0
pay_f9d960e33e1542,fraud,electronics,625,0,24214.54,True,False,0
pay_0cd4777c96d745,damaged,electronics,1343,0,15350.97,True,False,0
pay_f1cd6d95c51141,damaged,electronics,424,2,28925.99,False,False,0
pay_1ff907f313924d,damaged,digital_services,1189,0,1875.52,True,True,1
pay_455509cbdf684d,not_received,electronics,1260,0,24770.94,True,True,1
pay_3f1e3a278ed241,not_received,electronics,912,0,31357.16,True,False,0
pay_ebba2c3165104a,fraud,digital_services,1230,0,3287.03,True,False,0
pay_a4cf56ff9ee748,fraud,electronics,817,0,13635.11,True,False,0
pay_ff46ee8b027949,damaged,apparel,251,0,5107.61,True,False,0
pay_dadd3c3a56184f,damaged,electronics,914,0,30813.58,True,False,0
pay_8e2849b5555941,damaged,apparel,76,0,2311.57,True,False,0
pay_16de076164a14b,damaged,electronics,307,0,29585.41,True,False,1
pay_c5629cab715e4e,not_received,electronics,1075,0,36614.65,True,False,0
pay_2be5993b4feb44,not_received,apparel,13,6,1259.1,False,True,1
pay_d5abf8177caf4b,damaged,apparel,364,0,4265.02,True,False,0
pay_e3704b3021b94c,damaged,apparel,11,5,2237.47,False,False,0
pay_4178890d64a042,fraud,apparel,1130,0,3699.13,True,False,0
pay_1faf6bc7236f47,not_received,apparel,1132,0,1976.45,False,False,0
pay_fc050772469149,fraud,apparel,1365,0,1687.53,True,False,0
pay_995f5e57cfa249,damaged,apparel,51,0,4331.83,True,False,0
pay_3a5dddd7c82143,not_received,apparel,653,0,4721.07,True,False,0
pay_fb7c3fb277d741,fraud,apparel,110,1,1389.57,True,False,1
pay_7828c850b8b348,not_received,apparel,535,0,3909.22,False,False,0
pay_89d712f68c6f44,not_received,electronics,474,0,28307.18,True,False,0
pay_c445d24c5fb64e,fraud,electronics,1021,0,28429.4,True,False,0
pay_0d501b42f7b64a,fraud,electronics,1482,0,18631.79,True,False,0
pay_75cc08d06da24a,not_received,digital_services,198,0,4341.07,True,False,1
pay_adaf644be5c842,not_received,apparel,79,1,3040.46,True,False,0
pay_d44c07a3aef646,not_received,apparel,1383,0,2820.75,True,False,0
pay_b3dca363f9eb43,not_received,electronics,8,6,18691.35,False,False,0
pay_8de920a6d35b4d,damaged,electronics,1008,0,33082.12,True,False,0
pay_d7da8d7edc834d,not_received,digital_services,120,0,2963.8,True,False,0
pay_99bd2f0446e649,not_received,digital_services,549,0,2833.29,True,True,1
pay_5738001025b64a,damaged,electronics,7,6,22102.93,False,False,0
pay_182a22a706974a,not_received,apparel,559,0,4428.08,True,False,0
pay_105294ff72694c,fraud,apparel,907,0,1417.63,False,False,0
pay_10ce8306b40945,fraud,electronics,891,0,26319.31,True,False,0
pay_38a6279703134d,not_received,apparel,1206,0,3824.8,False,False,0
pay_daa68c78fff548,not_received,apparel,1104,0,4876.68,True,False,0
pay_da49e32c122440,not_received,apparel,670,2,3458.86,True,False,0
pay_43489f3a9b0b44,fraud,electronics,1411,0,20034.02,True,False,0
pay_7490a558be2240,fraud,electronics,1,6,26591.01,False,True,0
pay_7adf666a7ec344,fraud,electronics,1041,1,25758.45,True,False,0
pay_a32feff541d947,fraud,electronics,682,0,22619.16,True,False,0
pay_2a10902a8ee141,not_received,apparel,1036,0,1063.62,True,False,0
pay_023bf7ad61244f,fraud,electronics,374,0,26057.93,True,False,0
pay_d4a50595ad714c,not_received,apparel,349,0,2437.29,True,False,0
pay_aa615bd924ac46,damaged,electronics,549,0,25874.18,True,False,0
pay_0303f97ce55d47,fraud,apparel,985,0,3585.42,False,False,0
pay_476e81d3ead041,not_received,apparel,13,5,3163.34,False,True,0
pay_55379c1c87e944,not_received,apparel,1115,0,3210.02,True,False,0
pay_f6769b9c06bc47,fraud,electronics,965,1,23571.42,True,False,0
pay_f08aee59ad744e,not_received,electronics,403,0,20386.78,True,False,0
pay_805609c153e64f,damaged,electronics,1362,0,20360.87,True,False,1
pay_62d93182c2194d,damaged,electronics,7,2,28736.34,False,True,1
pay_b0a7b6b352cc45,fraud,electronics,390,1,26931.39,True,False,0
pay_6681209b3e544f,damaged,electronics,911,0,32031.14,False,False,0
pay_48260a775c2b48,not_received,apparel,902,0,3491.3,True,False,0
pay_2fca0ab046d749,fraud,digital_services,3,3,2695.32,False,True,0
pay_096064c1798845,not_received,electronics,9,5,22672.84,False,True,0
pay_93a4db1c55fd41,damaged,digital_services,919,1,2128.95,True,False,0
pay_a19691925bb04f,not_received,electronics,570,0,21345.23,True,False,0
pay_16a5e593a8b647,fraud,apparel,13,2,4255.59,True,True,0
pay_1dfb17e54a2244,not_received,apparel,13,4,4615.83,False,False,0
pay_08d5e42780e447,fraud,digital_services,626,0,4205.27,True,False,0
pay_8f08bc274d4f47,fraud,electronics,1291,0,14333.8,True,False,0
pay_336ea7fc86294a,fraud,electronics,712,0,26760.21,True,False,0
pay_883b46d76dff44,fraud,electronics,964,0,20087.19,True,False,0
pay_b51934e667b54f,fraud,apparel,309,0,4282.35,True,False,0
pay_f90d8f5f5fb140,fraud,digital_services,1037,0,2183.73,True,False,0
pay_d978cbc9123a45,not_received,apparel,1275,0,4352.1,False,False,0
pay_d8ffc4d08c7349,fraud,apparel,277,0,2935.85,True,False,0
pay_d4eaf5bb242f47,fraud,apparel,830,0,2354.92,False,False,0
pay_c894f04f121a4d,damaged,digital_services,401,0,3076.76,False,False,0
pay_a4fb23a9630d41,not_received,apparel,883,0,2106.17,False,False,0
pay_e49a074078ed4f,not_received,electronics,999,0,21905.49,True,False,0
pay_5751a8adf92d44,fraud,digital_services,488,0,2607.13,True,False,0
pay_9a218bf7687c49,fraud,electronics,492,0,22957.46,True,False,0
pay_09a2ea783cde49,fraud,electronics,1423,0,25437.62,False,False,0
pay_b8607b0792554c,fraud,electronics,397,0,19866.19,True,False,0
pay_4342eea4d41a4e,fraud,apparel,1492,0,3787.74,True,True,1
pay_96e77dcc9d2a4d,fraud,apparel,1019,0,2878.16,True,False,0
pay_0cdef62c19e64b,fraud,electronics,12,6,26555.89,False,True,1
pay_c7244b31289a48,fraud,apparel,637,2,4305.71,True,False,0
pay_5f0965ad5a6f4c,not_received,apparel,4,5,3088.47,False,True,1
pay_dd7cea25fdf04a,fraud,digital_services,567,0,3206.13,True,False,0
pay_dd4af0c7ae7544,fraud,apparel,1058,0,3821.0,True,False,0
pay_e6e4016fcb264b,not_received,apparel,972,0,4140.08,True,True,1
pay_271530c6a11f45,not_received,apparel,1257,0,2044.19,True,False,0
pay_61507d633c604e,fraud,electronics,570,0,28244.09,True,False,0
pay_447ccc51b65c4f,not_received,electronics,466,0,23259.93,True,False,0
pay_09d1c042584c42,not_received,apparel,1133,0,1898.84,True,False,0
pay_359e97344d3a43,fraud,electronics,369,0,23212.58,False,False,0
pay_cb2c960f0d1948,damaged,electronics,1049,1,17600.6,True,False,0
pay_5fc78ee0242f4f,damaged,apparel,104,1,4335.97,True,False,0
pay_8cecdc33d92042,fraud,electronics,1498,0,32665.42,True,False,0
pay_f5d46dc763b44c,fraud,electronics,269,0,27894.57,True,False,0
pay_5ba9609500e34d,damaged,apparel,3,6,4477.74,False,True,1
pay_5ccf7359628349,not_received,apparel,415,0,5927.78,True,False,0
pay_3e4f396e7b3a4a,fraud,digital_services,1464,0,3276.48,False,False,0
pay_3c40ec129a0c43,fraud,apparel,833,0,3517.27,True,True,1
pay_bd44403c192a4b,fraud,apparel,948,0,2128.15,True,False,0
pay_0d5e87cdf3dd4a,not_received,electronics,326,0,19266.45,True,True,1
pay_1f4d5085b51740,not_received,electronics,1421,0,30221.07,True,False,0
pay_e04e92b091a449,fraud,electronics,2,2,18575.47,False,True,1
pay_01d8482eddfc4a,not_received,apparel,508,0,2832.24,True,False,0
pay_ba389dd6bd5d4a,not_received,apparel,7,6,4353.67,False,True,1
pay_25131393f53b43,fraud,apparel,177,0,4141.2,True,False,0
pay_681b5ffa1a3149,fraud,apparel,385,0,2664.56,True,False,0
pay_a8f58f14b5334f,not_received,electronics,1395,0,23996.44,False,False,0
pay_417e2540911846,damaged,apparel,681,0,4234.63,True,False,0
pay_f68b7c0b28d148,not_received,apparel,544,0,3084.0,True,False,0
pay_aa0bce4733c04a,not_received,apparel,658,0,3838.02,True,False,0
pay_70acea79802e42,fraud,apparel,418,1,2316.91,True,False,0
pay_cf95ec5b5e2d44,not_received,digital_services,98,0,5553.26,True,False,0
pay_6bcca4920c3542,not_received,digital_services,2,2,3129.66,False,True,0
pay_409ebf7137ac45,fraud,digital_services,491,0,3739.61,True,False,0
pay_76bb5d05ef1540,fraud,electronics,196,0,23687.51,True,False,0
pay_468a2b4ccedc43,fraud,electronics,1175,0,29867.44,True,False,0
pay_2ca6f9a2f2974e,fraud,electronics,832,0,22726.39,True,False,0
pay_b7370b617ddc43,fraud,electronics,899,1,29396.9,True,False,0
pay_6ebb1779347843,fraud,apparel,1259,0,2645.69,True,False,0
pay_d119d25ddac044,fraud,apparel,1490,2,2579.76,True,True,1
pay_5b3b780ffc184a,fraud,apparel,814,0,4038.93,True,False,0
pay_9eeaa33c88a944,damaged,digital_services,575,1,3569.61,True,False,0
pay_257be29b324b4b,not_received,digital_services,667,0,2351.05,True,False,0
pay_d04b353c909647,not_received,electronics,1339,0,24731.8,False,False,0
pay_35100164aec042,not_received,digital_services,655,0,4571.59,True,False,0
pay_eb6a0dd5474343,not_received,apparel,837,2,3963.13,True,False,0
pay_b7ebd8047ba549,fraud,apparel,426,0,3728.61,False,False,0
pay_c201bf58a5f74f,not_received,apparel,931,1,2651.89,True,False,0
pay_4dadfa34b4884f,not_received,electronics,853,2,26004.68,True,False,0
pay_5b82a0e4a9d14b,not_received,digital_services,404,0,3429.44,True,False,0
pay_e9c4f24b20bb4f,not_received,apparel,400,0,1779.13,True,False,0
pay_3d1c27950d704f,fraud,digital_services,534,0,2390.28,True,False,0
pay_0a9c1703084248,fraud,digital_services,1144,1,3199.56,False,False,0
pay_4aea252d487f4e,fraud,apparel,666,0,2332.98,True,False,0
pay_2abad051e2fa4b,not_received,electronics,1071,0,29044.9,True,False,0
pay_1e20ed03d24341,not_received,electronics,1141,0,34276.83,True,False,0
pay_739bc4bf24094d,fraud,electronics,388,0,24873.83,True,False,0
pay_3a418f6023f04f,damaged,electronics,4,4,24200.44,False,True,1
pay_b2c8f22937b848,not_received,digital_services,1215,0,4282.26,True,False,0
pay_378c33a7f9be4d,fraud,electronics,6,2,26326.27,False,True,0
pay_5f034d1cec1d45,fraud,digital_services,1314,0,2669.52,False,False,0
pay_d629514a0b8345,fraud,apparel,391,0,2389.11,True,False,0
pay_55dffbcb647f4d,fraud,electronics,879,0,23470.79,True,False,0
pay_7b245846954e47,fraud,apparel,7,2,5196.53,False,True,0
pay_d38965742c5543,fraud,apparel,1215,1,2394.77,True,False,0
pay_17824b73cbca4d,fraud,apparel,596,0,3055.41,True,False,0
pay_678e099bdec143,fraud,apparel,819,0,1485.35,True,False,0
pay_78d4ff10bcf04b,damaged,electronics,12,5,31296.24,False,True,1
pay_a0581dc507874a,fraud,apparel,340,0,3307.73,True,False,0
pay_657ef55905cb4e,not_received,apparel,440,0,1439.26,False,False,0
pay_d5b89850bbb14b,not_received,apparel,9,3,4438.01,False,True,0
pay_12aa8671e1bd48,damaged,digital_services,363,0,2176.72,False,False,0
pay_0394bebea14b43,fraud,electronics,1393,2,29341.34,True,False,0
pay_3b6860edbbd04a,fraud,electronics,951,0,30316.28,False,False,0
pay_865023c674c746,damaged,apparel,70,0,3359.09,True,False,0
pay_68e95b183e7641,damaged,digital_services,996,1,2372.82,True,False,0
pay_e5f6d58de85f41,damaged,apparel,102,1,4177.47,True,False,0
pay_4d05fcd25a9743,fraud,electronics,776,2,22560.7,True,False,0
pay_734edcda8ae844,fraud,electronics,100,0,24806.56,True,False,0
pay_6f0706052f104b,not_received,electronics,5,4,23900.22,False,False,0
pay_14361e3559ff4e,damaged,electronics,1249,0,30041.06,True,False,0
pay_cf4171cf0c3b4a,not_received,apparel,1384,0,3551.83,True,False,0
pay_a0ef4ae3ef4e46,not_received,apparel,249,0,3016.18,True,False,0
pay_79ec65b0024c43,fraud,electronics,1236,0,28903.57,False,False,0
pay_73cea596bfb041,not_received,electronics,206,1,24827.3,False,False,0
pay_c4f4aa99bdd34d,fraud,electronics,389,0,33338.99,True,False,0
pay_ba5bcf26abfd49,fraud,digital_services,675,0,3116.54,True,False,0
pay_9c42616137f140,not_received,apparel,3,6,2147.9,False,True,0
pay_15fc05fb8a884f,not_received,digital_services,1288,0,1865.95,True,False,0
pay_6f110e75284646,fraud,apparel,466,0,2381.05,True,False,0
pay_92f490c0f16547,fraud,electronics,169,0,24141.91,True,False,0
pay_e025768c3b334f,not_received,electronics,517,0,28817.97,True,False,0
pay_2e61aa34927042,fraud,apparel,1338,0,3352.99,True,False,0
pay_c78ab280375643,not_received,apparel,631,0,3342.37,True,False,0
pay_347a09a65b2443,fraud,apparel,1,4,4060.31,False,True,0
pay_dd3ac846035449,not_received,apparel,1104,1,2546.36,True,False,0
pay_bb9252bf8d8e4c,not_received,apparel,727,0,2253.24,True,False,0
pay_a80913c9dd404a,fraud,electronics,1339,0,20615.51,False,False,0
pay_059fe0cc1e4243,fraud,digital_services,349,0,1469.77,True,False,0
pay_013b4942d1364a,fraud,apparel,663,2,7298.28,True,False,0
pay_e8380b2526d14a,fraud,electronics,1232,0,21592.93,True,False,0
pay_cb7b10ba96c144,damaged,apparel,161,0,5601.88,True,False,0
pay_2615147bc3ca42,fraud,apparel,629,0,3592.41,True,False,0
pay_3f1fa21bca464b,damaged,electronics,1050,0,16531.09,True,False,0
pay_12cf32c70bdc45,fraud,apparel,229,0,2337.76,True,False,0
pay_38b8da28b21f4e,not_received,electronics,636,0,22996.76,False,False,0
pay_2a316ca37d194b,not_received,electronics,13,6,32753.54,False,True,1
pay_b7a9c905fbc548,not_received,electronics,1498,0,26823.63,True,False,0
pay_364fd906940448,not_received,electronics,11,4,23111.59,False,True,1
pay_7a638300245c4f,not_received,electronics,1368,0,24298.74,True,False,0
pay_f59a8a46f1b74d,fraud,electronics,1042,0,31474.87,True,False,0
pay_075ae9e686f640,damaged,digital_services,102,0,3455.26,True,False,0
pay_4f15396a0b6146,damaged,electronics,881,0,27132.29,True,False,0
pay_63505f0a3e1e4b,damaged,apparel,7,4,2820.75,False,True,1
pay_62bee0ebf0c142,fraud,electronics,972,0,33311.02,True,False,0
pay_5c5f3162c8f443,not_received,apparel,1055,0,2859.16,True,True,1
pay_fad7df8cfecc4b,damaged,electronics,708,0,24005.42,True,True,1
pay_afa686cc27cc43,fraud,electronics,50,0,23768.53,True,False,0
pay_c371f424ccef43,fraud,electronics,491,1,24634.51,True,False,0
pay_b4a3250e51964c,not_received,digital_services,379,2,4010.04,True,False,0
pay_0b20d52642f048,not_received,apparel,843,0,3037.13,False,False,0
pay_964aefdd601c40,damaged,electronics,144,0,24150.47,True,False,0
pay_6bf3e882d9f044,fraud,electronics,400,0,34955.99,True,False,0
pay_49e3c01d756f4a,not_received,electronics,6,3,21760.35,True,True,1
pay_3f8687c2e30142,fraud,electronics,1,6,21347.18,False,True,0
pay_7a48d7ecb5f843,fraud,apparel,1384,0,2886.71,True,False,0
pay_8d27d46f615d41,fraud,apparel,4,5,3794.17,False,True,0
pay_683797f95e3640,damaged,apparel,258,0,2257.52,True,False,0
pay_9701ff827dd144,not_received,electronics,805,1,35647.29,False,False,0
pay_5908b57c2ba64f,not_received,apparel,1185,0,3644.43,True,False,0
pay_8f5a4f98fc8343,fraud,electronics,516,1,26774.15,True,False,0
pay_dbb664e897294f,damaged,electronics,647,0,21010.8,True,False,0
pay_b9d51ac5dbd446,fraud,apparel,168,0,3727.79,True,False,0
pay_814d91ee0d6545,damaged,electronics,178,0,24628.52,True,False,0
pay_bfb79856741a44,not_received,apparel,417,0,3679.27,True,False,0
pay_a609c0e63c0c4f,fraud,digital_services,1292,0,2658.62,True,False,0
pay_b1dfd93723cb4f,not_received,electronics,1322,0,27915.76,True,False,0
pay_b3a8e55aa0364f,fraud,digital_services,1340,0,3748.54,True,False,0
pay_4a5a88e4b3254a,not_received,electronics,1441,0,28040.53,True,False,0
pay_c6f10ed1230442,not_received,electronics,284,0,15779.95,True,True,1
pay_04bcf448afbd4f,fraud,apparel,1325,0,4875.59,True,False,0
pay_4173ee941cec43,damaged,apparel,912,0,2135.44,True,False,1
pay_835d5edeea5144,fraud,electronics,133,0,21832.14,True,False,0
pay_cbbd939e67ad4a,not_received,apparel,1043,2,2764.34,True,False,0
pay_57aa14f90e1c45,damaged,digital_services,78,0,2355.66,False,False,0
pay_6f6ed901e0d349,not_received,electronics,327,0,26097.02,True,False,0
pay_cd11fbc78d4145,fraud,digital_services,371,0,2080.53,True,False,0
pay_be043ce3e7b145,damaged,apparel,341,0,4570.87,True,False,0
pay_daee2a918d0949,not_received,digital_services,3,6,2257.72,False,True,1
pay_c582f4fa296c49,fraud,electronics,993,0,15099.06,False,False,0
pay_9ddf41971a4141,fraud,apparel,911,0,3881.94,True,False,0
pay_d17d67cc8ef740,not_received,electronics,1287,0,24045.08,True,False,0
pay_4585f1a1d28343,not_received,digital_services,11,2,2590.42,False,False,0
pay_bc977ba598444f,not_received,apparel,7,3,2527.61,False,False,0
pay_7ae6532e28aa49,damaged,electronics,348,0,15426.93,True,False,0
pay_9849ecea415341,not_received,electronics,564,0,25652.88,True,False,0
pay_034300267ecd43,fraud,digital_services,395,0,2572.34,True,False,0
pay_2f15b4fffb1e49,fraud,apparel,330,1,2083.67,True,False,0
pay_4b886638bede4f,fraud,electronics,927,0,20721.18,True,False,0
pay_6385beb63b4b48,not_received,apparel,1056,0,3289.06,True,False,0
pay_d1352e8d4d8049,fraud,digital_services,1300,0,4723.17,True,False,0
pay_09b21ab9a2424c,not_received,electronics,818,0,20234.83,True,False,0
pay_6edd3946092e4f,not_received,electronics,1317,0,31713.09,True,False,0
pay_e6ddb9af44f746,damaged,digital_services,516,2,1803.41,True,False,0
pay_c2932ff29b1e40,fraud,electronics,248,0,29371.71,True,False,0
pay_293e78c37a594d,damaged,electronics,577,1,25159.1,True,False,0
pay_8e380e9359a643,fraud,electronics,781,0,28353.65,True,False,0
pay_0a1e0f55a5db45,damaged,digital_services,653,1,2690.12,True,False,0
pay_26d7af079df941,fraud,electronics,1382,0,27465.85,True,False,0
pay_7239544ee8df4e,fraud,apparel,850,0,3034.71,True,False,0
pay_f5da6d1e3bc948,not_received,digital_services,142,0,2384.06,True,False,0
pay_e24e484f7dec47,fraud,electronics,259,0,29044.37,True,False,0
pay_66b936ac4c7848,fraud,digital_services,977,1,4436.48,True,False,0
pay_3d5b0ead289249,not_received,apparel,778,0,4536.78,True,True,1
pay_5a65c3f7f39247,not_received,apparel,423,0,1569.96,True,False,0
pay_7fc65be667244a,not_received,electronics,1278,0,23371.13,True,False,0
pay_7084a342381f42,not_received,apparel,978,0,3824.95,True,False,0
pay_e421b89af5e249,not_received,electronics,1429,0,26078.29,True,False,0
pay_aa416594a0e048,fraud,electronics,1199,2,27866.97,True,False,0
pay_2db5e06e438341,fraud,digital_services,1336,0,2512.34,True,False,0
pay_53a405eea16349,fraud,electronics,955,0,24985.55,True,False,0
pay_15437e530ede4d,damaged,digital_services,1127,0,2494.73,True,False,0
pay_97722e2fe18a40,not_received,electronics,325,0,27742.78,True,False,0
pay_6f936a4337504b,not_received,electronics,1157,0,33530.32,False,True,0
pay_274d58f978f84e,not_received,digital_services,7,3,4355.4,False,True,0
pay_f2c0165c60f641,damaged,electronics,6,3,21194.42,False,False,0
pay_5cb75a6c10f14c,fraud,digital_services,7,4,1013.1,False,False,0
pay_21649041421f4f,not_received,apparel,680,0,3666.08,True,False,0
pay_4931132b8cdb40,not_received,electronics,700,2,27943.84,True,False,0
pay_1404d3edb01644,not_received,apparel,2,6,3569.91,False,True,0
pay_d1bdcd71ecff45,fraud,electronics,695,0,24748.53,True,False,0
pay_576d42e2b8024e,damaged,electronics,2,6,29305.52,False,True,1
pay_08f4e7b527964b,damaged,apparel,1393,1,1745.58,True,False,0
pay_a8a95b4b73cc48,not_received,electronics,1,4,21771.25,False,True,0
pay_add57b6ae6bb48,not_received,electronics,923,0,21324.29,True,False,0
pay_3248be022cf747,damaged,digital_services,492,0,4441.43,True,False,0
pay_69d9b0eaf00f4a,not_received,digital_services,527,0,3435.61,True,False,0
pay_aac3a55382b84b,fraud,apparel,1466,2,4448.45,True,False,0
pay_8095023bdf024d,not_received,apparel,956,0,5712.42,True,False,0
pay_bc11a723c92e48,not_received,apparel,1447,0,3454.43,True,False,0
pay_22dcd858d69446,not_received,apparel,79,0,3091.61,True,False,0
pay_41af199302bb4e,not_received,apparel,875,0,3973.26,True,False,0
pay_2eee02a4f53a4b,damaged,digital_services,1307,0,772.11,True,False,0
pay_d8abfa43be8b4c,damaged,electronics,550,0,24520.88,True,True,1
pay_a6da480faa3b42,not_received,apparel,373,0,3446.31,True,False,0
pay_4ab4c54ff98a48,fraud,digital_services,1282,1,3160.83,True,False,0
pay_4f8261faf1d144,damaged,apparel,10,5,1331.78,False,True,0
pay_c624278b50ab44,damaged,digital_services,570,0,4248.55,True,False,0
pay_7671b1355a224f,fraud,electronics,80,0,19786.17,True,False,0
pay_064cf5b51e8e4f,damaged,electronics,338,2,20850.26,True,False,1
pay_fd389eef749045,damaged,digital_services,1221,1,2301.0,True,False,0
pay_2dc65d2bbe6a47,not_received,electronics,477,0,16889.4,False,False,0
pay_c355b8793b104c,not_received,apparel,1368,0,3713.7,True,False,0
pay_5e24cfede2784b,fraud,electronics,1025,1,19372.87,True,False,0
pay_5c3213be5bd741,fraud,apparel,1149,0,2594.22,False,False,0
pay_d1bea9d4c1984e,fraud,apparel,406,0,3811.54,False,False,0
pay_3190980a8f534b,damaged,electronics,818,0,38847.5,True,False,0
pay_e70c2445368341,fraud,apparel,1281,0,2946.05,False,False,0
pay_14fbfc0f84b749,fraud,apparel,825,1,2746.66,True,False,0
pay_d92a7c6e8a6449,fraud,electronics,793,0,30608.34,True,False,0
pay_a4f8957858254d,not_received,apparel,67,0,2864.58,True,False,0
pay_d60622a28bec45,damaged,apparel,1235,0,2685.68,True,False,0
pay_f100a311e4574f,fraud,electronics,675,2,25430.49,True,False,0
pay_e7bed238f07f49,fraud,apparel,6,4,1633.94,False,False,0
pay_0a25848b40894a,not_received,electronics,652,0,30862.32,True,False,0
pay_cae825818b4e48,not_received,electronics,7,3,24940.04,False,True,0
pay_dc3d9990a8214f,fraud,apparel,909,2,4968.65,True,False,0
pay_4e8080ed3bc943,not_received,apparel,1,2,3632.89,False,True,0
pay_a30b9bbe549143,fraud,digital_services,1280,0,2115.9,True,False,0
pay_a6ea4bdbf91043,fraud,electronics,993,0,24700.12,True,False,0
pay_0477f3dd5dbf4e,not_received,electronics,367,0,21443.36,True,False,0
pay_6a2a63c68ef84e,not_received,electronics,717,0,28853.49,False,True,0
pay_2352f395942545,damaged,apparel,691,0,2705.05,True,False,0
pay_f2a333a3b6d440,fraud,apparel,1371,0,4326.01,True,False,0
pay_571211ac8e4144,not_received,apparel,71,1,2871.53,True,False,0
pay_251f04bc951847,not_received,electronics,3,2,32168.68,False,True,0
pay_810c8b1ae0124c,fraud,digital_services,172,2,2577.28,True,False,0
pay_8414c94481bd43,not_received,apparel,561,0,2416.84,True,True,1
pay_11549da2adb147,fraud,digital_services,862,0,1456.03,True,False,0
pay_73ce270a9c154d,damaged,electronics,214,0,34974.29,True,False,0
pay_c637604b0f3c43,fraud,apparel,431,0,4409.02,True,False,0
pay_9efd4cd250444e,not_received,apparel,1377,0,3072.23,True,False,0
pay_8d87f69672484b,fraud,apparel,57,0,4962.32,True,False,0
pay_f15ac30e404f47,damaged,electronics,740,0,27574.65,True,False,0
pay_a3fed4643a3c4f,not_received,digital_services,299,0,5291.06,True,False,0
pay_fd28cbea9b5b45,not_received,electronics,1306,1,22805.28,True,False,0
pay_2d6c1e96a05d40,fraud,electronics,4,5,23508.55,False,True,1
pay_8816f84921ea4c,not_received,apparel,1423,0,2805.53,True,False,0
pay_07fd131e34f944,fraud,apparel,323,0,2854.56,True,False,0
pay_00e6df056cf248,damaged,apparel,1,4,4689.31,False,True,1
pay_32c0ded76b8940,fraud,electronics,1412,0,30668.19,True,False,0
pay_2e0dbae2045245,fraud,apparel,227,0,2672.36,False,False,0
pay_1d9ec68018014f,fraud,apparel,1242,0,4513.1,True,False,0
pay_b24eadf0c4a745,not_received,electronics,183,0,22328.38,True,False,0
pay_c2e58bbf75da4b,not_received,digital_services,737,1,3169.83,True,False,0
pay_36f2bbab069946,fraud,digital_services,8,6,2962.11,False,True,1
pay_3d9303245e234a,not_received,apparel,490,0,2567.65,False,False,0
pay_f77b5db34f2e4f,not_received,electronics,639,0,27719.98,True,False,0
pay_a63379fa515843,not_received,digital_services,1227,1,4461.92,True,False,0
pay_8be5ffbf604a4b,not_received,electronics,239,0,24183.64,True,False,0
pay_aecb4e33c11947,not_received,electronics,1205,0,16611.75,True,False,0
pay_82ee2dbbb1034b,not_received,electronics,8,3,26632.41,False,True,0
pay_2dbf6216406c45,fraud,electronics,167,0,23662.14,True,False,0
pay_fcc37fa7c8ca40,fraud,digital_services,10,3,3814.75,False,True,1
pay_3067bb479e1b49,damaged,apparel,852,0,3820.11,True,False,0
pay_796d638b750c4c,damaged,digital_services,762,0,2747.9,True,False,0
pay_a1d4a3492b574f,fraud,electronics,606,0,23538.59,True,False,0
pay_cfef77c549324b,fraud,apparel,1,6,1610.01,False,True,1
pay_e5a3802204cd42,not_received,digital_services,2,6,3519.67,False,True,0
pay_83a8937cb9034f,not_received,digital_services,887,0,2978.67,True,False,0
pay_9ef8d577524c49,fraud,apparel,1429,0,2213.87,True,False,0
pay_8e5891b0f9ee4c,fraud,electronics,421,0,31174.14,True,False,0
pay_1357f826b5dd4a,not_received,apparel,276,0,4078.71,True,False,0
pay_d89dfa8d659249,not_received,electronics,10,2,24643.15,False,True,0
pay_3f0cdde33d3745,fraud,apparel,4,6,2880.53,False,True,1
pay_073f585ad0bb49,fraud,apparel,1357,0,2679.61,True,False,0
pay_0dbfc79993a240,fraud,apparel,1173,1,3188.73,True,False,0
pay_812f683b26d146,not_received,apparel,13,3,3138.34,False,True,1
pay_7cefaecbd10b45,fraud,apparel,435,0,2168.36,True,True,1
pay_bd97970bfb8a46,fraud,electronics,462,1,29249.6,True,False,0
pay_6feae955e57942,not_received,apparel,671,0,3955.12,True,False,0
pay_4b531a0a1cec4d,fraud,apparel,983,0,2437.14,False,False,0
pay_17380eab61094b,not_received,electronics,865,0,19407.26,True,False,0
pay_99f09685ac0540,fraud,electronics,178,0,21241.27,True,False,0
pay_f0a0430fe72c4a,fraud,electronics,311,2,23466.95,True,False,1
pay_9c2666ecd2bd43,fraud,apparel,512,0,1820.62,True,False,0
pay_3401a88d213b46,not_received,digital_services,12,5,2967.51,False,True,1
pay_6f0f9b09535046,damaged,electronics,1324,0,26872.8,False,False,0
pay_ed2689dc3e4346,damaged,apparel,627,0,2652.59,True,False,0
pay_b303e652c69a4e,fraud,apparel,1438,0,205.65,False,False,0
pay_eabd6e52969941,not_received,electronics,1489,0,20335.64,True,False,0
pay_be2fb46de48e40,fraud,digital_services,1,6,2180.76,False,True,1
pay_a40bdc4fb8d648,fraud,electronics,1447,0,22852.95,True,False,0
pay_7301274e246147,damaged,digital_services,155,0,3543.2,False,False,0
pay_f29c618f109546,fraud,electronics,985,0,26198.57,True,False,0
pay_0d5c4a6eb7d74e,fraud,electronics,1229,0,28107.42,True,False,0
pay_f280a3c5ce0948,fraud,electronics,278,0,12061.68,True,False,0
pay_d35be4754d1146,fraud,electronics,1385,0,24823.5,True,False,0
pay_c0470746191441,fraud,digital_services,411,1,3656.38,True,False,0
pay_8fa6fb467ad349,not_received,electronics,9,5,30392.85,False,True,1
pay_183eb0b19fdb47,not_received,apparel,1050,0,3606.59,True,False,0
pay_a5913a4da67a43,damaged,electronics,53,0,30455.9,True,False,0
pay_4f8a631114924a,damaged,digital_services,733,2,3932.96,True,False,0
pay_3ce1c723d5e340,fraud,apparel,11,4,2546.61,False,True,0
pay_29fffd90210946,fraud,apparel,1423,1,4074.63,True,False,0
pay_2ad10288b2f64d,fraud,electronics,475,1,31974.28,True,False,0
pay_ada88780eaa645,not_received,apparel,989,0,5081.78,True,False,0
pay_cbbdf7542f9a46,fraud,electronics,945,0,20460.84,True,False,0
pay_a9ed7b5b9ab34e,not_received,electronics,1491,0,23432.08,True,False,0
pay_77c4e93adefe4f,not_received,apparel,944,0,4148.35,True,True,1
pay_f2b69cb5697d4e,not_received,digital_services,1078,0,755.0,True,False,0
pay_dc4deb9fb50349,not_received,digital_services,30,0,1708.65,True,False,0
pay_e5c88cdb60e74e,fraud,apparel,1111,0,2137.15,True,False,0
pay_a5a4b580001b4c,damaged,apparel,609,0,2018.94,True,False,0
pay_1e0a4517ec614a,not_received,digital_services,11,3,3415.16,False,True,0
pay_78dcde42b2d848,fraud,apparel,449,0,3459.61,True,True,1
pay_74dfbd18f6de44,damaged,apparel,304,0,3620.28,True,False,0
pay_e87be26ddda14b,not_received,digital_services,230,0,1673.25,True,True,1
pay_345e33d1ba9f44,damaged,electronics,199,0,29457.41,True,False,0
pay_773ff85455cd4c,not_received,electronics,1350,0,31613.16,True,False,0
pay_fddf7d7ed98449,not_received,apparel,49,1,1657.52,True,False,0
pay_1a23bcb28c8d40,fraud,electronics,11,3,27151.75,False,True,1
pay_3908c739962243,fraud,electronics,470,0,23038.03,False,False,0
pay_f8edbf8fef8e40,not_received,apparel,257,0,2265.97,True,False,0
pay_060d80dd714443,not_received,apparel,609,0,4587.09,True,False,0
pay_433ef0193a3e48,fraud,digital_services,1019,0,4504.7,True,False,1
pay_c6a8d8e679cc4d,fraud,electronics,11,5,24645.35,False,False,0
pay_40658253c53a4a,damaged,electronics,1429,0,35248.16,True,False,0
pay_216771f245354e,damaged,electronics,290,2,26703.23,False,False,0
pay_5ad91014bbe84b,not_received,apparel,12,2,3502.81,False,False,0
pay_afa21d6e4bdd49,fraud,apparel,520,1,2121.71,False,False,0
pay_e1cec75de2254e,fraud,apparel,259,2,4664.97,True,False,0
pay_beadd2e5f24741,fraud,electronics,880,0,26293.91,True,False,0
pay_70b205875c4d43,damaged,apparel,991,0,3125.18,True,False,0
pay_ecb74ab4354f4f,fraud,apparel,215,0,3337.58,True,False,0
pay_5a7657f9f09c45,not_received,electronics,1282,0,28981.33,False,False,0
pay_2cbf4f352e4d43,fraud,apparel,392,0,4032.93,False,False,0
pay_4b1cdca6edd646,not_received,apparel,1384,0,3844.12,True,False,0
pay_e46a0e259e0f4d,not_received,digital_services,93,0,2856.38,True,False,0
pay_092edfe2adaf46,damaged,digital_services,411,0,3668.79,True,False,0
pay_5bd7452666cf4a,fraud,apparel,1009,0,3298.95,True,False,0
pay_691ef70c742e48,fraud,digital_services,7,6,2728.45,False,True,1
pay_b506e35ecb8146,fraud,apparel,1,4,3542.03,False,True,0
pay_8d555475cd764a,damaged,digital_services,1052,0,4372.59,True,False,0
pay_2acf2033b09648,damaged,electronics,9,6,18512.04,False,True,1
pay_2a7872e7e8a541,not_received,apparel,13,3,3881.91,False,True,0
pay_77b42631ca4d4a,not_received,apparel,1318,0,4370.09,True,False,0
pay_5126600160e949,not_received,apparel,458,0,3747.07,False,True,0
pay_00db1c163ddb4f,fraud,electronics,1380,0,18907.3,True,False,0
pay_2c55552ac2d140,damaged,electronics,1173,1,23181.58,True,False,0
pay_f22c8d2b4af84e,not_received,electronics,1242,0,29318.55,True,False,0
pay_08090b33d12c4c,fraud,electronics,1293,0,19143.22,True,False,0
pay_9ea591f4148747,not_received,electronics,351,0,19534.37,True,False,0
pay_c4e7c6d1d69047,fraud,apparel,116,0,2046.88,True,False,0
pay_e159320972ed4d,fraud,digital_services,398,0,2601.72,False,False,0
pay_e40eda0cdc2446,not_received,apparel,1378,0,1527.73,True,True,1
pay_ba22daebf0cf4a,fraud,digital_services,445,0,1992.02,True,False,0
pay_313055f0888740,not_received,digital_services,1,2,3979.16,False,True,0
pay_f37ea5aa72314e,fraud,apparel,316,1,5299.85,True,False,0
pay_aae33c4aa36d4f,fraud,electronics,2,6,22211.62,False,True,0
pay_d3affae9d41f4d,fraud,electronics,33,0,20024.46,False,False,0
pay_444b5e7af7f44b,fraud,digital_services,932,0,3212.03,False,False,0
pay_07abec1ca06047,not_received,electronics,1085,0,28645.53,True,False,0
pay_7018a69e9ce642,fraud,apparel,382,0,1526.58,True,False,0
pay_ec1ce1e26a3c49,not_received,electronics,35,0,27123.48,True,False,0
pay_7a5ff384d53945,not_received,digital_services,383,0,3735.7,True,False,0
pay_310af1868e574b,not_received,apparel,4,5,3436.58,False,True,1
pay_f652c9cc2d1847,damaged,digital_services,80,0,3141.31,True,False,0
pay_ad9ba5efa9d342,not_received,electronics,556,0,22089.25,True,False,0
pay_e046d1d0ff2546,fraud,electronics,6,3,27503.96,False,False,0
pay_7a96bcc1bf3843,fraud,apparel,109,1,3339.42,False,False,0
pay_cbc6951316ad41,fraud,digital_services,1074,0,3547.72,True,False,0
pay_2f7c8be0deec43,not_received,apparel,627,0,2798.69,True,False,0
pay_db11839fe00548,fraud,digital_services,1150,0,2681.57,True,False,0
pay_b937fe80021f4d,not_received,apparel,896,0,4163.02,True,False,0
pay_515ca85e369146,not_received,apparel,438,0,3464.03,True,False,0
pay_903fe7fbf01641,fraud,apparel,709,0,6432.5,True,False,0
pay_849212f5305c4b,not_received,electronics,823,1,20051.21,True,False,0
pay_899c1e3765c346,fraud,electronics,1200,0,28067.59,True,False,0
pay_6bd7047da9174e,fraud,digital_services,1457,0,3098.51,True,False,1
pay_68a3908113a04f,not_received,digital_services,4,3,2501.0,True,False,0
pay_17ec252a94324b,not_received,apparel,455,0,2001.78,False,False,0
pay_4fef987d288548,not_received,electronics,396,0,12699.61,True,False,0
pay_61eb634d293c43,not_received,electronics,641,0,20215.14,True,False,0
pay_80101f8c618f46,fraud,digital_services,1430,0,4529.51,True,False,0
pay_f27b6e8d2d714f,damaged,electronics,13,3,34011.47,False,True,1
pay_cd607c8a2e954e,not_received,digital_services,1478,2,2902.91,False,False,0
pay_d25e68f4922346,not_received,electronics,401,1,20003.57,True,False,0
pay_67bd087cdb9145,fraud,apparel,586,0,3074.81,True,False,0
pay_ba82aac31af544,not_received,digital_services,1011,0,3245.51,True,False,0
pay_fd6d4036240e4d,fraud,electronics,450,0,23881.18,False,False,0
pay_f780b195c4dd41,fraud,electronics,184,0,30979.94,True,False,0
pay_961949920b2442,damaged,digital_services,893,0,1487.96,True,False,0
pay_4d714334efdd45,fraud,apparel,843,0,3690.21,True,False,0
pay_021c21e833ef46,damaged,apparel,1267,0,2153.25,True,False,0
pay_df0649c480bd4a,not_received,apparel,549,0,2209.4,True,False,0
pay_5187f348ced147,fraud,electronics,5,5,29271.8,False,True,1
pay_1fb9ccd4a46546,not_received,electronics,861,0,28865.83,True,False,1
pay_f7ecee3a0cca4e,damaged,apparel,922,0,2255.99,True,False,1
pay_b4bb66ec80db4a,not_received,electronics,445,0,24895.42,True,False,0
pay_86b1d7004f8e4d,damaged,apparel,1355,0,1387.79,True,False,0
pay_7511cd222dd343,not_received,apparel,1483,0,1915.19,True,False,0
pay_131e4a70066b44,not_received,electronics,435,0,23861.72,True,False,0
pay_a806e21ddd0841,damaged,apparel,429,0,5380.59,True,False,0
pay_428dc7957ff14e,fraud,electronics,410,0,26454.77,True,False,0
pay_10bfecf718a444,not_received,electronics,1165,0,25636.7,True,False,0
pay_457611b958324e,fraud,apparel,1081,0,2705.0,False,False,0
pay_b3949115cb3140,damaged,digital_services,146,0,2736.56,True,False,1
pay_bbb1ec505b9245,damaged,electronics,5,2,24546.24,False,True,1
pay_2d292560af734a,fraud,apparel,705,0,3128.13,True,False,0
pay_658aa56c96af4d,not_received,apparel,794,0,2056.65,True,False,0
pay_f1c920452c124a,damaged,electronics,493,0,19847.6,False,False,0
pay_f04cb97a957e44,fraud,apparel,1024,0,3897.27,True,True,1
pay_b8451296081147,not_received,digital_services,766,0,2770.0,True,False,0
pay_9ba614a809db46,damaged,apparel,6,3,2765.63,False,True,1
pay_f67ead682caa4b,fraud,electronics,836,2,20644.59,True,True,1
pay_a0fc169dc89946,not_received,apparel,3,5,3298.41,False,False,0
pay_2c15953fbd0446,fraud,apparel,961,1,3080.8,True,False,0
pay_c5b6c8874d5142,damaged,electronics,279,0,29930.06,False,False,0
pay_f069f797da5349,damaged,electronics,1239,0,21402.26,True,False,0
pay_69499d2c1e204c,damaged,electronics,1101,0,19482.02,False,True,1
pay_a1ddf8664f4349,not_received,electronics,1360,0,18223.21,True,False,0
pay_bc22703cb95d4f,damaged,electronics,705,0,16410.57,True,False,0
pay_1a8140e5321949,damaged,apparel,334,0,3058.63,True,False,0
pay_f9a40538ac794d,fraud,electronics,13,6,24128.27,False,True,1
pay_7f2750a94f044d,damaged,digital_services,1111,0,3613.33,True,False,0
pay_3b785d150f6746,fraud,apparel,767,2,870.81,True,False,0
pay_2e271dcf313a4a,not_received,digital_services,4,6,2440.96,False,True,0
pay_8e7c746604d144,fraud,apparel,657,0,3315.01,True,False,0
pay_d46d6465e9ea4d,fraud,electronics,1018,0,20216.04,True,False,0
pay_bd97a6f7382c4d,fraud,apparel,148,0,1911.47,False,False,0
pay_c9a1f9ef1a6b4f,not_received,digital_services,1269,0,2148.34,True,False,0
pay_0503f363d9b340,fraud,electronics,10,6,25796.45,False,False,0
pay_5e25a6c271dd45,not_received,electronics,5,3,31502.38,False,False,0
pay_829251e8516242,fraud,electronics,884,0,36186.22,True,False,0
pay_2046322274dc4f,fraud,electronics,11,2,12618.37,False,True,0
pay_e1558ee17a1246,not_received,electronics,187,0,28481.27,True,False,0
pay_0d6cf57bc5c142,not_received,electronics,1427,2,18391.88,False,False,0
pay_324442cc59df49,fraud,electronics,179,0,24432.91,True,False,0
pay_1ed93259b05548,not_received,apparel,888,0,4636.17,True,False,0
pay_320265458d6b42,damaged,electronics,1,6,17208.56,False,True,1
pay_63f634934dcf47,not_received,apparel,92,0,3548.49,True,False,0
pay_488aff2445df47,fraud,apparel,437,0,3600.81,True,False,0
pay_09400e62ee464e,fraud,apparel,1048,0,3760.22,True,True,1
pay_51ca0b62366a41,damaged,electronics,207,0,20935.76,True,False,0
pay_20ce1ab1052349,fraud,apparel,254,0,3125.07,False,False,0
pay_c0574b858c384f,damaged,electronics,1467,0,28070.84,True,True,1
pay_28a35a72ccc34a,not_received,apparel,1139,0,5015.65,True,False,0
pay_576ab31a1f0945,damaged,apparel,420,0,5817.69,True,False,0
pay_76b164ecf44048,not_received,electronics,471,2,10710.67,True,False,0
pay_8f74c3db8d5a45,damaged,electronics,486,0,25614.8,False,False,0
pay_7d01c149a0584c,fraud,electronics,1213,0,27145.13,True,False,0
pay_992fdb8f07ea4f,not_received,electronics,238,0,24402.78,True,False,0
pay_da8146d0a4ad45,not_received,electronics,1463,0,20242.08,True,False,1
pay_9bcde118c67046,not_received,digital_services,1021,1,1285.03,True,False,0
pay_f2df2f9f7c6d47,not_received,electronics,13,6,27669.18,False,False,0
pay_53127884230448,damaged,apparel,1090,0,2932.39,True,False,0
pay_6a0a8cf9e89341,damaged,apparel,193,1,4039.04,True,False,0
pay_d6fa8bdc4b9546,not_received,apparel,715,0,4336.77,True,False,0
pay_16a38992d25e47,not_received,digital_services,500,0,3291.76,True,False,0
pay_ebfd28c066df49,not_received,digital_services,418,0,2637.17,True,False,0
pay_2bc4242322604a,not_received,apparel,541,0,5248.74,True,False,0
pay_26579a66cf484c,fraud,digital_services,1193,0,1885.89,True,False,0
pay_c5f17a297b564c,fraud,electronics,49,0,17852.83,True,False,0
pay_deca3e22ebe345,fraud,apparel,5,6,2570.22,False,True,1
pay_6ef17b6ee6224b,fraud,digital_services,135,0,3895.46,True,False,0
pay_b95d2617e0db41,fraud,apparel,1051,2,3316.37,True,False,0
pay_94bb2b0a928d4d,fraud,digital_services,502,0,3702.24,True,False,0
pay_621d3a8e9c4a49,fraud,electronics,677,0,27537.73,True,False,0
pay_6e89c5cbb1f84b,fraud,apparel,13,5,2738.56,False,True,0
pay_8d6e010a28ca48,damaged,digital_services,1329,0,1376.17,True,False,0
pay_51f71963f55448,not_received,electronics,502,0,24943.13,True,False,0
pay_43673bd649524e,fraud,apparel,269,0,3831.38,True,False,0
pay_af611e08fe9b4a,not_received,electronics,588,2,14242.0,True,False,0
pay_70f63889dcab45,fraud,apparel,1,2,2414.31,False,True,1
pay_9bd5f75ea60b4a,damaged,digital_services,1061,0,2726.04,True,False,0
pay_e2f380ee97f74b,not_received,electronics,500,1,21796.71,True,False,0
pay_ca394e11e6174a,fraud,electronics,1134,1,25769.31,True,False,0
pay_89fc77a957af45,not_received,electronics,673,0,20480.63,True,False,0
pay_e3d644ef3ba24c,damaged,digital_services,734,0,3046.1,True,False,0
pay_6343eba13f9c49,damaged,apparel,1346,0,2819.44,True,False,0
pay_71446c69132344,not_received,electronics,1233,0,21466.99,True,False,0
pay_1db20e54269d41,not_received,electronics,1028,0,23175.45,True,False,0
pay_05c480e346f549,fraud,digital_services,1317,0,4684.6,True,False,0
pay_3446b630da4840,damaged,digital_services,1470,0,3212.73,True,False,0
pay_e1012b6b40ba4b,fraud,electronics,642,0,26540.34,True,False,0
pay_2e0576b301d647,damaged,electronics,156,0,25855.76,True,False,0
pay_1b666c52a13b47,not_received,apparel,1175,1,3446.81,True,False,0
pay_33f9efe9615b49,not_received,apparel,2,4,2983.39,False,False,0
pay_179d9cb34ac045,not_received,digital_services,1206,0,2604.6,True,True,1
pay_90b53742247942,fraud,apparel,1244,0,2718.33,True,False,0
pay_54fdc52f22cc45,fraud,apparel,325,0,3726.29,True,False,0
pay_d4b54cdba16c40,fraud,apparel,697,0,5926.65,True,False,0
pay_0ec66bc3ac7c42,fraud,digital_services,7,6,3779.23,False,True,0
pay_920ce36e2f5744,not_received,electronics,1360,0,32054.74,True,True,1
pay_1de26e8e9b5b4c,fraud,electronics,351,1,23832.29,True,False,0
pay_3b139058660e4a,fraud,electronics,411,0,35250.41,True,False,0
pay_36a07c9cfde24b,damaged,digital_services,1294,0,3554.24,True,False,0
pay_1c11fe7229a94d,damaged,apparel,780,0,2705.06,False,False,0
pay_50f78418260b48,damaged,electronics,267,0,15847.38,True,False,0
pay_8d15d585acd946,damaged,apparel,9,6,2400.44,False,True,1
pay_fc6d535622e241,fraud,electronics,1406,0,33551.3,False,False,0
pay_1157df95a75349,fraud,electronics,5,6,25779.94,False,True,1
pay_e21a3e84e21341,not_received,electronics,1175,0,25002.06,True,False,0
pay_bdfd8c8ccb5a4e,not_received,apparel,124,0,5143.28,False,False,0
pay_1aae45e3fe4b4a,fraud,apparel,1115,0,3409.2,True,False,0
pay_fa4a4120764146,damaged,digital_services,879,0,2929.77,True,False,0
pay_75af952a791441,fraud,digital_services,123,2,3116.13,True,False,0
pay_3ccb496e1abb4d,fraud,apparel,298,0,3872.03,True,False,0
pay_6a376cf7f14b4e,not_received,apparel,11,4,4221.71,False,True,0
pay_cd19450dc3aa4b,not_received,electronics,5,6,26833.31,False,True,1
pay_402269179dc049,not_received,electronics,394,0,27142.8,True,False,0
pay_babe2500733f4c,fraud,electronics,432,0,27094.08,True,False,0
pay_3a967e478f6541,damaged,apparel,6,4,2633.76,False,True,1
pay_5d95573a3dcd45,fraud,electronics,1144,1,28376.05,True,False,0
pay_d017ef4689bf48,fraud,electronics,1371,1,25319.83,True,False,0
pay_548233eb948c46,damaged,apparel,1489,0,3001.18,True,False,0
pay_26c642bacc0941,damaged,electronics,458,1,25814.58,True,False,0
pay_33588f8bef9e4b,damaged,apparel,1002,0,3200.48,True,False,0
pay_3b96de66fd664c,damaged,apparel,540,0,4188.99,False,False,0
pay_97c699f91c0346,not_received,electronics,1213,0,22264.94,True,False,0
pay_34e7af4949f54b,not_received,electronics,853,0,34090.61,True,False,0
pay_6c3e79eae6ac44,fraud,electronics,1330,0,26916.92,True,False,0
pay_78dcdc6564bd46,not_received,electronics,1214,0,16205.89,False,False,0
pay_bcd5912278cf45,fraud,apparel,1,5,3928.28,False,False,0
pay_0bdbd3eed0e646,fraud,apparel,409,2,3421.78,True,False,0
pay_aefc49d6332148,not_received,electronics,280,0,22641.26,True,False,0
pay_c8fa0988b60f46,not_received,electronics,621,0,18133.29,True,False,0
pay_07682e4eea624d,fraud,digital_services,1056,0,3092.23,True,False,0
pay_12c81383043840,fraud,electronics,116,0,32326.54,True,False,0
pay_ea4285e04dbd45,not_received,electronics,1492,0,20951.23,True,False,0
pay_d826e607e6a448,fraud,apparel,1063,1,2974.22,True,False,0
pay_0d4c559cfc5043,damaged,apparel,573,1,3041.35,True,False,0
pay_9d2e078312c14b,not_received,apparel,265,0,3522.15,True,False,0
pay_e2c5a20e1c6d45,not_received,apparel,362,0,3031.94,True,True,1
pay_217082f9afb94c,not_received,electronics,5,3,18717.74,False,True,1
pay_44b21f17acfc41,damaged,apparel,324,0,100.0,True,False,0
pay_f1171ba864cb4b,fraud,electronics,38,0,26292.85,True,False,0
pay_bff7125b641e47,not_received,apparel,1321,0,2138.08,True,False,0
pay_9cc0580dbca643,not_received,digital_services,1059,0,764.79,True,False,0
pay_bab0c63bca3e48,fraud,electronics,497,1,16887.04,True,False,0
pay_782b2f11d47a47,damaged,electronics,135,0,20197.78,True,False,0
pay_871ac5b4ac8f45,not_received,electronics,8,5,20881.69,False,True,0
pay_2e52987062c94c,not_received,electronics,1481,0,18158.37,True,False,0
pay_e8b9a08a37ee4b,damaged,electronics,981,0,24046.93,True,False,0
pay_a1417826840a4a,damaged,apparel,1189,0,2726.39,True,True,1
pay_47b0887c3bb641,not_received,digital_services,727,0,4410.65,True,False,0
pay_8fab2f18a13a40,damaged,electronics,230,0,29097.5,False,False,0
pay_96d4c11edca04c,not_received,electronics,985,2,31485.56,True,False,0
pay_e30412cbc5404d,not_received,electronics,8,2,12328.34,False,True,0
pay_f972d926272049,not_received,electronics,673,0,38136.01,True,False,0
pay_03f28bcce40b4d,not_received,electronics,306,0,17711.83,True,False,0
pay_e20c0d64a71847,fraud,apparel,597,0,3880.01,True,False,0
pay_b9a05b02bb0548,damaged,electronics,320,0,27350.39,True,False,0
pay_a75c4b9686fb4c,damaged,digital_services,519,0,1675.23,True,False,0
pay_77414963916e47,fraud,apparel,1079,0,3839.68,False,False,0
pay_1b47d0ba17c942,damaged,apparel,1103,0,4234.83,True,False,0
pay_cd9eb8bb0ff349,fraud,electronics,1437,1,15020.06,True,True,1
pay_f4685efb81cd40,fraud,apparel,803,0,2940.21,True,False,0
pay_f1a41e3aaee943,not_received,apparel,1463,2,2780.79,True,False,0
pay_2287967489e04d,fraud,electronics,8,5,28237.38,False,True,0
pay_5371b136e4884f,damaged,electronics,660,0,29265.08,True,False,0
pay_cba5dabba3ab42,damaged,digital_services,473,0,3623.22,True,False,0
pay_0fa61fb563344d,not_received,electronics,10,2,22869.6,False,True,1
pay_3a7a2f54625940,fraud,apparel,1074,0,3710.46,True,False,0
pay_7331702a97524a,fraud,electronics,594,0,22980.62,True,False,0
pay_6d9ee78ad0694d,not_received,electronics,7,2,25779.24,False,True,0
pay_7c4b7c6d734f49,damaged,electronics,237,1,28427.48,False,False,0
pay_ca6664e1a72d47,not_received,electronics,574,0,30699.96,False,False,0
pay_ad7e9746457043,fraud,apparel,133,0,2834.58,True,False,0
pay_bc14a3c953464a,not_received,apparel,5,6,2004.09,False,True,0
pay_d67f033b956f48,not_received,apparel,1108,0,3236.37,True,True,1
pay_6fa0ebc0456b48,not_received,apparel,72,0,2101.97,True,False,0
pay_186d917d2a2742,fraud,electronics,1201,0,26345.26,True,False,0
pay_b996790eb2c448,not_received,apparel,179,0,3376.96,True,False,0
pay_5b0a1a59577843,not_received,apparel,278,0,4348.31,True,False,0
pay_0a0c824147b04d,damaged,apparel,1234,0,3301.04,True,False,0
pay_c95607895d4a45,fraud,apparel,1019,0,3898.8,True,False,0
pay_e0e9e058024a47,not_received,apparel,396,0,2693.52,True,False,0
pay_7192681865994b,damaged,electronics,1,3,31111.19,False,True,1
pay_d69cbb24cae64a,fraud,apparel,1354,0,4100.22,True,False,0
pay_57a2b91b505f45,damaged,electronics,290,1,27393.99,True,False,0
pay_abaecb32370647,not_received,apparel,1057,0,4175.19,False,False,0
pay_7eaef382881049,fraud,electronics,172,1,14516.15,True,False,0
pay_7efa34384d1646,fraud,digital_services,1397,0,1005.36,True,False,0
pay_aa560014784b45,not_received,apparel,11,6,3141.71,False,True,0
pay_212a254e11f74b,fraud,apparel,1297,0,1445.62,False,False,0
pay_aa8e6a4d1d4343,not_received,apparel,125,1,3826.86,True,False,0
pay_1e4d46d60b9b49,fraud,digital_services,106,0,1790.18,True,False,0
pay_c8a7c8696be445,not_received,apparel,1134,0,2101.25,True,False,0
pay_0013d2edda0740,fraud,electronics,98,0,28543.7,True,False,0
pay_147174296b814c,damaged,digital_services,202,0,2533.12,True,False,0
pay_17e68bd1b79645,damaged,apparel,9,6,2537.18,False,True,1
pay_58f703b360c547,damaged,apparel,332,0,2530.28,True,False,0
pay_b7e12ff4d37748,not_received,digital_services,8,2,3248.85,False,True,0
pay_0809967f7d274b,fraud,electronics,1475,0,27512.29,True,False,0
pay_286b3d86891c42,not_received,electronics,970,0,26733.16,True,False,0
pay_8f672545bf1347,fraud,apparel,1176,0,3083.73,True,False,0
pay_7a211c0bab574d,fraud,apparel,526,0,3141.9,True,False,0
pay_ab0e11564f1a47,fraud,apparel,79,0,1407.79,False,False,0
pay_e75b851bac3b40,not_received,apparel,911,0,4362.09,True,False,0
pay_1230d82a6a8641,not_received,apparel,576,0,2430.39,True,False,0
pay_8f2e192d9ac342,not_received,apparel,1442,1,4129.45,True,False,0
pay_e8e23cfc69ca46,not_received,digital_services,874,0,3185.07,True,False,0
pay_39e3c09111f148,fraud,electronics,835,0,21861.38,True,False,1
pay_9b2e7f8eec994a,damaged,apparel,1467,0,4579.62,True,False,0
pay_969b049ffdd848,not_received,apparel,9,6,4083.76,False,False,0
pay_7448ed93e23446,not_received,apparel,428,0,2636.43,False,False,0
pay_0af6debbd6f544,fraud,electronics,368,0,29777.93,True,False,0
pay_c6fb981b576844,not_received,electronics,1155,0,30208.09,False,False,0
pay_680bdde617ac4c,not_received,apparel,1052,2,4852.41,True,False,0
pay_9f6858d2b5be43,fraud,electronics,323,0,22943.6,True,False,0
pay_b27991ba355245,fraud,electronics,263,0,29056.15,True,False,0
pay_7c67b47ab7b04f,not_received,electronics,637,0,35935.45,True,False,0
pay_c639e3edfc954f,not_received,apparel,1265,0,3135.93,True,False,0
pay_caed2e4a84c144,fraud,apparel,13,5,3529.07,False,True,0
pay_cbf93471237c44,damaged,apparel,398,0,1974.25,True,False,0
pay_7987fd35de0244,fraud,electronics,1130,0,23938.33,True,False,0
pay_9e6b3e8877e14b,not_received,apparel,1143,0,917.27,True,False,0
pay_3f28332dc6d54e,damaged,apparel,845,0,3378.11,True,False,0
pay_2e14e045f32740,not_received,electronics,1,4,29043.4,False,True,1
pay_7a55a064ddbb45,not_received,electronics,12,2,23942.84,False,True,0
pay_a7d09cff6ca644,fraud,digital_services,289,0,4208.55,True,True,1
pay_20d25396ba9d40,fraud,apparel,115,0,1791.28,True,False,0
pay_41111249ff5946,damaged,apparel,905,0,952.31,True,False,0
pay_d724255e7a8c46,not_received,electronics,1449,0,37630.15,True,False,0
pay_a54f8118815f40,damaged,digital_services,48,1,3526.13,True,False,0
pay_7c0a5ca4cb2a4e,fraud,apparel,894,0,3730.95,True,False,0
pay_057923a3f01542,fraud,digital_services,733,0,3046.52,False,False,0
pay_bd97ca5d48854b,fraud,digital_services,1439,0,3183.36,False,False,0
pay_2a3ae7773a5149,not_received,digital_services,2,4,2448.76,False,True,1
pay_127f7e35d38046,fraud,digital_services,924,0,2535.21,True,False,0
pay_35ee5f1845d54a,damaged,electronics,1436,0,17183.77,True,False,0
pay_87ad41cb358941,not_received,digital_services,740,1,3274.78,True,False,0
pay_d54265da6aa44c,damaged,electronics,2,2,34303.2,False,True,1
pay_da019a56d39f40,fraud,digital_services,4,2,2626.38,False,True,0
pay_72afcb65da8d4f,damaged,electronics,1074,0,28639.34,True,False,0
pay_2a10dd80ac224f,not_received,apparel,11,5,3431.06,False,True,0
pay_d35fd5bd7be647,not_received,electronics,1149,0,22745.13,True,False,0
pay_0a51f2d365124a,damaged,apparel,921,2,2871.71,True,False,0
pay_310e55a794df41,not_received,electronics,115,1,27196.83,True,False,0
pay_5b038a5323aa4d,not_received,apparel,1160,0,2382.68,True,False,0
pay_2d665163938e40,fraud,digital_services,1247,1,3903.09,False,False,0
pay_df24af57a5dc4e,fraud,apparel,475,0,3607.84,True,False,0
pay_0c2936463f3e40,damaged,electronics,614,0,19826.47,False,False,0
pay_1b83c45ad75044,not_received,apparel,748,0,2084.37,True,False,0
pay_7a1d0b51cef042,not_received,electronics,1353,0,26873.9,False,False,0
pay_a70c4875c2d848,not_received,apparel,1383,0,3272.57,False,False,0
pay_6260814b341b41,fraud,digital_services,169,0,2640.1,True,False,0
pay_ef2ff0097dcd4e,fraud,apparel,71,2,2783.37,True,False,0
pay_87977fb55bc94f,not_received,electronics,145,0,30214.85,True,False,1
pay_d184f0302e234b,not_received,electronics,1,5,19885.18,False,False,0
pay_ab4dd30ac1fd4c,fraud,digital_services,12,4,3590.38,False,True,1
pay_c0a9c6587ec147,not_received,electronics,1236,0,21612.8,True,False,0
pay_7f4bb6ef811b43,fraud,apparel,912,1,3076.42,True,False,0
pay_52d22d669e2040,not_received,apparel,4,6,4370.15,False,False,0
pay_70e27f421ee142,fraud,apparel,853,0,4729.87,True,False,1
pay_d565649f204844,not_received,digital_services,1336,0,3001.07,True,False,0
pay_90b2b1a7c8df47,fraud,electronics,243,0,31138.53,True,False,0
pay_a469065d1fba46,not_received,apparel,1301,0,3886.59,True,False,0
pay_5b6fbdc3ab2348,fraud,apparel,2,4,2690.61,False,False,0
pay_5f147cb69da140,fraud,electronics,722,0,21261.94,True,False,0
pay_5dae30fbbf3c4a,fraud,electronics,426,0,30423.83,True,False,0
pay_fa42538be56047,not_received,apparel,10,6,2551.75,False,True,1
pay_1c23bf62a7804c,not_received,electronics,636,0,30815.84,True,False,0
pay_0bde9348e49a4e,fraud,digital_services,1454,0,3518.5,True,False,0
pay_8462f9b1a15840,not_received,electronics,647,1,16984.18,True,False,0
pay_c8fb300bad074c,damaged,electronics,1004,2,35614.67,False,False,0
pay_234805711b1b4f,not_received,electronics,1221,0,35997.22,True,False,0
pay_9ea0ce3a00924f,fraud,electronics,1371,0,22527.09,True,False,0
pay_fb51269156b549,not_received,apparel,1316,0,2365.75,True,False,0
pay_8da6fa1f23ba4f,fraud,electronics,1358,1,17077.01,True,False,0
pay_96cfb256bc2f48,fraud,apparel,1259,0,2470.76,True,False,0
pay_4cdccd94722c40,damaged,digital_services,512,0,4744.15,True,False,0
pay_042b97a0e3be44,fraud,apparel,423,0,3310.76,True,False,0
pay_93fa9c90d5b147,not_received,electronics,232,0,25938.36,True,False,0
pay_258181d98fdc4e,not_received,digital_services,70,0,2840.86,True,False,0
pay_0a8cf5e192a944,not_received,electronics,1057,0,18628.48,True,False,0
pay_fbb309fef6474e,not_received,apparel,1346,0,4292.04,True,False,0
pay_4d8eb1870fa848,fraud,apparel,918,0,3157.58,True,False,0
pay_52cb0000090a45,fraud,electronics,1352,0,26371.6,True,False,0
pay_3d625c85048240,not_received,digital_services,579,0,812.87,False,False,0
pay_8feda181939649,fraud,electronics,1177,0,21335.32,True,False,0
pay_4be6504ee27c4d,fraud,apparel,1396,0,3515.79,False,False,0
pay_3da86c506c0643,fraud,electronics,1077,1,28913.58,True,False,0
pay_98eb3991347e4e,fraud,apparel,3,2,2937.2,False,True,1
pay_7e25f40e6e9a48,fraud,apparel,990,0,1773.06,True,False,0
pay_6a6478b2633f48,fraud,electronics,1395,0,24126.0,True,False,0
pay_68cd317d0fe94a,not_received,apparel,1155,0,1807.08,True,False,0
pay_103db1d894de40,not_received,apparel,78,0,3073.22,True,False,0
pay_9ac06d5a94a840,damaged,apparel,917,0,3407.22,True,False,0
pay_5ece187e7d844f,fraud,apparel,1149,1,4385.18,True,False,0
pay_ad66fca4b64f42,fraud,apparel,391,0,3034.3,True,False,0
pay_a0b13a17c0764c,fraud,electronics,7,4,24656.38,False,True,0
pay_7eb26fc28edc46,not_received,apparel,717,0,2704.22,True,False,0
pay_6fef9f97670f4c,not_received,apparel,1156,0,3277.02,True,False,0
pay_862c097bac8745,fraud,apparel,1,3,2770.63,False,False,0
pay_d5911ba8bb6e4d,damaged,digital_services,716,0,1886.13,True,False,0
pay_a71b7c8fa5a04e,fraud,electronics,562,0,29240.64,True,False,0
pay_8a6a17c0b70141,not_received,electronics,917,0,17233.87,True,False,0
pay_68e380913f9047,not_received,electronics,749,2,23510.96,True,False,0
pay_5397f012f01a45,damaged,electronics,151,0,27434.75,True,False,0
pay_2336d633119f4d,not_received,electronics,678,0,26890.35,True,False,0
pay_1edcbfaec98a4d,damaged,digital_services,374,0,3336.86,True,False,0
pay_906559666de94f,fraud,electronics,1,2,30130.47,False,False,0
pay_6784a2d00b3b47,damaged,apparel,5,5,3033.56,False,True,1
pay_654a883d066d49,fraud,electronics,1462,0,34181.25,True,False,0
pay_92f9ed9286794e,damaged,apparel,1382,0,3650.62,True,False,0
pay_9d0a4a31508547,not_received,digital_services,7,2,4208.68,False,False,0
pay_623caf97909740,damaged,electronics,875,2,14188.69,True,False,0
pay_89bbaa609b2247,not_received,digital_services,290,0,3038.08,True,False,0
pay_9ddf572d49c141,not_received,digital_services,1283,0,2128.44,True,False,0
pay_070772eb89594a,not_received,apparel,999,0,1928.36,True,False,0
pay_c8a48e0c8ea342,not_received,electronics,1091,0,28914.3,True,False,0
pay_78b24a22027e46,fraud,apparel,1337,2,2771.98,True,False,0
pay_18b89226b7c747,fraud,digital_services,10,6,2183.24,False,True,1
pay_3ed49a643ce545,fraud,electronics,1,6,25002.67,True,True,1
pay_4773a05c6c0645,fraud,apparel,845,0,1949.74,True,False,0
pay_682f855907cb40,damaged,electronics,221,1,19412.61,True,False,0
pay_f9a32736f0dc4f,fraud,electronics,892,0,30926.01,False,False,0
pay_6b9d351059ac42,damaged,digital_services,632,0,2751.25,True,False,0
pay_cdf17286546f4c,fraud,apparel,10,4,2123.39,False,True,1
pay_6e8a69b39bf242,fraud,electronics,1451,0,19613.32,True,False,0
pay_40a478f8a0f04b,not_received,apparel,5,3,3697.43,False,True,1
pay_4bc43e575cc84e,not_received,electronics,288,0,27583.8,False,False,0
pay_d7f9949cb60148,not_received,electronics,1057,0,30496.35,True,False,0
pay_d1c21928d04949,not_received,apparel,689,0,3645.95,True,False,0
pay_481d3334d18145,not_received,apparel,490,2,4690.84,True,False,0
pay_585d841da63a41,fraud,electronics,161,0,20734.62,True,False,0
pay_572920e7970846,damaged,electronics,1074,0,28364.74,False,False,0
pay_faf31b4016a54d,damaged,apparel,7,6,3648.01,False,True,1
pay_03db57c4522645,not_received,digital_services,456,0,2644.2,True,False,0
pay_0f0ab188043442,fraud,digital_services,80,0,3049.08,True,False,0
pay_9eb92dd3064a4d,not_received,electronics,624,1,24078.04,True,False,0
pay_3c8c8f1eeaa24e,fraud,apparel,10,2,3173.63,False,True,0
pay_f426626aaae849,fraud,digital_services,5,5,3525.07,False,True,1
pay_0bc93052d1ea46,fraud,apparel,417,0,3645.1,False,False,0
pay_06be321ad7a544,not_received,digital_services,1085,1,3590.84,True,False,0
pay_34ed067d9f0d45,damaged,digital_services,1082,0,1989.37,True,False,0
pay_eb1f48954e314f,not_received,electronics,380,0,13866.43,True,True,1
pay_2fc5464175fa43,not_received,electronics,1231,1,28294.52,False,False,0
pay_c5bb9990662b47,not_received,electronics,743,0,24926.22,False,True,1
pay_b19ef2a53be241,fraud,electronics,198,0,21400.54,True,False,1
pay_c2823cd3f8c342,fraud,digital_services,12,2,1439.82,True,False,0
pay_7cb77a60d88f43,damaged,digital_services,331,0,2037.63,True,False,0
pay_8c0ab6aa1a1544,fraud,electronics,551,0,26691.27,True,False,0
pay_41624ba1e8ff40,damaged,apparel,769,0,2720.17,True,False,0
pay_b8648da5cba84b,not_received,apparel,497,0,2831.17,True,False,0
pay_d8175d6760994a,not_received,electronics,1204,1,26522.97,True,False,0
pay_2eb067c58dcc4a,not_received,apparel,413,2,2641.45,True,False,0
pay_78aa41aca12f47,not_received,digital_services,1057,0,3372.94,True,False,0
pay_587d1227f4b44b,damaged,electronics,727,0,28226.74,True,False,0
pay_b2554430ff1f46,damaged,electronics,1237,0,30870.33,True,False,0
pay_0a1c164728d940,not_received,electronics,668,0,33208.28,True,False,0
pay_c9219a05c6814e,fraud,electronics,846,0,31916.51,True,False,0
pay_5f66c217950d4e,not_received,electronics,823,0,16892.57,True,False,0
pay_5fc7aba0b80c42,damaged,apparel,1161,0,3457.16,True,False,0
pay_f1c722740bb24e,fraud,apparel,840,0,3083.72,True,False,0
pay_b93b838cd98b4b,not_received,apparel,1,4,3495.7,False,True,1
pay_ac69c6092c044e,not_received,electronics,953,2,25227.8,True,False,0
pay_57c7c282fe474f,not_received,electronics,9,3,19956.37,False,True,0
pay_d827e4316db74b,fraud,digital_services,162,1,1617.63,True,False,0
pay_8ec4492c6e9f47,not_received,digital_services,3,5,1388.02,False,True,1
pay_5a08e96018084f,damaged,electronics,198,0,27164.78,True,False,0
pay_98bc554109cd46,fraud,electronics,339,0,30110.97,True,False,1
pay_019b887580b84b,fraud,digital_services,585,0,3018.62,True,False,0
pay_4c75077da97d44,damaged,electronics,9,5,36468.01,False,False,0
pay_156c85ac03914a,fraud,electronics,794,0,15924.96,True,False,0
pay_59f1f295fcb049,damaged,apparel,1441,0,3147.79,True,False,0
pay_95569a93c49c4d,not_received,electronics,1,5,29734.39,False,True,1
pay_2a21bb2d9ca344,fraud,electronics,353,0,25628.8,True,False,0
pay_59eddaab18984d,damaged,apparel,1207,0,1789.93,True,False,0
pay_300b767ff27849,not_received,apparel,1259,0,2903.13,True,True,1
pay_3babdedad8f845,not_received,digital_services,1363,0,3452.59,True,False,0
pay_896eef16b2e243,fraud,digital_services,10,3,3757.07,False,True,1
pay_6eb3f456104f47,not_received,electronics,109,2,21585.84,True,False,0
pay_0172eedb352c48,fraud,electronics,1343,0,20188.94,True,False,0
pay_ebd6cc08ab0d43,fraud,apparel,380,0,1965.41,True,False,0
pay_e39ea73939c44b,damaged,apparel,10,4,3162.61,False,True,0
pay_3cd8d096508644,fraud,electronics,1390,0,22002.55,True,False,0
pay_d07e11690e1f48,not_received,electronics,246,0,23744.57,True,True,1
pay_45b07026fb7a4f,fraud,electronics,1081,0,22223.42,True,False,0
pay_1f0a4037b42d4a,not_received,apparel,1198,0,2979.55,False,False,0
pay_702267cdd80449,fraud,electronics,307,0,23291.18,False,False,0
pay_f3ac8581675a4b,damaged,digital_services,369,0,4120.28,True,True,1
pay_824315fad6fd40,not_received,electronics,966,0,24793.9,False,False,0
pay_5038d12c750d48,fraud,digital_services,1227,0,2524.87,True,False,0
pay_0f9c259ca8dc45,fraud,digital_services,9,5,3364.35,False,True,1
pay_1daf406efb8f46,fraud,apparel,1448,0,3477.63,True,False,0
pay_2dfe07f13bb142,not_received,apparel,5,2,2222.51,False,True,0
pay_dfcc5577c14844,fraud,apparel,324,0,1744.8,True,False,0
pay_432a7a55b0454e,damaged,electronics,171,0,19363.96,True,False,0
pay_93e4da00811345,not_received,electronics,273,0,25658.1,False,False,0
pay_e0998a7d9ba64a,fraud,apparel,1176,0,3111.18,True,False,0
pay_95c1c3f537734b,not_received,apparel,907,1,3384.65,True,False,0
pay_a9ab5cc8a6d945,not_received,apparel,1262,0,3650.1,True,False,0
pay_a54c8205510040,fraud,apparel,908,0,3389.5,False,False,0
pay_ba84856481a44a,fraud,apparel,1464,0,2819.23,False,False,0
pay_06a0c8aec6494a,fraud,apparel,792,2,2704.92,False,False,0
pay_0d57aece430c42,not_received,apparel,499,0,4271.25,False,False,0
pay_8b1ae9dedd8740,not_received,apparel,1157,0,2785.07,True,False,0
pay_d9421f22ae034e,not_received,digital_services,159,0,1250.96,True,False,0
pay_51a0087de6eb4f,damaged,apparel,1003,0,3244.81,True,False,0
pay_428cebc583cc48,damaged,apparel,1044,0,2890.43,True,False,0
pay_1b62dd86764f40,not_received,apparel,963,0,2557.6,True,False,0
pay_a5a0c34105f14f,damaged,apparel,897,0,3362.39,True,False,0
pay_fe71c0124e7044,fraud,apparel,580,0,3630.13,True,False,0
pay_ea230f565f9b4c,fraud,electronics,1379,0,25941.79,False,False,0
pay_137d245f8ee641,fraud,digital_services,306,0,3727.8,True,False,0
pay_56faa18d21524e,fraud,electronics,11,3,30557.64,False,True,1
pay_8d7160f417d24e,not_received,electronics,923,0,23697.32,False,False,0
pay_cbc353018fa64f,damaged,electronics,232,0,23855.32,True,False,0
pay_fd2829e35c024d,fraud,electronics,311,0,20714.56,True,False,0
pay_2ed482a1e8984e,fraud,apparel,404,0,2896.44,False,False,0
pay_16b74bee8d0942,not_received,apparel,1354,0,3997.0,True,False,0
pay_a4fd86508b4647,damaged,digital_services,1410,0,4150.58,True,False,0
pay_441fd497d7aa4f,fraud,electronics,1293,0,24099.42,True,False,0
pay_acaf555e80a742,not_received,electronics,44,0,22084.23,True,False,0
pay_e796f8aa065349,fraud,electronics,883,2,24253.83,True,False,0
pay_11fc4a89d27d41,fraud,apparel,353,0,4048.9,True,False,0
pay_6b737fd2aa594a,damaged,digital_services,1098,0,3890.01,True,False,0
pay_7cb1c29900204e,damaged,apparel,1462,1,2780.35,True,False,0
pay_9c3b4f3a254649,fraud,electronics,748,0,16879.76,True,False,0
pay_d9ae3127b6504c,damaged,digital_services,831,0,1381.49,True,False,0
pay_d9b4f7acadce41,not_received,electronics,8,6,32433.97,True,True,1
pay_48457ca7351e4c,damaged,apparel,672,1,4043.86,False,False,0
pay_78923923764e46,not_received,apparel,1364,0,4273.49,True,False,0
pay_1d84bc4b5bf34b,not_received,electronics,1114,0,24572.86,False,False,0
pay_4c3bdf4548ef40,not_received,electronics,1,5,20463.36,False,False,0
pay_b5590c62a9eb4c,not_received,electronics,1264,0,23624.67,True,False,0
pay_949fa26347114a,fraud,digital_services,613,1,3100.5,False,False,0
pay_a678d41f2d8144,fraud,apparel,2,2,2333.86,False,True,0
pay_3bd081b368f442,fraud,digital_services,1253,0,4399.42,False,False,0
pay_d1bc5d1fd34945,not_received,apparel,13,3,4513.33,True,False,0
pay_0c9464e6f11a44,fraud,apparel,6,3,1597.27,False,True,1
pay_7d67ffb02a3b4e,not_received,apparel,530,0,2664.04,True,False,0
pay_2198839c8dc442,damaged,digital_services,1429,0,3769.81,True,True,1
pay_f2fa388f964a49,fraud,electronics,5,2,20151.22,False,True,0
pay_bd4bea1c8a3e44,not_received,electronics,283,0,30597.61,True,False,0
pay_a81ceb1087fb4a,not_received,apparel,725,0,1826.99,True,False,0
pay_bb3e84f3bb8448,damaged,digital_services,13,6,2539.48,False,True,1
pay_e505954bbad347,fraud,digital_services,852,0,2737.52,True,False,0
pay_2ab166a8968346,not_received,apparel,602,0,2366.43,True,False,0
pay_4c9d8842783349,damaged,electronics,186,0,29683.86,True,False,0
pay_7e2a9880a21c45,damaged,electronics,1121,1,20323.32,True,False,0
pay_5ef83acde5b047,not_received,digital_services,651,0,2156.95,True,False,0
pay_b5b43d3b326943,not_received,apparel,855,0,2220.22,True,False,0
pay_7620ef9a0a334c,not_received,electronics,1233,0,19509.98,True,False,0
pay_71a99de510fc4c,damaged,digital_services,1200,0,2969.62,True,False,0
pay_c2b8cff1496947,not_received,electronics,1419,0,26676.77,True,False,0
pay_fc9e097c9b8b48,fraud,apparel,1071,2,3256.02,True,False,0
pay_0ea3fbc597fd42,damaged,apparel,535,2,4654.8,False,False,0
pay_eaf31889c01a4e,not_received,electronics,1340,0,20245.96,True,False,0
pay_0ab2670bb9f444,not_received,electronics,1054,0,25201.44,True,False,0
pay_1ab202a2f04a49,fraud,electronics,35,0,22156.82,True,False,0
pay_405986160ec14e,not_received,apparel,1090,1,3640.19,True,False,0
pay_b6ea5ff6ed9249,fraud,apparel,1311,0,1872.58,True,False,0
pay_b9846c1b5ec940,not_received,electronics,87,0,15713.28,True,False,0
pay_4ecd8cc726ce4d,fraud,digital_services,8,3,3630.08,False,True,1
pay_fad3fcc4389d41,not_received,electronics,962,2,31027.42,True,True,1
pay_aa18217c4c8848,damaged,electronics,1485,0,25856.18,True,False,0
pay_b12119af07b54f,fraud,electronics,329,0,21625.81,True,False,0
pay_7c130417ddc24a,damaged,electronics,329,0,21765.91,True,False,0
pay_5f567604993a46,not_received,digital_services,1038,0,2915.72,True,False,0
pay_713652a8f3064f,damaged,electronics,312,0,30499.32,True,False,0
pay_c17de2211b1e4b,not_received,apparel,504,0,5770.15,True,False,0
pay_9e484727ff8d47,not_received,digital_services,6,4,2248.66,False,True,0
pay_ec4642d843d04a,not_received,apparel,636,0,2724.12,True,False,0
pay_201a4c28f3e44b,damaged,electronics,1211,0,24662.15,True,False,0
pay_199097d9639745,not_received,digital_services,117,0,4623.5,True,False,0
pay_5a7ac3cd8ad746,fraud,apparel,6,6,1839.35,True,True,1
pay_9feec4bcea2f4b,not_received,electronics,1021,0,16482.69,True,False,0
pay_980782df29ea4d,damaged,apparel,1196,0,5522.17,True,False,0
pay_15c20d210b5f49,not_received,digital_services,1064,0,2668.25,False,False,0
pay_0a4197ed6c3f40,not_received,apparel,1416,0,1257.22,True,True,1
pay_2864b9bb889840,not_received,apparel,1027,0,904.63,True,False,0
pay_e9490751195f44,damaged,digital_services,1165,0,4833.89,True,False,0
pay_1b7d61226cf948,fraud,apparel,79,0,4429.17,True,False,0
pay_dd81dde137a94b,not_received,electronics,652,0,27727.09,True,False,0
pay_01575606727745,fraud,electronics,702,0,22894.54,True,False,0
pay_f937d8f8993c4b,fraud,apparel,903,2,3646.92,True,False,0
pay_ad41f206dcde45,fraud,electronics,1375,0,34923.19,False,False,0
pay_eaa8a01fb3544a,fraud,digital_services,3,2,2358.0,False,True,0
pay_a286121940ba49,not_received,apparel,820,2,3836.13,True,False,0
pay_e1855a54cf124d,fraud,apparel,1039,0,3112.1,True,False,0
pay_4d1995dd287649,not_received,apparel,1237,0,4034.87,True,False,0
pay_785d059faa974d,fraud,apparel,1118,1,3741.59,True,False,0
pay_63838fbfdb754b,fraud,electronics,593,0,36121.22,False,False,0
pay_0505d2d4d9b44e,fraud,electronics,292,0,22649.45,True,False,0
pay_33fe7df85d8d44,fraud,apparel,13,6,4140.12,False,False,0
pay_6506fbed50f64e,not_received,digital_services,6,3,3283.01,False,False,0
pay_8937df0c9bd244,not_received,apparel,336,1,5945.36,True,False,0
pay_e6e0f067766547,not_received,electronics,722,0,24683.97,True,False,0
pay_d67d3bdd46b34c,not_received,electronics,361,0,25766.37,False,False,0
pay_c1d3ec4a6fc941,fraud,digital_services,337,0,5887.25,True,False,0
pay_0849f1f9e58c48,damaged,digital_services,1265,0,1457.99,True,False,0
pay_fbbebd232d6045,not_received,electronics,1278,0,35659.62,True,False,0
pay_efa17d8639eb4f,not_received,apparel,228,0,3745.91,True,False,0
pay_5568a68ec66245,fraud,apparel,1045,0,4000.48,True,True,1
pay_70157b868b9843,fraud,apparel,450,0,3594.64,True,False,0
pay_d433f5769fd746,fraud,digital_services,692,0,1976.19,True,False,0
pay_b3240db4dfed4c,fraud,electronics,5,6,30929.75,True,True,1
pay_933d7a7502c149,not_received,apparel,262,0,3027.35,True,False,0
pay_efe674d4928442,not_received,electronics,297,0,24282.55,True,False,0
pay_f41b5290625143,not_received,electronics,8,3,21919.23,False,True,0
pay_b644d01af21c45,not_received,apparel,792,0,2058.66,True,False,0
pay_cf8b4accd13f46,damaged,electronics,1495,0,34150.52,True,False,0
pay_55627993e20d46,not_received,apparel,1336,0,2147.0,True,False,0
pay_b8937b0217d94d,damaged,electronics,1005,0,28957.57,True,False,0
pay_8946bb0366a246,fraud,apparel,846,0,4050.74,True,False,0
pay_692fa4b540aa4b,fraud,electronics,988,0,27868.96,True,False,0
pay_4021ea4d0cb64d,fraud,apparel,592,0,1581.36,True,False,0
pay_b768975d5cfe4a,not_received,apparel,3,4,1657.84,False,False,0
pay_da371e56d67c47,damaged,digital_services,342,2,3364.18,True,False,0
pay_a29ccaa4b8874d,fraud,digital_services,458,0,2470.85,True,False,0
pay_f5114cd76c1e4e,damaged,electronics,1103,1,29962.05,True,False,0
pay_177b3046cf0949,fraud,electronics,11,6,26915.13,False,True,1
pay_bdf9308708a242,damaged,apparel,616,0,1612.42,True,False,0
pay_a97317caea734d,fraud,apparel,567,0,1765.91,False,False,0
pay_e197079301c244,fraud,electronics,913,0,30498.29,True,False,0
pay_165f5fd62e0f4c,not_received,electronics,489,0,19392.03,True,False,0
pay_745b650723c140,fraud,apparel,255,0,1130.15,True,False,0
pay_3660ad7cdb7045,fraud,digital_services,8,6,1019.63,False,True,0
pay_a1ed3035bf054f,fraud,digital_services,406,1,3176.78,True,False,0
pay_29e62da370d647,damaged,electronics,130,0,23755.92,True,False,0
pay_72fc10b228aa40,not_received,electronics,1016,0,32392.54,True,True,1
pay_c6783ad641be42,fraud,electronics,109,1,17917.25,True,False,0
pay_cb02784de6124a,not_received,apparel,1321,0,3684.0,True,False,0
pay_256ff9d928e04d,not_received,apparel,1100,0,2748.95,True,False,0
pay_ecd505862ccc4c,fraud,apparel,807,0,669.59,True,False,0
pay_f82fe4d83a3444,not_received,apparel,4,3,2498.88,False,True,0
pay_908d82210a9243,fraud,electronics,159,0,21916.82,True,False,0
pay_c479f24e61ee4e,fraud,electronics,334,0,27609.88,True,False,0
pay_a48b120785724c,not_received,digital_services,1197,2,2837.28,True,False,0
pay_35ea8ad876db46,fraud,electronics,1,3,29122.73,False,True,1
pay_f39b48b1fc4148,not_received,electronics,966,0,23177.38,True,False,0
pay_fdaa8d684d8f45,not_received,apparel,13,4,2510.04,False,False,0
pay_0db0699f9bbb4c,fraud,apparel,1156,0,1306.0,True,False,0
pay_17086007389b46,not_received,digital_services,1420,0,2915.0,True,False,0
pay_d5e7b02fbdf44e,fraud,electronics,10,3,22815.98,False,True,1
pay_7b10bca4e8b042,damaged,apparel,66,1,4035.71,True,False,0
pay_c40bad2d9d494d,not_received,apparel,450,0,3867.02,True,False,0
pay_588b867620e945,damaged,digital_services,800,0,2689.66,True,False,0
pay_fba18cf1c7a949,not_received,apparel,473,0,2540.92,True,False,0
pay_f59e3a4d8fcd40,fraud,digital_services,1151,0,3669.64,True,False,0
pay_4722d2178f5f44,not_received,electronics,412,0,27928.08,False,False,0
pay_38aad83db21f4b,damaged,apparel,1161,0,236.71,True,False,0
pay_4cf916bd434042,not_received,apparel,1346,0,2643.57,True,False,0
pay_cff7d58981724e,damaged,electronics,9,5,27696.93,False,True,1
pay_4bf125d69cf64b,damaged,electronics,702,1,26659.92,False,False,0
pay_40d296dcc1af4a,fraud,apparel,780,0,1876.99,True,False,0
pay_d5685a02a9a34c,fraud,electronics,1302,0,23522.85,True,False,0
pay_a37896a157674a,not_received,digital_services,990,0,1508.36,True,False,0
pay_d7149e2206104c,not_received,apparel,461,2,2593.74,False,False,0
pay_e3acca4e65c04a,damaged,electronics,1113,0,22855.6,True,False,0
pay_2fefb900a95340,damaged,apparel,688,0,4822.94,False,False,0
pay_6d975b71d41342,fraud,electronics,11,4,18213.0,False,True,0
pay_cfca987a50414e,fraud,apparel,44,2,2560.74,False,False,0
pay_aef21200c74244,not_received,apparel,1360,0,3769.72,True,False,0
pay_0710373a19a04a,fraud,digital_services,1,6,2455.67,False,True,1
pay_231b2e42901045,damaged,apparel,922,0,3463.64,True,False,0
pay_501d60ba1c0748,not_received,digital_services,237,0,1392.02,True,False,0
pay_9c9674de37904f,not_received,apparel,1344,0,4463.81,False,False,0
pay_9510345ac9f74f,fraud,apparel,1369,0,3203.0,True,True,1
pay_cc871f37f7894b,not_received,apparel,1156,0,3182.73,True,False,0
pay_0a363d3b906c43,not_received,apparel,1320,0,2367.94,True,False,0
pay_b0f9cd1c89f14c,not_received,electronics,1444,0,16432.85,False,False,0
pay_4076d1ea639d43,fraud,digital_services,699,0,4359.28,True,False,0
pay_ff40289cbe5f42,not_received,apparel,587,0,3488.02,False,False,0
pay_fab53523ab3542,damaged,electronics,1314,0,26686.14,True,False,0
pay_1746048999804b,fraud,digital_services,1119,1,2861.36,True,False,0
pay_9bd0a560121840,fraud,electronics,10,5,19746.05,False,True,0
pay_8e02dd4b34c948,fraud,digital_services,432,0,2908.22,False,False,0
pay_2eb3730d57f847,not_received,electronics,654,0,26426.59,True,False,0
pay_3111cff7a8cb4c,not_received,apparel,204,0,3971.05,True,False,0
pay_da99892e302c4a,not_received,apparel,1219,0,3919.43,True,False,0
pay_2cbcab05619b4c,fraud,apparel,1,3,2197.87,False,True,0
pay_b1f42828cb2e4b,fraud,electronics,43,1,27191.64,True,False,0
pay_b8fb78afc26645,not_received,electronics,1303,0,25212.32,True,False,0
pay_bdf17c014af342,not_received,electronics,291,0,27208.38,True,False,0
pay_6989aaad71044d,damaged,digital_services,289,0,4045.22,True,False,0
pay_6cd01345377e4e,fraud,electronics,832,2,20152.25,False,False,0
pay_664bee49ca9a45,not_received,apparel,11,5,3256.86,False,True,1
pay_da44b3137d004a,not_received,digital_services,1446,0,3476.73,True,False,0
pay_84fb358b09b74d,not_received,digital_services,276,0,4014.19,True,False,0
pay_f377bf98439f45,not_received,electronics,226,0,31150.49,True,False,0
pay_25c0c25f7a9645,not_received,digital_services,842,0,4000.04,True,False,0
pay_77eaa97dc08a41,damaged,electronics,1135,0,21408.02,True,False,0
pay_3c21368e6fcf4c,fraud,apparel,1211,0,3810.51,False,False,0
pay_7ec335fd62a149,fraud,apparel,89,0,3303.35,True,False,0
pay_c43e38643e4e43,not_received,electronics,128,1,17954.32,True,False,0
pay_c6063b8a18444c,not_received,electronics,1009,0,27914.36,True,False,0
pay_1a017febbc034c,fraud,apparel,1144,0,3026.76,True,False,0
pay_ca56e62c638d42,fraud,apparel,2,3,1641.97,False,True,0
pay_2e1a195c2e9747,fraud,digital_services,174,0,2435.49,False,False,0
pay_d9a3ea01eed242,damaged,electronics,208,0,30482.25,True,False,0
pay_2e9f1219ea4c41,fraud,digital_services,7,4,2157.24,True,True,1
pay_44db8d7462544b,fraud,apparel,1307,0,2650.55,True,False,0
pay_8cbe5c416d2d46,fraud,digital_services,169,0,3649.47,True,False,0
pay_bd60d170879e41,fraud,apparel,40,2,2072.83,False,False,0
pay_df0635332d0e42,fraud,digital_services,903,0,1549.1,True,False,0
pay_ef8cd61fedcf4c,not_received,electronics,9,2,31095.72,False,False,0
pay_5949f726b7a449,fraud,apparel,608,2,2106.0,True,False,0
pay_abedaf775e124a,damaged,electronics,7,2,24676.49,False,True,0
pay_c516cddffc9e44,fraud,electronics,2,2,24413.33,False,True,1
pay_19dd2f15fc2944,not_received,apparel,54,0,2658.41,True,False,0
pay_80e14212e1cd41,damaged,apparel,835,1,2491.31,True,False,0
pay_6d87207d14ac41,not_received,electronics,1006,0,41912.85,False,False,0
pay_6013c1d2dc2744,not_received,apparel,1149,0,1535.13,False,False,0
pay_08936ab1e86943,fraud,apparel,718,0,2428.08,True,False,0
pay_ff05c1b671d84a,fraud,electronics,1288,0,17438.98,False,False,0
pay_7a1c65f85d9b47,not_received,apparel,224,0,2162.11,False,False,0
pay_559b22d522b54f,damaged,apparel,7,4,1216.6,False,True,1
pay_6718e738d81549,not_received,electronics,9,6,23910.11,False,True,0
pay_c929fe625f1a42,not_received,apparel,6,2,3732.52,False,True,0
pay_47533341de3f46,not_received,apparel,684,0,285.57,True,False,0
pay_5c930a18e08f49,not_received,digital_services,9,2,2561.27,False,True,0
pay_cee090614c4d46,fraud,electronics,394,0,21435.6,True,False,0
pay_222f8118cb774e,not_received,digital_services,931,0,3256.71,True,False,0
pay_fdcee2912c314a,damaged,electronics,847,0,20895.9,False,False,0
pay_cd2853f2cdb643,fraud,apparel,398,0,2061.76,True,False,0
pay_b5ca0249420042,not_received,electronics,155,0,22290.84,True,False,0
pay_714f4b0f1c504c,fraud,digital_services,126,0,2432.94,True,False,0
pay_bead2ae40da944,not_received,apparel,9,3,2877.77,False,False,0
pay_878ce92a07474e,fraud,electronics,165,0,23641.47,True,False,0
pay_2d6d2eae985f4f,not_received,electronics,1135,0,24607.25,False,False,0
pay_37dcfbdef7df4c,not_received,electronics,1292,0,17554.71,True,True,1
pay_09d40ff1fb6941,fraud,electronics,406,0,21703.06,False,False,0
pay_72099ec8b8c44a,not_received,apparel,4,5,4331.8,False,True,0
pay_aaa5943acb5e44,not_received,apparel,231,0,3661.38,True,False,0
pay_a290eb4c176f43,damaged,digital_services,6,3,3426.82,False,True,1
pay_86779061545b4c,fraud,digital_services,520,0,2152.68,True,False,0
pay_23e78b94f01447,fraud,apparel,1002,0,1970.56,True,True,1
pay_1f0ae4be82a14f,fraud,electronics,1270,0,23031.49,True,False,0
pay_0306191b038947,damaged,electronics,923,0,18872.49,True,False,0
pay_a8cfdc6f69504c,damaged,apparel,6,3,1340.31,False,True,1
pay_1f29cce4682049,not_received,apparel,1,3,3239.39,False,True,1
pay_7c6f134a19f24a,damaged,apparel,908,0,2800.94,True,False,0
pay_3c6436127fa944,not_received,digital_services,930,1,2471.26,True,False,0
pay_bcbb64b6b68a47,not_received,digital_services,876,0,3937.59,True,False,0
pay_ff6f160bad124c,fraud,electronics,441,0,33670.12,True,False,0
pay_cd85717324024f,not_received,electronics,6,5,27127.31,False,False,0
pay_26f2435b186e46,fraud,digital_services,613,0,3407.35,True,False,0
pay_3ee3a71e8cf646,damaged,digital_services,393,0,1707.04,True,False,0
pay_d85123e45f9448,not_received,electronics,170,0,29865.79,True,False,0
pay_93b689772e2a43,not_received,apparel,612,0,4706.73,True,False,0
pay_a2fda4fecb8742,fraud,apparel,1249,0,5025.38,True,False,0
pay_958492c6f0424e,fraud,apparel,1055,0,3766.93,True,False,0
pay_d569a456991e4d,fraud,electronics,190,0,19939.9,True,False,0
pay_91573310fb1b42,fraud,digital_services,1032,2,4026.29,True,False,0
pay_bec332d42f5c49,fraud,apparel,959,0,1352.45,True,False,0
pay_44131a2d45d14f,damaged,electronics,2,2,22140.12,False,True,1
pay_77f0d66647e84a,not_received,apparel,515,0,2239.85,True,False,0
pay_73c0ec64c8fa4a,fraud,apparel,1017,1,1346.41,True,False,0
pay_a6dc323f9a6844,fraud,digital_services,1308,0,1728.76,True,False,0
pay_fafbaf06a59042,not_received,electronics,670,2,25484.92,True,False,0
pay_29ba34629f544a,not_received,digital_services,635,0,4711.3,True,False,0
pay_0b177b9797e143,not_received,electronics,11,2,20306.5,False,True,0
pay_3d08d0ee997241,damaged,apparel,1085,1,2669.06,True,False,0
pay_c2200547309c40,not_received,apparel,1115,0,100.0,False,False,0
pay_ce03b621b44148,damaged,apparel,892,0,3159.36,True,False,0
pay_7730ecc2d0dd43,damaged,apparel,1377,0,3803.75,True,False,0
pay_afa43eddc74a45,fraud,digital_services,705,1,1378.57,True,False,0
pay_9593c44b6d9c40,damaged,apparel,405,0,3485.19,True,False,0
pay_736d5b1e17e04d,fraud,apparel,143,0,1134.44,True,False,0
pay_817153f637f94d,damaged,electronics,1131,1,27818.03,False,False,0
pay_c5c01865edbf46,fraud,electronics,974,0,27508.61,True,False,0
pay_b61c24ab264544,damaged,electronics,10,5,24623.18,False,True,1
pay_148bf453883f47,damaged,digital_services,168,0,4288.59,False,False,0
pay_bfe3018de1c94e,damaged,apparel,1002,0,2956.58,True,False,0
pay_cf469f7a32fd47,not_received,digital_services,365,0,2729.26,True,False,0
pay_57db92b3841848,fraud,electronics,1196,0,19920.55,True,False,0
pay_fea08681c90644,fraud,apparel,1256,0,3776.12,True,False,0
pay_b51747458d474f,not_received,electronics,504,0,30516.0,True,False,0
pay_95e0cae5ab2f4c,fraud,apparel,468,1,2517.56,False,False,0
pay_fead2532bf0d4e,not_received,electronics,6,2,15841.85,True,True,1
pay_84746c20144342,fraud,electronics,865,0,28110.52,True,False,0
pay_1f0dd78677244b,damaged,apparel,10,2,3758.68,False,True,1
pay_3943e002441b4a,not_received,electronics,214,0,23547.42,True,False,0
pay_dfcc574868934c,damaged,apparel,1207,0,2299.62,False,False,0
pay_ff67972de1734a,fraud,apparel,1415,0,3023.53,True,False,0
pay_9adae6427a0344,damaged,apparel,874,1,2473.85,True,False,0
pay_03905c72e79a43,damaged,digital_services,883,0,4005.09,True,False,0
pay_8e579f048f814b,not_received,electronics,909,0,24908.16,True,False,0
pay_82a0f35cd48b47,not_received,apparel,645,0,2423.7,True,False,0
pay_7f3e525dc71c4c,not_received,digital_services,114,0,1315.58,True,False,0
pay_b0ec614fee084b,fraud,apparel,215,0,2271.95,True,False,0
pay_dc7ed771b44d4c,not_received,electronics,666,0,28263.17,True,False,0
pay_870e87cce76f45,fraud,digital_services,6,3,1446.64,False,True,1
pay_80a639257a2f4f,fraud,electronics,1478,0,24438.33,True,False,0
pay_a6b5f38c47e241,fraud,electronics,1196,0,24030.95,True,False,0
pay_c753da14ace94e,fraud,electronics,785,0,26317.04,True,False,0
pay_c46fc1dd28c541,fraud,electronics,795,0,22310.41,True,False,0
pay_d35451c6b2774d,fraud,electronics,12,5,21952.53,False,True,1
pay_dff71adc108c4d,damaged,electronics,5,3,20936.98,False,False,0
pay_16554c822eab4a,not_received,apparel,1493,0,1821.75,True,False,0
pay_311ebaf9ab3342,damaged,electronics,1428,0,24713.35,True,True,1
pay_42cfc4fdeea748,not_received,electronics,80,0,21461.32,True,False,0
pay_f2f54312dbb546,fraud,apparel,668,2,3305.84,True,False,0
pay_ebdf88e15c8e43,not_received,electronics,259,1,23586.05,True,True,1
pay_6c5308af5a1e41,not_received,electronics,1200,1,19194.13,False,False,0
pay_5f27ae5cf00845,fraud,apparel,1047,0,3124.07,True,True,1
pay_1f38cf83c9ab4c,not_received,electronics,969,0,31015.54,True,False,0
pay_97e889e838284d,fraud,electronics,104,1,27783.43,True,False,0
pay_cb36c8903e204b,not_received,apparel,1385,0,3040.13,True,False,0
pay_f8e02e24bea84d,not_received,apparel,12,3,3701.73,False,True,1
pay_823d3be9e2b04a,fraud,apparel,891,0,2797.58,True,True,1
pay_d15f3f08f36b41,fraud,digital_services,1092,0,4530.41,True,False,0
pay_e8d7f8de491e41,not_received,apparel,909,0,3686.21,True,False,0
pay_3182febaa0d344,not_received,apparel,1353,0,2826.75,True,False,0
pay_d0188d3c199140,fraud,electronics,1074,0,22932.75,True,False,0
pay_2ae17e0c39b142,damaged,apparel,441,0,2518.37,False,False,0
pay_0689b90a05aa44,fraud,electronics,424,0,18368.8,True,False,0
pay_9cbf4c3348dd44,not_received,apparel,608,1,2346.4,True,False,0
pay_23bceab7dd3240,damaged,apparel,106,0,1904.63,True,False,0
pay_63383b8775f344,fraud,apparel,1,4,3421.46,False,True,1
pay_9c94a97c9cac48,fraud,digital_services,327,0,2144.59,True,False,0
pay_ddad6ea8369041,fraud,digital_services,1353,0,3345.35,True,False,0
pay_d714719d394b42,fraud,electronics,854,0,21293.82,True,False,0
pay_4d761d34bf0640,fraud,electronics,10,4,30668.98,False,False,0
pay_5046e1941ca748,not_received,digital_services,1277,0,3373.66,True,False,0
pay_1a2ead3277074d,fraud,apparel,244,0,3277.14,True,False,0
pay_a18be43c374d4d,not_received,apparel,731,1,1224.25,True,False,0
pay_f124d626fb974a,damaged,apparel,935,1,3300.8,True,False,0
pay_a00d202c7cda42,damaged,apparel,1244,0,1924.69,True,False,0
pay_0ae8f80fc4fa43,not_received,digital_services,1053,0,2513.77,True,False,0
pay_16571077fbc148,fraud,apparel,6,5,2947.09,False,False,0
pay_246b09b0fa0847,not_received,apparel,494,0,1732.41,False,False,0
pay_30b9dc3838e04e,not_received,apparel,975,1,1089.59,True,True,1
pay_3655c3d5225941,not_received,digital_services,13,2,3947.27,False,True,0
pay_25cd2990fe0e43,fraud,apparel,8,4,4598.79,False,True,1
pay_6a63786452674a,damaged,apparel,9,2,1105.84,False,True,1
pay_d3a12569621340,not_received,digital_services,180,0,3683.19,True,False,0
pay_5063bcb77c3646,fraud,apparel,1087,0,3187.62,True,False,0
pay_23f9be6db8c446,fraud,electronics,1,6,27345.72,False,True,0
pay_1005760e976741,not_received,apparel,5,6,2195.86,False,True,0
pay_0f7fc59218554c,damaged,apparel,498,0,2816.22,True,True,1
pay_8cbb3271ffba49,not_received,electronics,545,2,27579.3,True,False,0
pay_fa0f4eac026c41,not_received,apparel,503,1,2230.94,True,False,0
pay_cfaf525f505b4c,fraud,apparel,1099,0,3252.68,False,False,0
pay_63b0faece8d942,not_received,apparel,219,0,1698.56,True,False,0
pay_0dd84d7001f647,not_received,apparel,621,0,2969.04,True,False,0
pay_a83b7451ddaf4d,fraud,apparel,596,0,1835.7,True,False,0
pay_742318a461aa49,fraud,digital_services,1473,0,2493.15,True,False,0
pay_6d93e294b7344d,not_received,electronics,573,0,27466.5,True,False,0
pay_5cfca8fc43a64d,fraud,electronics,152,0,23735.62,True,False,0
pay_2d91403233e046,not_received,apparel,68,0,2245.67,False,True,0
pay_73c7d9e24d3142,fraud,apparel,1370,0,4157.75,True,False,1
pay_b8e52cd871b14c,fraud,electronics,672,0,28912.92,True,False,1
pay_240c049dd95646,fraud,electronics,172,0,18824.39,False,False,0
pay_8ffcb9c3df2444,damaged,apparel,37,1,3856.8,True,False,0
pay_95e08dcd12cf4a,damaged,electronics,794,0,30281.93,False,False,0
pay_160bff8e022c4d,damaged,apparel,119,0,2928.72,True,False,0
pay_da8ae0c6a92c4b,not_received,apparel,1393,0,3614.29,False,False,0
pay_6186bdff030b46,fraud,apparel,95,0,1951.86,True,False,0
pay_198b80e8fba548,not_received,electronics,830,1,23307.08,True,False,0
pay_54384b87a95447,not_received,apparel,206,1,4246.75,True,True,1
pay_d6de253c668f4c,damaged,apparel,430,1,897.08,True,False,0
pay_ea2b5d2e818941,fraud,digital_services,326,0,2392.01,True,False,0
pay_109ce238a20342,not_received,digital_services,560,0,2935.71,False,False,0
pay_a92fdbc14aef40,fraud,electronics,1284,0,22278.65,True,False,0
pay_1b7838d69d6c40,fraud,electronics,40,0,23273.91,True,False,0
pay_c0efee394ee345,not_received,electronics,8,2,27503.52,False,True,0
pay_145197f0be4d49,not_received,electronics,50,0,20864.04,True,False,0
pay_3098312616f24e,fraud,apparel,2,6,4118.41,False,True,1
pay_cdc5137a080b4b,fraud,apparel,1204,0,3602.3,True,False,0
pay_97b0d0f812b84a,not_received,electronics,538,0,29713.81,True,False,0
pay_b2d488aaf87147,not_received,apparel,627,0,1767.32,True,False,0
pay_94b0a976dc0844,damaged,digital_services,4,2,3677.17,False,True,1
pay_58c96c4c84db4e,damaged,apparel,715,0,2733.53,True,False,0
pay_e55292b207e04e,not_received,electronics,4,4,22511.93,False,False,0
pay_9d549775122746,fraud,apparel,1064,0,3617.46,True,False,0
pay_c1c8df8af83145,not_received,apparel,172,2,2544.69,True,False,0
pay_4dc4f71e739b4d,not_received,digital_services,1221,0,3058.22,False,False,0
pay_1c3a1e4bdcbe48,fraud,electronics,11,2,29322.58,False,False,0
pay_3d74633c7cf84b,damaged,apparel,6,2,3829.04,False,False,0
pay_0a886506fa4c40,fraud,apparel,1322,0,4250.61,True,False,0
pay_62130c01176a4b,damaged,apparel,3,5,2001.86,False,True,1
pay_1c1d3d803adc4c,not_received,apparel,706,0,1230.79,True,False,0
pay_cba19853134940,not_received,electronics,396,0,19874.47,True,False,0
pay_5af07957107346,not_received,apparel,274,2,1566.16,True,False,0
pay_e3828d5b1e8042,damaged,electronics,984,2,25303.91,True,False,0
pay_9bc5075a25144b,not_received,electronics,1101,0,20862.57,True,False,0
pay_aeacfd6e9e1b4c,not_received,apparel,471,0,1728.6,False,False,0
pay_efc9c5d4c99e41,fraud,electronics,583,0,30321.3,False,False,0
pay_3af186c50c1c4b,not_received,electronics,1301,1,29939.55,True,False,0
pay_1f59795971dd41,fraud,apparel,39,0,3308.41,True,False,0
pay_98ad1e06c6c442,not_received,apparel,1486,0,1536.18,True,False,0
pay_c42def046a3444,not_received,electronics,133,0,25492.35,True,False,0
pay_179e3d0dec0640,not_received,apparel,623,0,4346.42,True,False,0
pay_4540dd69c4534c,fraud,electronics,2,5,23087.65,False,False,0
pay_cf21bf73c1fc45,fraud,electronics,10,2,35936.21,False,True,0
pay_4f36ddabd71c47,not_received,apparel,4,6,3065.55,False,True,1
pay_fa0bc417fcf244,fraud,electronics,2,4,30982.37,False,True,0
pay_5a0757d96a054c,fraud,digital_services,128,0,1756.95,True,True,1
pay_0f89887e5a374e,fraud,electronics,1014,0,22921.99,True,False,0
pay_51ba3ff4c4b540,damaged,apparel,3,6,2685.12,False,True,1
pay_e83f4460d2f04d,not_received,digital_services,12,5,2827.47,False,True,0
pay_9d61b3752ae046,fraud,digital_services,898,0,3651.74,True,False,1
pay_966b00b04c0c4e,fraud,apparel,200,2,3035.94,True,False,0
pay_14b26d3b95604b,fraud,digital_services,1356,0,4171.39,True,False,0
pay_37a9c54091ff45,not_received,digital_services,1198,0,3780.67,True,False,0
pay_c45edb8eb11b4a,not_received,electronics,115,0,27758.45,True,False,0
pay_66cc0de43c6d4e,fraud,apparel,5,3,2798.76,False,True,1
pay_1ee55e1f859d44,fraud,electronics,1463,0,23627.85,False,False,0
pay_24988838b39548,fraud,apparel,986,2,4512.65,True,False,0
pay_6796f5cab4cd42,not_received,apparel,442,1,2588.96,True,False,0
pay_e33821754d6240,not_received,electronics,731,1,23150.33,True,False,0
pay_93206d3ff7ba47,fraud,apparel,868,0,3551.67,True,False,0
pay_e209befe0a8540,fraud,electronics,879,0,24078.29,False,False,0
pay_dd259d11821244,fraud,digital_services,1256,0,1178.2,True,False,0
pay_cfb629215dfc4d,damaged,electronics,1189,0,23667.75,True,False,1
pay_a863d36d280d49,fraud,apparel,664,0,4067.61,True,False,0
pay_1bca1d1d83d342,not_received,electronics,11,2,23658.01,False,False,0
pay_d0fa3546e2e942,not_received,electronics,1,2,23113.79,False,True,0
pay_9a904aab3adf4b,fraud,apparel,950,1,2733.95,True,False,0
pay_82681b55601546,fraud,electronics,875,0,21986.95,False,False,0
pay_42401e64f13448,fraud,apparel,639,0,2418.23,True,False,0
pay_b6baa83b20f44e,not_received,digital_services,39,0,4456.1,True,False,0
pay_8f5b6c756e864c,not_received,electronics,1133,0,26201.24,False,False,0
pay_63cdd0f25f634b,not_received,digital_services,532,0,2615.87,True,False,0
pay_ca0c954ce1214b,not_received,electronics,1361,0,26005.71,True,False,0
pay_dfb7e94f676e47,fraud,electronics,464,2,17911.0,True,False,0
pay_ecab4d26b2b24c,damaged,electronics,1123,0,28659.74,False,False,0
pay_6305bf72f5484a,not_received,digital_services,1075,0,3124.79,True,True,1
pay_4a541e86e06047,fraud,electronics,969,1,27110.51,True,False,0
pay_a2516f91bf3541,damaged,digital_services,1431,0,2499.67,True,False,0
pay_7bd05c16428244,not_received,digital_services,910,0,3994.82,True,True,1
pay_e1934b004ce54a,not_received,electronics,578,0,28893.86,False,True,0
pay_52e577fb65624c,not_received,apparel,12,2,3839.57,False,True,0
pay_c2ca1a6529bc44,damaged,apparel,1161,0,3512.3,False,False,0
pay_1e7d60ef2bee4b,not_received,electronics,1440,0,29178.1,True,False,0
pay_c152bb9791d648,fraud,electronics,202,0,22680.86,True,False,0
pay_a5fb5c3c6feb4b,fraud,apparel,119,0,3079.42,False,False,0
pay_e71014dce92847,damaged,apparel,902,0,3754.61,True,False,0
pay_eaf9c7c045da4c,fraud,apparel,1216,0,2343.04,True,False,0
pay_7a0ac3636c944f,fraud,electronics,2,6,22312.78,False,True,1
pay_7f421d7802874f,not_received,electronics,519,0,25535.07,True,False,0
pay_c40f4329c13841,not_received,digital_services,579,0,1325.37,False,False,0
pay_c6a2df009c954d,not_received,electronics,881,0,28266.71,True,False,0
pay_17d8cb7ebba64b,damaged,apparel,153,0,2726.75,True,False,0
pay_b2e9cbaf5f3c41,fraud,electronics,495,2,32766.99,True,False,0
pay_f08fb87708694e,fraud,digital_services,3,6,4842.04,False,False,0
pay_9799c96f656949,fraud,digital_services,1289,0,4277.97,True,False,0
pay_39843928f81444,damaged,electronics,1069,0,23138.08,False,False,0
pay_825b1f8a5eef4e,not_received,electronics,1,5,24206.65,False,False,0
pay_12f674544fad45,fraud,apparel,1473,0,3387.17,False,False,0
pay_88c1829793e748,damaged,electronics,7,5,27575.63,False,True,1
pay_dd243c9ebfe547,damaged,apparel,218,0,1620.76,True,False,1
pay_3132508f017c4b,damaged,apparel,367,0,2902.39,True,False,0
pay_44238db3c99441,damaged,electronics,228,0,21901.54,True,False,0
pay_963addbcaedb4a,fraud,electronics,1320,0,25932.47,True,False,1
pay_3ba5f680767546,not_received,apparel,5,4,2522.47,False,True,0
pay_9ccdc54ae47d40,not_received,apparel,4,2,1661.22,False,True,0
pay_9072f96d46a94e,damaged,electronics,1177,0,29138.36,True,False,0
pay_530626983e8f4c,not_received,apparel,8,5,4099.72,False,True,1
pay_cf474d3cf17449,not_received,apparel,1244,0,3580.6,True,False,0
pay_37c11a7e530945,not_received,apparel,1014,1,2481.05,True,False,0
pay_7118e1f1c02f46,fraud,electronics,863,0,24490.02,True,False,0
pay_0430f48eeb094e,not_received,electronics,424,0,28577.87,True,False,0
pay_536038bf173a46,damaged,digital_services,5,4,3218.03,False,True,1
pay_01f8bcd1f3574b,damaged,digital_services,663,0,2592.15,True,False,0
pay_edad4db9550b42,fraud,apparel,10,2,2748.59,False,True,0
pay_e2f95903c5d048,fraud,electronics,417,0,25490.43,True,False,0
pay_57ebadaa2bdd4c,fraud,apparel,1232,2,3077.0,False,False,0
pay_a998c31838b64f,not_received,digital_services,1286,0,5676.11,True,False,0
pay_ea0229af37ec44,damaged,electronics,625,0,19163.19,True,False,0
pay_ade47ceb6a5e4e,fraud,electronics,1015,1,25940.87,True,False,0
pay_5517a5b6722646,not_received,apparel,72,2,1327.68,False,False,0
pay_4a7427165fd944,damaged,digital_services,1125,0,3158.96,True,False,0
pay_d56bf6a5a61c43,not_received,electronics,3,4,32363.03,False,True,1
pay_d0f8d1b7bb184e,not_received,apparel,541,0,1633.23,True,False,0
pay_52b08c249b2e4c,not_received,apparel,588,0,1293.0,True,False,0
pay_f9901868227e4b,not_received,apparel,373,0,3788.11,True,False,0
pay_d05ea05cb1ff43,fraud,apparel,281,0,2436.61,True,False,0
pay_b240a52a01af4f,not_received,apparel,1,3,1479.3,False,False,0
pay_a4ddde14730345,not_received,electronics,1352,0,19792.37,True,False,0
pay_eff74ba6480347,damaged,electronics,7,2,31044.77,False,True,1
pay_7e1e1f54e6c841,not_received,apparel,9,5,2773.4,False,False,0
pay_42a32a8a174948,not_received,electronics,1244,2,29027.3,True,False,0
pay_5fc6197e2e4648,fraud,apparel,1371,0,4004.2,False,False,0
pay_1839a07edbb54c,not_received,apparel,907,0,2742.83,True,False,0
pay_d1377c053eb745,fraud,electronics,3,4,29989.58,False,False,0
pay_534586d2166a43,fraud,apparel,811,0,3012.31,True,False,0
pay_ee6a21b951474b,not_received,apparel,962,1,2782.48,True,False,0
pay_c361bba4ff9646,damaged,electronics,904,0,23525.71,True,False,0
pay_4ff6d6f8511c4c,fraud,apparel,869,1,2644.29,True,False,0
pay_37b817e3a22b47,not_received,digital_services,1170,0,3144.21,True,False,0
pay_2c620d94f8ea47,damaged,apparel,281,0,1940.84,True,False,0
pay_0c47531842d948,fraud,apparel,988,0,2530.11,False,False,0
pay_5677e86daf1a40,not_received,electronics,968,0,29006.51,True,False,0
pay_bb3c5da11a9343,not_received,electronics,881,0,25869.54,True,False,0
pay_0d8f72131e5046,not_received,electronics,612,1,23049.35,True,False,0
pay_861f41c4518547,fraud,apparel,80,0,4288.18,True,False,0
pay_0696a3ea53f34d,fraud,electronics,738,0,23758.84,True,False,0
pay_2b53c6b100bd4b,not_received,electronics,533,0,29179.83,True,False,0
pay_d8e5b996801543,not_received,apparel,1293,0,4351.61,False,True,0
pay_41786e434c8b40,fraud,electronics,70,2,27696.73,True,False,0
pay_1c29f15646ea45,not_received,electronics,13,3,37572.83,True,False,0
pay_8b6d423e9f424b,fraud,apparel,1499,0,3129.22,True,False,0
pay_c69e173a7b7d40,not_received,electronics,1140,0,10983.87,True,False,0
pay_5f30ecfb3e994c,fraud,apparel,942,0,3431.72,True,False,1
pay_a2c1290ccd6941,damaged,electronics,1478,0,31373.04,True,False,0
pay_bdd43aad595947,fraud,electronics,1328,0,25193.3,True,False,1
pay_b2ade1c5700446,fraud,digital_services,570,0,4611.11,False,False,0
pay_7afcbe3c02484f,fraud,digital_services,1175,0,2624.13,True,True,1
pay_9d04fc64cff44c,fraud,digital_services,1185,0,4041.03,True,False,0
pay_aa4d255a511244,damaged,digital_services,9,5,2906.03,False,True,1
pay_e49ebb3744f442,damaged,apparel,1255,0,2037.52,False,False,0
pay_8c7e240026d748,fraud,apparel,683,0,2184.03,True,False,0
pay_6e7b11f150c249,not_received,apparel,3,6,3298.76,False,True,1
pay_2716a1138f7046,not_received,apparel,1479,0,3606.84,True,False,0
pay_023f122db27d4f,damaged,apparel,213,0,2512.3,True,False,0
pay_c38e1cd38c6b4c,not_received,electronics,1057,0,25932.66,True,False,0
pay_2a38f6f373644f,fraud,digital_services,803,0,3216.42,True,False,0
pay_427551f16b804d,not_received,apparel,396,0,3193.51,True,False,0
pay_7c153f81bd6a47,not_received,digital_services,756,0,4362.94,True,False,0
pay_9d754996002845,fraud,electronics,433,0,28796.69,False,False,0
pay_206cb620e2cc40,not_received,electronics,751,0,24783.54,True,False,0
pay_915cf0d02dce4f,fraud,electronics,427,0,18327.85,False,False,0
pay_57c653b2c4b941,not_received,apparel,797,0,4651.53,True,False,0
pay_c8cbe72b7e1d4e,fraud,electronics,1302,0,24101.01,True,False,0
pay_48cc99883ad748,not_received,electronics,390,0,25777.25,True,False,0
pay_9e31d7a9b0224b,not_received,electronics,1411,0,20005.97,True,False,0
pay_20377219cec146,not_received,electronics,628,0,18564.97,True,False,0
pay_21859eade60042,fraud,apparel,252,0,1467.64,True,False,0
pay_6df73f9127634b,not_received,digital_services,590,0,3301.34,True,False,0
pay_93d01464780348,not_received,electronics,7,5,24998.54,False,True,1
pay_6cc11f166ba74b,not_received,apparel,717,0,2874.14,True,False,0
pay_22acbfe3599e47,not_received,electronics,692,0,27127.13,True,False,0
pay_99fd18c6c4e445,not_received,electronics,837,0,21899.06,True,False,0
pay_e4f6cd0daf924f,damaged,apparel,746,0,4095.87,True,False,0
pay_aeb297967ef04a,fraud,apparel,726,0,3150.07,True,False,0
pay_f80b6ebd5e4245,damaged,digital_services,1203,0,3339.92,False,False,0
pay_99556968278b49,not_received,apparel,687,0,4103.14,True,False,0
pay_53ce54155e2b4a,fraud,digital_services,4,2,2045.12,False,False,0
pay_d018751be1384b,fraud,electronics,548,0,23708.53,True,False,0
pay_b123244ef2654d,fraud,electronics,139,1,23326.97,True,False,0
pay_d99a2735713d4c,not_received,electronics,8,6,36372.09,False,True,0
pay_a27b341bdd734c,not_received,apparel,606,0,1152.03,True,False,0
pay_5232e2a6251f45,not_received,electronics,196,0,22264.87,False,False,0
pay_8a43ac066f2749,not_received,electronics,603,0,20921.98,True,False,0
pay_2b4a140a0b6542,not_received,apparel,1087,2,2954.25,False,False,0
pay_db481266123f4a,fraud,electronics,375,0,19415.56,True,False,0
pay_141ea53c4cf04a,fraud,electronics,521,2,28092.23,True,False,0
pay_7c705adcd87b40,not_received,electronics,666,0,27009.4,True,False,0
pay_385d2e51032f48,fraud,electronics,472,0,22129.01,True,False,0
pay_c95e7a3e8e2c4b,fraud,apparel,1338,0,3536.18,True,False,0
pay_af2b01ce7d6d4a,not_received,apparel,601,2,2072.3,True,False,0
pay_4990c97fd32148,not_received,electronics,791,1,29817.61,False,False,0
pay_cecbfce952b948,damaged,electronics,13,3,33055.73,False,False,0
pay_f14a66ec3f8b47,damaged,digital_services,2,3,4483.83,False,True,1
pay_76edf7dafc8348,not_received,apparel,7,6,3928.67,False,True,1
pay_d1d761b07c5a43,not_received,apparel,353,0,3563.98,True,False,0
pay_2be1711ea81c4e,not_received,apparel,1417,0,3722.54,True,False,0
pay_0e6d20cdd4714d,not_received,electronics,456,0,27616.0,True,False,0
pay_621fbe24fe2640,fraud,digital_services,647,0,3049.17,True,False,0
pay_b06c590cdc5e4a,not_received,apparel,322,0,3079.29,True,False,0
pay_f20be7c31e7641,damaged,electronics,207,0,29991.45,True,False,0
pay_652983e665e143,fraud,apparel,569,0,2646.1,True,False,0
pay_4734eea7c6b846,not_received,electronics,4,6,22164.14,False,False,0
pay_8f39849ac8c743,not_received,electronics,731,0,20412.19,True,False,0
pay_41898897a76648,fraud,digital_services,511,0,5103.57,True,False,0
pay_b91d725425f143,fraud,digital_services,588,0,4570.45,True,False,0
pay_d5535a557bb847,fraud,electronics,974,2,20495.89,False,False,0
pay_368dab0b02ff46,fraud,electronics,885,0,18139.73,True,False,0
pay_57e3b5b2a3ff44,fraud,apparel,255,0,2985.99,True,False,0
pay_736ad2d5a1ec40,damaged,electronics,873,0,21588.54,False,False,0
pay_56b293d20c024b,fraud,apparel,1013,0,2578.15,True,False,0
pay_41f0212066564c,not_received,apparel,1,4,3970.4,False,True,1
pay_47ffdd91f3b14b,fraud,apparel,871,0,4011.6,True,False,0
pay_72da57989ef74d,damaged,apparel,1498,1,2946.5,True,False,0
pay_5fd1528eb74440,fraud,apparel,1388,1,1698.11,True,False,0
pay_63cca57dc3db46,not_received,digital_services,1259,0,5204.12,True,False,0
pay_48e59ba0322b4e,damaged,electronics,266,0,28881.96,True,False,0
pay_aa86587224664c,damaged,digital_services,3,5,5074.92,False,True,1
pay_8ac86832188049,fraud,electronics,4,5,22717.61,False,True,1
pay_8790d6d9703944,damaged,electronics,989,0,23442.46,True,False,0
pay_1992c907bf3a49,not_received,electronics,692,0,30268.89,True,False,0
pay_6ecc0e5bd13f49,not_received,apparel,958,0,2753.39,True,False,0
pay_28a96db33c474c,fraud,electronics,80,0,23492.65,True,False,0
pay_a0ff7cbae30d46,fraud,digital_services,365,0,2477.76,True,False,0
pay_e9e1ca6bb73948,not_received,apparel,1119,0,2337.88,True,False,0
pay_75e4e00c758749,not_received,electronics,1467,0,24661.22,True,False,0
pay_5d76decaeab24c,not_received,apparel,517,1,4329.45,True,False,0
pay_7c578578e8df4d,not_received,digital_services,1088,0,1955.64,True,False,0
pay_405bbeb6c79146,not_received,apparel,665,1,2379.37,True,False,0
pay_1a303027af4140,fraud,electronics,1496,0,30951.4,True,True,1
pay_37154a11e3e643,not_received,digital_services,1178,0,3648.06,True,False,0
pay_7e9e5e4465a642,fraud,apparel,568,0,4360.18,False,False,0
pay_ec9bf7be03be4e,not_received,electronics,6,2,27326.97,False,False,0
pay_d31e244d89324e,not_received,electronics,1217,2,31248.25,True,False,0
pay_ee786bad29f944,damaged,apparel,1211,0,2837.05,True,False,0
pay_11157d8c6ee640,fraud,digital_services,723,0,3937.07,True,False,0
pay_1e3628b20d3641,fraud,electronics,833,2,19454.31,True,False,0
pay_4599991c1da641,fraud,electronics,602,0,22828.12,False,False,0
pay_6d2889b281164b,fraud,digital_services,13,4,3194.01,False,True,1
pay_366e6e7a5fd247,fraud,electronics,222,0,25507.48,True,False,0
pay_459a7fde67e444,damaged,digital_services,415,0,3733.51,True,False,0
pay_19f95e9e102f4a,fraud,electronics,41,0,39291.19,True,False,0
pay_5310f129295f43,fraud,apparel,1004,0,2787.65,True,False,0
pay_2ea70062115948,not_received,electronics,1380,0,25181.21,True,False,0
pay_11f1d9a7e47e49,not_received,digital_services,676,0,3516.08,False,True,0
pay_1705ce58f2104e,not_received,apparel,10,2,5289.48,False,True,0
pay_9db9a303f8a744,fraud,digital_services,36,0,2975.67,True,False,0
pay_c82329598f7742,not_received,apparel,1,6,3182.04,False,True,1
pay_4658f2378d7f47,fraud,electronics,11,3,26504.58,False,True,0
pay_64c8cecfc5304f,fraud,electronics,5,5,24247.15,False,True,0
pay_a73f1106e4a748,damaged,apparel,6,5,4268.9,False,True,1
pay_d498db4fce264d,fraud,apparel,1209,0,3299.88,True,False,0
pay_2afb62d7400c40,not_received,digital_services,736,0,2575.99,True,False,0
pay_441686a074c34b,not_received,electronics,274,0,22393.6,True,False,0
pay_b551010db7ba4f,fraud,apparel,269,1,4681.71,False,False,0
pay_c44885f660e947,damaged,digital_services,731,0,2486.68,True,False,0
pay_cce37fc55e7f48,fraud,electronics,12,4,24336.53,False,True,0
pay_e61a2c40125a45,not_received,digital_services,867,0,3036.94,True,True,1
pay_0d489a89e8354e,damaged,apparel,870,0,1757.26,True,False,0
pay_8e1b9823e5f34c,not_received,apparel,897,0,1300.48,False,False,0
pay_7ced3a076e064d,damaged,electronics,172,2,32649.39,True,False,0
pay_abe6adbcc81b49,fraud,electronics,971,0,21379.72,True,False,0
pay_ab8e777649f746,not_received,electronics,1366,1,20216.98,True,False,0
pay_b4493cec3b7342,fraud,digital_services,44,0,3479.61,True,False,0
pay_e98b2ea8b6f44d,not_received,digital_services,1385,0,4220.06,True,False,0
pay_8b1b5539805b45,damaged,electronics,427,0,16365.57,True,False,0
pay_7fb2d4f16f1d43,fraud,digital_services,5,5,1491.63,False,True,1
pay_84a2f1a360d04e,not_received,apparel,603,2,4206.14,True,False,1
pay_4e474923a28049,fraud,digital_services,1336,0,4280.75,True,False,0
pay_fba9229d6f8f43,not_received,electronics,1097,0,19185.22,True,False,0
pay_b305a7f1336942,not_received,electronics,238,0,23392.21,True,False,0
pay_76236cde3ba44c,damaged,apparel,12,4,2628.65,False,True,0
pay_44cfeaf389c947,not_received,electronics,10,2,25976.76,False,True,0
pay_7e34f959329646,fraud,apparel,1096,0,2764.25,False,False,0
pay_a97b2b77922347,fraud,apparel,987,0,2293.16,True,False,0
pay_5542f503d64b49,fraud,electronics,3,6,17913.54,False,True,1
pay_0e19a75fa5a34f,fraud,electronics,1416,0,18616.7,True,False,0
pay_5eac4c8cd25842,fraud,digital_services,182,0,2652.06,True,False,0
pay_e91ca3359dbf4f,damaged,electronics,386,0,27494.9,True,False,0
pay_70d65c81050b4a,not_received,electronics,1427,0,28325.98,True,False,0
pay_a7a3623a01004b,not_received,apparel,1422,0,3024.37,True,False,0
pay_063af27414fd4f,fraud,apparel,3,2,2361.25,False,True,0
pay_4e3a5d493a4548,damaged,apparel,429,0,3210.97,True,False,0
pay_dc96615f8a624c,not_received,apparel,1189,0,2884.99,True,True,1
pay_130e8715130c4c,fraud,electronics,1081,0,28857.11,False,False,0
pay_0c293bd2184048,not_received,electronics,136,0,25688.18,False,False,0
pay_c6c9ccf9e9c245,not_received,apparel,1401,0,2833.91,True,False,0
pay_4b46c444eafc46,fraud,digital_services,764,0,3004.97,False,False,0
pay_b8ea24fe10dc43,not_received,apparel,8,6,3059.45,False,True,1
pay_aa0390adee9e48,not_received,electronics,1211,0,31723.1,True,False,0
pay_cd8b7e787a5c4b,fraud,electronics,1306,0,25242.93,True,False,0
pay_fd450d9c78614a,damaged,electronics,1440,0,21697.99,True,False,0
pay_f7763539c75b41,damaged,apparel,984,0,4465.74,False,False,0
pay_7ca5f438702849,not_received,electronics,98,0,33824.48,True,False,0
pay_a7c025934f4045,not_received,electronics,1030,0,17681.44,False,False,0
pay_647aed22d5264d,not_received,apparel,213,0,3483.99,True,False,0
pay_aaeb05c572764b,not_received,apparel,1078,0,3518.59,True,False,0
pay_e176149ebb1648,not_received,apparel,1356,0,3408.14,True,False,0
pay_369907e0ba5e44,fraud,apparel,659,0,1327.21,True,False,0
pay_772a38cbfc384d,not_received,apparel,198,0,1369.21,True,False,0
pay_c79f3e9f6cd949,damaged,electronics,529,2,27029.17,True,False,0
pay_d600ea75e3a542,not_received,apparel,1058,0,2552.8,True,False,0
pay_951867f945ba4d,fraud,electronics,196,0,30568.95,True,True,1
pay_c799714db02d49,not_received,electronics,1177,0,17412.42,True,False,0
pay_ce933f6841b940,fraud,apparel,867,0,2803.24,True,False,0
pay_2f1d70e0654d49,fraud,apparel,357,1,3323.23,True,False,0
pay_5b62d886c98c45,fraud,apparel,568,0,2425.94,True,False,0
pay_63d1b16d705b4a,fraud,apparel,1161,0,4110.41,True,False,0
pay_f6d7a268e67747,not_received,digital_services,512,0,1878.0,True,False,0
pay_d28f6308137e4c,not_received,apparel,1461,1,5724.13,True,False,0
pay_81ffb986286d49,fraud,apparel,1360,0,3502.14,True,False,0
pay_b82f803567b241,damaged,apparel,1336,0,2427.95,True,False,0
pay_b0940915a35a4e,damaged,electronics,197,0,25359.76,True,False,0
pay_052671a205be4f,damaged,electronics,684,0,32599.31,True,False,0
pay_610be0c379aa42,fraud,apparel,971,0,2979.48,True,False,0
pay_fe1898496cb249,not_received,electronics,700,0,19544.05,False,False,0
pay_1c55df64982f41,damaged,apparel,137,0,3487.7,False,False,0
pay_e6dab525778d4e,not_received,apparel,485,0,2318.77,True,False,0
pay_876703a18dc646,fraud,digital_services,1275,0,3810.57,True,False,0
pay_45c05642767d4b,fraud,digital_services,373,0,2322.99,True,False,0
pay_9e764e3543b346,not_received,electronics,1055,0,18404.99,True,False,0
pay_8a8318a3117c49,damaged,apparel,61,0,1115.13,True,False,0
pay_1b33bf14ecb04f,not_received,electronics,1303,0,21611.06,True,False,0
pay_b882defeb6ae41,not_received,electronics,461,0,24992.78,True,False,0
pay_afb18c05930442,fraud,apparel,852,0,3661.0,True,True,1
pay_00ebdad2a2fe4d,not_received,electronics,1150,0,21897.85,True,False,0
pay_ee1b01c3142948,damaged,electronics,538,0,24825.44,True,False,0
pay_3e755e96ef124d,fraud,digital_services,122,0,3425.98,True,False,0
pay_112cedba8f1744,not_received,digital_services,1227,1,1362.11,True,False,0
pay_1b9b69a4f7964a,damaged,apparel,9,3,3178.12,False,False,0
pay_fd979bcce7324e,fraud,digital_services,842,0,2349.14,True,False,0
pay_3c6a8ded179f44,not_received,apparel,78,0,4664.89,True,False,0
pay_02a0af3262a840,fraud,electronics,1165,2,27036.73,True,False,0
pay_86febc8d38e943,not_received,apparel,1274,1,2115.06,True,False,0
pay_7d314eeeca4e4b,not_received,apparel,1321,0,596.54,True,False,0
pay_5662a74934684e,not_received,electronics,1299,0,14605.67,True,False,0
pay_a1ae7a2dbcc54f,not_received,digital_services,579,0,2215.43,True,False,0
pay_43927a70567444,fraud,apparel,415,0,1423.58,True,False,0
pay_b4c582a46dbe40,damaged,electronics,10,3,21000.87,False,True,1
pay_e9268ed1372d42,not_received,electronics,837,0,29141.41,True,False,0
pay_53171ecfe04d42,fraud,electronics,91,0,23863.44,True,False,0
pay_18770c8b4d934e,not_received,digital_services,1189,0,4621.49,True,False,0
pay_388c9d9d837f48,not_received,apparel,5,6,3006.55,False,True,0
pay_b35d9efaf4ea4a,fraud,apparel,731,0,2648.19,True,False,0
pay_f9c433e12a1d4c,damaged,apparel,1235,0,3552.28,True,False,0
pay_b05ccdb4157446,damaged,apparel,531,0,1998.66,True,False,0
pay_4be3d0d4d17b45,fraud,apparel,1,2,2962.97,False,True,0
pay_70a164e647b945,damaged,apparel,44,1,2655.07,True,False,0
pay_987cf6a4cc2a4c,fraud,digital_services,221,0,5200.89,True,False,0
pay_206c3b9aea394d,fraud,digital_services,2,6,2180.49,True,False,0
pay_763ccb55d13849,fraud,digital_services,608,0,2988.62,True,False,0
pay_3bd7b2e35e0245,damaged,apparel,5,6,2369.36,False,True,1
pay_74fa1cfdcb6a46,not_received,digital_services,1141,0,3145.18,True,False,0
pay_92a97134f76542,fraud,apparel,294,0,822.73,True,False,0
pay_0a945c06619642,not_received,digital_services,1074,1,3448.2,True,False,0
pay_f20ccff28fbc44,not_received,digital_services,1469,0,5998.65,True,False,0
pay_732ec55d042a48,fraud,digital_services,241,0,4265.98,True,False,0
pay_5be7de0bfd1b4c,damaged,digital_services,10,4,3435.3,False,True,1
pay_dd18f4f1785841,damaged,apparel,649,0,2614.74,True,False,0
pay_8301daad2b1e43,not_received,electronics,1325,0,21783.69,True,False,0
pay_ffc3e2cd2c1546,damaged,electronics,1360,0,18721.02,True,False,0
pay_d25e1d99e4f44b,not_received,apparel,1401,0,3928.97,True,False,0
pay_c80d51fde5da41,damaged,electronics,1395,0,26925.92,True,False,0
pay_bfc16220419646,not_received,apparel,1303,1,1290.6,True,False,0
pay_30d57cb9f5f844,not_received,apparel,6,3,1243.66,False,False,0
pay_ee1b2db9fa7f45,fraud,apparel,500,0,2211.32,True,False,0
pay_ad1accec9b4b4e,damaged,digital_services,6,5,1876.47,False,True,1
pay_0cf1b2e568af4c,not_received,apparel,1321,0,3533.98,True,False,0
pay_703c4352f5634f,fraud,apparel,304,2,2705.55,True,False,0
pay_e5a3835fa42841,fraud,apparel,844,0,5884.15,True,False,0
pay_d2abc8c4d50c40,not_received,digital_services,1,5,2316.08,False,True,1
pay_6d56960ac40d4d,not_received,electronics,403,0,22128.36,True,False,0
pay_b0746c99b63748,not_received,electronics,93,0,32029.95,True,False,0
pay_977ed056542149,damaged,digital_services,1274,0,4519.8,True,False,0
pay_5c4d785bc3bd44,fraud,apparel,740,0,3383.87,True,False,0
pay_908ffeb862ef46,not_received,apparel,978,0,3629.98,True,False,0
pay_0bcf5990991742,fraud,apparel,5,3,3486.48,False,False,0
pay_a7fd0fdd986648,damaged,electronics,579,0,21661.72,True,False,0
pay_d52233eac3b04a,damaged,apparel,129,0,3771.13,True,False,0
pay_3827be2a67eb44,not_received,electronics,2,5,32456.31,False,True,1
pay_1de7b0fdab5746,not_received,apparel,1409,0,3204.0,True,False,0
pay_4511006a8c0d4a,fraud,apparel,11,2,3771.1,False,True,0
pay_e9497cbf7e2644,not_received,apparel,1117,0,1255.17,False,False,0
pay_b90163656c3a41,damaged,apparel,10,6,2091.74,False,False,0
pay_4e124f1a727a47,not_received,digital_services,902,0,3583.07,True,False,0
pay_3e372108fc8a47,fraud,apparel,588,0,1168.88,True,False,0
pay_e886005f3d8348,not_received,digital_services,898,0,1883.81,True,False,0
pay_316615f4e0aa4c,damaged,apparel,9,2,3787.47,False,True,0
pay_972c20ae240b40,fraud,apparel,529,0,4182.23,True,False,0
pay_6f3e332fbbb54d,fraud,electronics,239,0,33438.7,True,False,0
pay_a80341c837984a,not_received,electronics,463,2,20575.61,False,False,0
pay_b6bb2a8d55f040,damaged,apparel,999,0,3817.53,True,False,0
pay_860517d7516b40,fraud,electronics,4,6,26038.77,False,True,0
pay_e26ffb5b961a40,fraud,apparel,294,0,2471.43,False,False,0
pay_07029dcba04a4c,fraud,apparel,1075,0,5323.3,True,False,0
pay_73d7caaf95df45,fraud,digital_services,1332,0,4030.85,True,False,0
pay_bdc2452a246144,not_received,digital_services,83,0,1240.08,True,False,0
pay_85639c3210464e,not_received,electronics,71,0,27152.06,True,False,0
pay_1d45f41fe5bd47,not_received,electronics,1231,0,24196.32,True,False,0
pay_17ca4bfc8f9840,not_received,apparel,226,0,4287.69,True,False,0
pay_12303b39cec34d,fraud,electronics,13,6,23566.98,False,False,0
pay_b1917eecb34345,damaged,electronics,1317,1,21341.35,True,False,0
pay_bc750bf7e73a42,not_received,digital_services,580,0,2155.39,True,False,0
pay_cc4e0534174c49,damaged,digital_services,668,0,2522.13,True,False,0
pay_1a4f51174d7c45,not_received,apparel,6,2,4819.51,False,True,0
pay_c662973ba51e47,fraud,apparel,1095,0,3568.55,True,False,0
pay_882aa74e4dd24d,not_received,apparel,7,2,4885.19,False,True,0
pay_b50e88db591645,fraud,apparel,1103,0,3613.17,True,False,0
pay_580219e2542849,not_received,apparel,631,0,4131.94,True,False,0
pay_192ac75b524740,fraud,apparel,9,4,3703.53,False,False,0
pay_aa8f20e817bb45,fraud,electronics,195,1,34975.0,True,False,0
pay_92d2408095874b,damaged,digital_services,1231,0,1686.78,True,False,0
pay_1c2d720b684445,fraud,apparel,998,0,2773.93,True,True,1
pay_abbb903bdb2546,damaged,apparel,803,0,4012.85,True,False,0
pay_373d8c2115874e,fraud,digital_services,802,0,3805.76,True,False,0
pay_536a96dea8ba4c,not_received,electronics,1379,0,20856.97,False,False,0
pay_cbff6ee847a541,not_received,electronics,1475,0,29699.92,True,False,0
pay_b21947ec117c4d,not_received,digital_services,4,6,6102.87,False,True,1
pay_189f2b115e6d4b,fraud,digital_services,1134,0,2787.66,True,False,0
pay_a4e0b5bd65bf4c,fraud,apparel,6,3,1806.1,False,True,0
pay_0c7fab4e125840,fraud,electronics,3,2,19978.19,False,True,0
pay_ac09eff75a3b47,fraud,apparel,1236,0,3222.26,True,False,0
pay_ed4f742723754c,not_received,electronics,848,0,25727.73,True,False,1
pay_1337be9bfc7748,damaged,apparel,5,6,2704.24,False,True,1
pay_42a2fab129da49,damaged,electronics,313,0,27227.09,True,False,0
pay_6835f0861f614e,not_received,digital_services,794,0,3496.43,True,False,0
pay_496d1dd7c1df4f,not_received,apparel,1,6,3375.28,False,True,1
pay_5ec51879701744,not_received,digital_services,285,0,1921.44,True,False,0
pay_ca0d8e9778c54a,fraud,electronics,658,0,20740.13,True,False,0
pay_6ea1323be53f44,damaged,electronics,908,0,18236.25,True,False,0
pay_7a70149d1bfb4f,not_received,digital_services,314,0,697.57,True,False,0
pay_bb16b46651ef43,not_received,electronics,1369,0,31666.66,True,False,0
pay_944088151b244b,fraud,apparel,1011,0,3560.18,True,False,0
pay_46b87658afa247,not_received,electronics,1499,0,39384.82,True,False,0
pay_d0023406429e45,not_received,apparel,409,0,2610.44,True,False,0
pay_1732a9e7bb4d4f,damaged,electronics,1359,0,36928.68,False,False,0
pay_cf4cd45a16ba49,not_received,apparel,843,0,1641.34,True,False,0
pay_e707415406f74a,fraud,apparel,1228,0,1355.78,False,True,0
pay_9450a4dcbcca44,damaged,apparel,1056,0,1481.74,True,False,0
pay_d367aa878bd748,fraud,electronics,526,0,21898.73,True,False,0
pay_52f49e1ec8d24b,not_received,apparel,503,0,1016.11,True,False,0
pay_6a217087dcc447,fraud,apparel,681,0,1870.69,True,False,0
pay_14206382b21f4f,not_received,electronics,1309,0,24695.98,True,False,0
pay_4e8576a32e8040,damaged,apparel,2,2,3532.59,False,True,1
pay_5f68171f43fc4a,fraud,digital_services,899,0,2150.95,False,False,0
pay_0394471e249745,damaged,electronics,55,0,36199.6,True,False,0
pay_65514831fb634d,fraud,apparel,1420,0,3035.32,True,False,1
pay_b534663232df4a,damaged,apparel,1136,0,4097.85,True,False,0
pay_111a52494ce343,not_received,electronics,621,1,16710.49,True,False,0
pay_3a9004caa6c04b,damaged,electronics,89,0,32240.28,True,False,0
pay_c8ee405cc75b4b,fraud,apparel,930,0,3621.97,True,False,0
pay_95093e92294749,damaged,apparel,166,0,3734.29,True,False,0
pay_9f66da9964324e,not_received,electronics,2,2,23151.32,False,True,0
pay_470fc199a79145,fraud,digital_services,794,0,3126.62,True,False,0
pay_a7f4d9a2c3144d,damaged,apparel,991,1,3668.97,True,False,0
pay_0bbc402883c940,fraud,electronics,499,0,13886.6,True,False,0
pay_2e3623fe9d7646,damaged,apparel,1397,0,2156.07,True,False,0
pay_b046a094321e4e,fraud,digital_services,711,0,2510.1,True,False,0
pay_679c5729b19247,not_received,electronics,433,2,29130.12,True,False,0
pay_43e6ede7267f4d,not_received,apparel,106,0,2215.99,True,False,0
pay_95a88504a2a849,fraud,apparel,2,4,4849.6,False,True,0
pay_1059cade82cc4e,fraud,electronics,814,2,22196.77,True,False,0
pay_673580ae362b48,fraud,electronics,690,0,12619.79,True,False,0
pay_1d6d36648d0d4a,not_received,electronics,847,0,23445.75,True,False,0
pay_1954f006ddda47,fraud,electronics,1396,0,29720.14,True,False,0
pay_ec6f957655524c,not_received,electronics,685,0,21462.99,True,False,0
pay_25cb9db386d34d,fraud,digital_services,922,0,3560.16,True,False,0
pay_45391f1bd23c4d,fraud,digital_services,1268,0,1692.48,True,False,0
pay_7bbb19dd893f4e,not_received,electronics,1495,0,25782.77,True,False,0
pay_d93dd9a27eb240,fraud,apparel,780,0,2736.39,True,False,0
pay_8772230c01eb46,damaged,electronics,1052,0,26881.48,True,False,0
pay_41a66a0bbbd941,damaged,electronics,1199,0,24943.8,True,False,0
pay_c897417c99314e,not_received,electronics,394,0,19836.87,True,False,1
pay_74a0dd17961443,not_received,electronics,462,0,26928.83,True,False,0
pay_7dac99a57f4446,damaged,digital_services,184,0,2340.19,True,False,0
pay_1b3fa04ba6da44,fraud,electronics,137,0,21405.69,True,False,0
pay_77bc0adaf5eb4f,fraud,apparel,5,6,995.76,False,False,0
pay_471940bfef6043,fraud,electronics,11,2,35350.65,False,True,0
pay_e5fb8f5ad34240,not_received,electronics,1154,0,30609.06,True,False,0
pay_073505655d094e,fraud,digital_services,112,0,3832.6,True,False,0
pay_b1485d5c47ea48,not_received,electronics,5,3,27066.0,False,True,1
pay_a642244450f047,damaged,digital_services,1061,0,1418.56,False,False,0
pay_f23a05d2b52b40,damaged,electronics,889,0,22038.45,True,False,0
pay_dafaa96b063a47,not_received,apparel,8,2,4545.33,False,True,0
pay_ece2b825d9d045,fraud,digital_services,1266,0,2202.64,False,False,0
pay_de58936763ff42,damaged,electronics,551,0,33963.92,False,False,0
pay_fd562f00616446,not_received,apparel,1,4,3580.02,False,False,0
pay_b993dbe7d1064c,fraud,apparel,809,0,3057.07,True,False,0
pay_44bfa56817a446,fraud,electronics,344,0,17926.45,False,False,0
pay_448ed235f26343,damaged,apparel,4,2,3855.88,True,True,1
pay_fa094bf5d11b49,not_received,electronics,3,3,16684.59,True,True,1
pay_2943a4c3c46f4d,damaged,electronics,133,2,23853.42,True,False,0
pay_ceaf68c422c040,damaged,electronics,820,0,22160.82,False,True,1
pay_99d67ae9291349,not_received,digital_services,8,5,4065.94,False,False,0
pay_e77f8b887f6146,not_received,electronics,891,0,17977.88,True,False,0
pay_f3c7d75b2c254c,not_received,electronics,1108,1,23281.16,True,False,0
pay_9c2faabbfe1e41,fraud,apparel,146,0,3306.51,True,False,0
pay_a8c0c409b49f44,not_received,electronics,1192,0,28339.54,True,False,0
pay_b9e6b5cefdc24f,not_received,apparel,1002,0,2299.23,True,False,0
pay_b918c8c044a948,not_received,electronics,727,0,22215.21,True,False,0
pay_74974945b82949,damaged,apparel,794,0,4653.3,True,False,0
pay_37b8b3b3192d4a,not_received,apparel,324,0,3223.82,True,False,0
pay_9b1865b37b954e,not_received,electronics,124,0,18280.6,True,False,0
pay_1bfc79ee7e8d44,not_received,electronics,813,0,23393.53,True,False,0
pay_b273dd4089b640,not_received,apparel,1211,0,2636.96,True,False,0
pay_19615a6cb1a94b,not_received,apparel,554,0,3405.79,True,False,0
pay_ddd500f311bb4d,fraud,electronics,149,0,22668.0,True,False,0
pay_a4824fc4085642,not_received,electronics,889,0,39395.77,True,False,0
pay_632c8b36b51048,fraud,electronics,1425,0,26883.86,True,False,0
pay_6e42f853fd8045,fraud,apparel,1152,0,2601.68,True,False,0
pay_a8bf456977204e,not_received,digital_services,723,0,3206.55,True,True,1
pay_49eb1b8ad3f241,not_received,electronics,4,3,29223.79,False,True,0
pay_7692af29527c4d,damaged,electronics,1305,0,39073.42,True,False,0
pay_5a1ee8e0873e48,not_received,electronics,207,0,31080.1,True,False,0
pay_6d4e65c105cb49,not_received,electronics,1338,0,20150.56,True,False,0
pay_db22cee2066a48,not_received,apparel,240,0,2230.78,False,False,0
pay_c698ccc12de645,not_received,digital_services,673,0,3502.02,True,False,0
pay_0f63e5782b524e,fraud,electronics,797,0,30410.36,True,False,0
pay_79b4a7b1f9884a,fraud,apparel,476,0,1507.05,True,False,0
pay_82ca4a7d6f1b41,fraud,electronics,1345,0,28921.88,True,False,0
pay_f212d635b3ec45,not_received,digital_services,177,0,2001.45,True,False,0
pay_de00db1eee0943,fraud,apparel,491,0,3228.77,True,True,1
pay_2a2cc0e1698f45,fraud,electronics,48,0,35684.84,True,False,0
pay_fe9f98cac51a4d,fraud,digital_services,5,5,2387.39,False,True,0
pay_1be61e8fb2024d,damaged,electronics,548,0,27633.03,False,False,0
pay_8c1ee2f9522847,fraud,apparel,312,0,2683.66,True,True,1
pay_29f7c20743ac4f,not_received,digital_services,7,4,3202.4,False,False,0
pay_eabc81cc7ef34b,fraud,electronics,1467,0,27528.27,True,False,0
pay_998079d048614b,not_received,apparel,12,2,4914.35,False,True,0
pay_6271743ad06749,fraud,digital_services,283,0,2790.98,True,False,0
pay_5d458953d8c448,fraud,digital_services,1279,1,1895.65,True,False,0
pay_0e2bf4a956ff48,not_received,apparel,1153,2,3542.78,True,False,0
pay_aa531f26f4f443,fraud,electronics,53,0,23737.99,True,False,0
pay_3c4fa65d219b49,fraud,apparel,93,0,2607.28,True,False,0
pay_fa6f755dedb540,fraud,apparel,6,2,2523.24,False,True,0
pay_d0456f3427f349,fraud,apparel,511,0,4065.82,True,False,0
pay_fe93bdd2e44c43,fraud,digital_services,638,0,2538.48,True,False,0
pay_3a33696858af45,fraud,electronics,13,3,21808.8,False,True,1
pay_d9eff38b19fe48,damaged,electronics,13,2,34669.27,False,True,0
pay_2398bf38e8974f,not_received,apparel,990,0,2300.64,True,False,0
pay_79380105fad84a,not_received,digital_services,835,0,2859.35,True,False,0
pay_8c4234c497094f,fraud,apparel,889,1,4575.88,True,False,0
pay_2cc2a9325dbc48,damaged,digital_services,1398,0,2004.52,True,False,0
pay_4909be618c5849,fraud,digital_services,685,0,3111.77,True,False,0
pay_0b52037f86c749,fraud,digital_services,5,5,1994.86,False,True,1
pay_587f07edbbc14b,not_received,digital_services,427,0,4677.59,True,False,0
pay_c66441e84cea4f,fraud,digital_services,8,4,1349.25,False,False,0
pay_4582e9ad535042,fraud,digital_services,711,0,2595.74,True,False,0
pay_b02e26a0b58348,not_received,apparel,818,0,3915.9,True,False,0
pay_8bf907087cd345,damaged,electronics,1375,0,15589.58,True,False,0
pay_9220a42c0c004f,not_received,electronics,432,0,38140.65,True,False,0
pay_5fe996956b1a49,not_received,electronics,1056,0,28773.46,True,False,0
pay_07b399fee74e4a,damaged,electronics,7,3,23485.38,False,True,1
pay_a29a40cbea4941,fraud,electronics,940,0,26456.69,False,False,0
pay_a138363967854d,fraud,digital_services,687,0,3869.93,True,False,0
pay_102f58e515424d,fraud,apparel,854,0,2936.23,True,False,0
pay_a6133cd79b2341,not_received,electronics,7,3,24088.17,False,False,0
pay_1b2a9dc937df44,not_received,apparel,856,0,3449.59,True,False,0
pay_2fc3fc9465b549,damaged,apparel,1326,0,1957.78,True,False,0
pay_fd6ef9e7b23c48,not_received,electronics,140,0,23270.66,False,False,0
pay_0e2d0400e2a546,not_received,digital_services,243,0,2063.72,False,False,0
pay_4fa139cebd8f49,fraud,electronics,1070,0,26819.52,True,False,0
pay_3b9436c2580d4e,damaged,apparel,1143,2,2307.7,True,False,0
pay_4fb04ae6ad9346,damaged,electronics,1356,0,26194.2,True,False,0
pay_623f498e7a3c49,damaged,apparel,1291,0,4451.82,True,False,0
pay_e357c481f83949,fraud,digital_services,660,0,4206.73,True,False,0
pay_d0edec6f510048,not_received,electronics,5,6,16718.01,False,False,0
pay_5354fa9562d244,fraud,digital_services,3,3,3630.94,False,False,0
pay_6c01c645d55148,fraud,electronics,241,0,20710.25,True,False,0
pay_83e60807340b48,fraud,apparel,88,0,2720.17,True,False,0
pay_734ec4507ee843,not_received,digital_services,1260,0,3107.4,True,False,0
pay_9bc450616a1542,not_received,digital_services,387,0,3485.52,True,False,0
pay_995318d1e80d43,fraud,electronics,551,0,23937.7,True,False,0
pay_9503737a6a1d47,fraud,electronics,318,0,28878.51,True,False,0
pay_94d89c6893a546,not_received,apparel,756,1,3543.39,True,False,0
pay_6de6559451d84d,fraud,electronics,1430,2,27669.64,False,False,0
pay_05c092273c2444,fraud,apparel,1315,0,3180.3,True,False,0
pay_8da2d4d89a2e4e,not_received,apparel,188,0,3098.69,False,False,0
pay_1da9820ff2634e,not_received,apparel,1079,0,3404.78,False,False,0
pay_0a99c418a3ee46,fraud,electronics,1450,0,21654.8,True,False,0
pay_989c63e69ba645,fraud,apparel,756,0,3318.96,True,False,0
pay_c43261736f9b47,fraud,digital_services,74,0,2662.91,True,False,0
pay_430730aef0534a,damaged,apparel,54,0,2468.04,True,False,0
pay_35aa6d1b6d6542,not_received,apparel,397,0,829.46,True,False,0
pay_b7901f394fb844,not_received,electronics,3,5,22685.55,False,True,0
pay_535f703d68ba45,fraud,electronics,248,0,22720.58,True,False,0
pay_82870c1f606f42,not_received,electronics,1022,2,29787.86,True,False,0
pay_ee7e62970da948,fraud,apparel,442,0,2423.62,True,False,0
pay_5b1c5a2ef12344,not_received,electronics,1146,0,30077.21,True,False,0
pay_c61e434f85214a,damaged,apparel,330,0,4096.52,True,False,0
pay_ec762bba995e4c,not_received,apparel,328,0,2546.87,True,False,0
pay_a13fb2051abb48,damaged,apparel,1044,0,2612.45,True,False,0
pay_6b2637cc9f1c4b,not_received,electronics,710,0,20461.0,True,True,1
pay_fcf83b9bdca34c,fraud,apparel,171,0,1857.18,True,False,0
pay_31d7f5edb98a4e,damaged,apparel,281,0,1858.7,True,False,0
pay_8d29552ea8b946,fraud,electronics,1366,0,24480.61,True,False,0
pay_cb4179bb7e7d4b,not_received,electronics,945,0,29196.03,True,False,0
pay_77dade6e4e1a4d,fraud,apparel,228,1,3720.75,True,False,0
pay_a99a68e6d1fd40,fraud,electronics,827,0,27716.38,True,False,0
pay_495462065a5f44,not_received,electronics,1038,0,18658.55,False,False,0
pay_e16fc31487e84b,fraud,electronics,1210,0,35416.33,True,False,0
pay_9d55c277b8d045,not_received,electronics,906,0,19090.09,True,False,0
pay_774eb84407604c,not_received,digital_services,1119,1,2122.71,True,False,0
pay_6091ead27fa44c,fraud,apparel,169,0,4402.17,False,True,0
pay_8181c04f56e14b,fraud,apparel,1091,2,2476.7,True,False,0
pay_6432ccf0d0264d,not_received,digital_services,638,0,3008.29,True,False,0
pay_cdd356ff40a147,fraud,apparel,11,3,2740.99,False,True,0
pay_8657048aa2c841,not_received,apparel,729,1,4456.15,True,False,0
pay_db94e3e32d5b4e,not_received,electronics,1430,0,20357.5,False,False,0
pay_e2121cfd262742,damaged,apparel,728,0,824.3,False,True,1
pay_feee2932e9384b,not_received,electronics,981,0,31061.93,True,False,0
pay_399d0af4d9924a,not_received,apparel,1145,0,3400.5,True,False,0
pay_cf880665fd6c43,not_received,electronics,855,0,22928.51,True,False,0
pay_b1059598ed664d,fraud,electronics,10,3,28631.83,False,False,0
pay_a51e29daf67243,fraud,electronics,1,4,27388.11,False,True,1
pay_cdee9f8cdbb54c,not_received,electronics,391,2,27433.67,True,False,0
pay_2a832c5a3e4043,not_received,digital_services,340,0,1854.65,True,False,0
pay_cd2a7d80d74249,not_received,electronics,5,4,23663.13,False,True,0
pay_3dd9748032e945,damaged,digital_services,1421,0,3532.17,True,False,0
pay_dc6eea1f32a942,damaged,apparel,3,5,3741.16,False,True,1
pay_d74ba939980f43,damaged,apparel,13,3,3226.7,False,False,0
pay_3e48a8fc80134a,not_received,electronics,317,0,22341.22,True,False,0
pay_ccfa225cf53f4e,fraud,digital_services,145,0,3061.39,True,False,0
pay_f506636d16d240,not_received,electronics,1479,0,22894.01,True,False,0
pay_3ae94a7635bb4d,fraud,apparel,716,0,2767.38,True,False,0
pay_f08ea4d7e9bf49,not_received,apparel,656,0,1572.54,False,False,0
pay_1e74d822334442,not_received,apparel,3,6,1295.65,False,True,0
pay_67c7a7511d2f4d,not_received,electronics,327,0,17675.79,True,False,0
pay_7bd5e466fa2c42,fraud,apparel,147,0,4098.09,True,False,0
pay_c3d2d2d877ef4c,fraud,digital_services,10,3,3807.18,False,True,0
pay_0f89dc91ceb143,not_received,digital_services,715,0,4200.89,True,False,0
pay_c4500751bbb34a,fraud,digital_services,787,0,3268.35,True,False,0
pay_87b809ad3a3c45,damaged,electronics,1338,0,24443.04,True,False,0
pay_f375ab3c4dc24e,fraud,electronics,13,2,20532.92,False,False,0
pay_0fb6be7e286941,fraud,electronics,221,0,32492.73,True,False,0
pay_e876593ee05b48,fraud,digital_services,837,0,2910.58,False,False,0
pay_7a00e0ab131043,not_received,electronics,936,0,23295.23,True,False,0
pay_2a7303ee54e049,not_received,apparel,336,0,2746.87,True,False,0
pay_844f972f81a646,fraud,digital_services,208,0,4176.39,True,False,0
pay_4345b5e09f1c48,fraud,apparel,232,0,3712.67,True,False,0
pay_127e8337e43a45,not_received,apparel,1020,2,3376.62,True,False,0
pay_eb36de269d2b4c,fraud,electronics,224,1,23354.0,True,False,0
pay_b4df60d4d2bf46,not_received,apparel,723,0,1958.02,True,False,0
pay_29e50a78d2114f,not_received,digital_services,111,0,4705.49,True,False,0
pay_15b1cda79a5747,fraud,apparel,1147,0,2135.89,True,False,0
pay_a435c0d5c7ae4f,fraud,electronics,434,0,35298.58,True,False,1
pay_9495bc9415b340,damaged,electronics,872,0,33386.28,True,False,0
pay_b64b4e5a30ad46,not_received,electronics,1002,0,35836.97,True,False,0
pay_5e0a019ff25c4d,not_received,apparel,1130,0,2089.81,True,False,0
pay_ec198158061b42,fraud,electronics,601,0,27571.24,True,False,0
pay_b9620fe4eac84f,not_received,apparel,2,3,3467.16,False,False,0
pay_b64a6ad7870242,fraud,apparel,1197,0,4186.6,True,False,0
pay_e1f1a073672745,not_received,apparel,567,1,3646.3,True,False,0
pay_0a7fbcc27b9a45,damaged,electronics,11,2,26552.94,False,False,0
pay_365e03e260924d,fraud,apparel,119,0,789.84,True,False,0
pay_8ba6790de7f645,fraud,apparel,387,0,2548.97,True,False,0
pay_533230c1dbcd47,fraud,electronics,1452,0,28845.16,False,False,0
pay_ddb92a790ff549,fraud,digital_services,6,4,4070.65,False,True,0
pay_82aeb7f941424c,fraud,electronics,217,0,20483.1,True,False,0
pay_9f37f6ef6ee84b,fraud,apparel,1002,0,2195.91,True,False,0
pay_74aa694c050f48,not_received,electronics,1386,0,16425.14,True,False,0
pay_17dee2d9fc9640,not_received,apparel,1475,0,3157.68,True,False,0
pay_981187e9033543,fraud,apparel,9,3,2915.83,False,True,0
pay_87434c6cde4a40,damaged,electronics,47,0,22794.58,True,False,0
pay_a402bd58b9d246,fraud,apparel,2,6,2474.84,False,True,1
pay_50fc8789dc1c4b,damaged,apparel,1373,0,3483.57,True,False,0
pay_6a856c4098ac4c,fraud,apparel,1261,1,5344.97,True,False,0
pay_a810fc0c00ea4a,damaged,electronics,7,4,24779.29,False,True,1
pay_e63818eac9ab4c,not_received,electronics,887,0,23416.75,True,False,0
pay_d1b51484b1f44e,damaged,apparel,12,5,2348.79,False,True,1
pay_9b0fe5de19b148,damaged,electronics,253,1,20004.91,True,False,0
pay_4e7a668f691141,fraud,apparel,778,0,4148.99,True,False,0
pay_3d110e04042f4b,damaged,electronics,791,0,25390.62,True,False,0
pay_9d75c8287c9046,fraud,electronics,990,0,33807.04,True,False,0
pay_62d440787de747,fraud,digital_services,1485,0,2614.29,True,False,0
pay_e44f4bcd006641,fraud,apparel,676,0,4148.88,True,False,0
pay_8e85e9d6c28a4b,not_received,apparel,1243,1,4677.46,False,False,0
pay_c1ca61380a2345,fraud,digital_services,1451,1,4482.42,True,False,0
pay_e37b3eaf0ff94b,not_received,apparel,1,4,2734.35,False,True,0
pay_705ccbab306f4c,not_received,apparel,682,1,4213.83,True,False,0
pay_ab0e3de630434f,not_received,digital_services,1002,0,1794.96,True,False,0
pay_700e4ea956b743,damaged,apparel,1409,2,3590.06,True,False,0
pay_a5e7dfa2f97d44,not_received,apparel,686,0,1348.78,True,False,0
pay_67d08e64ddc048,fraud,apparel,660,0,2867.23,True,False,0
pay_f0e708afd99d43,fraud,digital_services,1006,0,3179.74,True,False,0
pay_96c73d9267cf47,fraud,electronics,7,2,30365.74,False,False,0
pay_83e9fba7ab0044,fraud,electronics,267,0,29534.5,True,False,0
pay_5c1ab531f4b044,fraud,electronics,767,0,20578.15,True,False,0
pay_9ff27ae4e8fd43,fraud,electronics,684,0,22345.43,True,False,0
pay_7b6741e8e99e49,damaged,electronics,3,3,25951.48,False,True,1
pay_5e215a128b5d43,not_received,digital_services,704,1,4955.23,True,False,0
pay_3387abed0b2640,fraud,apparel,1007,2,2532.05,True,False,0
pay_bf648ed471ab43,not_received,electronics,876,0,33924.5,True,False,0
pay_7943ef53c0a444,fraud,apparel,727,0,4770.04,True,False,0
pay_f305247e4f5f40,not_received,apparel,968,0,2381.19,True,False,0
pay_8d921210d18c47,not_received,apparel,1461,0,5175.75,False,False,0
pay_66e177393a7546,not_received,electronics,1092,0,24695.1,True,False,0
pay_f42b211c770341,not_received,digital_services,11,4,2136.2,False,True,0
pay_ed3b9fc69e2e45,damaged,electronics,998,0,24351.12,True,False,0
pay_5666d500188340,damaged,electronics,742,0,34679.67,True,False,0
pay_6e69acf6be954f,not_received,electronics,62,0,29694.37,True,False,0
pay_651e548ff0de44,not_received,apparel,11,5,2155.0,False,False,0
pay_3a33072824d342,not_received,apparel,1109,0,3050.59,True,False,0
pay_041b0f9c80414a,fraud,electronics,1354,0,27804.23,True,False,0
pay_862b4546cb154d,fraud,electronics,787,0,22327.87,True,False,0
pay_6903e5fbe35f48,fraud,apparel,125,1,1899.64,True,False,0
pay_de6f816a3f5b4b,not_received,apparel,1458,0,2527.08,False,True,0
pay_96b83827eb9a4e,not_received,electronics,477,1,23825.84,True,False,0
pay_564a7b1bd65345,fraud,digital_services,3,3,4626.82,False,True,1
pay_1b048d7eab984b,damaged,digital_services,1439,0,2267.26,True,False,0
pay_59033255eaad48,damaged,electronics,1225,0,22881.16,True,False,0
pay_c4e94801abf748,not_received,apparel,1318,0,2263.58,True,False,0
pay_476dd5b756c34b,not_received,electronics,8,4,25308.26,False,True,0
pay_ca53c3e8c46644,damaged,apparel,881,0,3480.65,True,False,0
pay_d8455b4dc37e4a,fraud,apparel,1222,0,3010.29,False,False,0
pay_b58d83f81a7b49,not_received,electronics,876,0,20590.46,True,False,0
pay_f905aa6459444e,fraud,apparel,1288,0,2730.64,True,False,0
pay_bbc99bcdbe4948,not_received,digital_services,13,5,2346.55,False,False,0
pay_dbc1fbf6e6924d,fraud,electronics,1111,0,29114.98,True,False,0
pay_8fcc9b8672cf4b,damaged,electronics,4,4,30709.07,False,True,1
pay_c98fc3d6c32e41,damaged,electronics,7,3,24177.42,False,True,1
pay_85ad5936b7ce45,fraud,apparel,180,0,3955.09,True,False,0
pay_16e650b8a90d4d,not_received,apparel,2,6,2465.73,False,False,0
pay_f4f38749aa7145,damaged,apparel,63,0,2073.94,True,False,0
pay_a416cf33e5134c,not_received,apparel,693,0,2715.44,True,False,0
pay_f464c412244344,damaged,apparel,439,0,2876.43,True,False,0
pay_1cc31ae8577f43,not_received,apparel,37,2,2935.86,True,True,1
pay_85f2e206784141,fraud,apparel,903,0,3523.67,True,False,0
pay_8ad4095653de46,fraud,apparel,1173,0,1772.74,True,False,0
pay_e232f6c5941d43,fraud,digital_services,631,0,3289.38,True,False,0
pay_0d8f3a2885e24c,not_received,electronics,1343,0,23503.5,False,False,0
pay_d575b144eeb444,fraud,electronics,7,2,8437.84,False,True,0
pay_a752add01f5246,not_received,electronics,376,0,21649.76,True,False,0
pay_f88bcde9a7ee40,not_received,digital_services,236,0,4336.31,True,False,0
pay_20f5028b75874b,not_received,apparel,367,0,4308.03,True,False,0
pay_449bd2611f974a,damaged,electronics,4,4,28865.43,False,True,1
pay_054185436c8145,damaged,digital_services,950,0,1797.77,True,False,0
pay_04cd51acc8cb4d,not_received,digital_services,1229,2,2709.23,True,False,0
pay_8da5923fad004e,damaged,digital_services,1062,0,3043.1,True,False,1
pay_d6bfa476f17841,not_received,electronics,482,0,33450.87,True,False,0
pay_98e925e01d4844,not_received,digital_services,656,2,3274.01,True,False,0
pay_49249404446249,damaged,electronics,969,0,23784.36,True,False,0
pay_ae79949291c44d,fraud,electronics,756,0,30411.47,True,False,0
pay_5086d87d699e42,fraud,electronics,417,0,21925.81,True,False,0
pay_dedc895e25d147,damaged,apparel,1,5,3174.82,False,True,1
pay_dc15ce97d8ea41,not_received,electronics,752,0,29838.39,True,False,0
pay_4d2001b17b904a,damaged,apparel,741,0,1414.1,True,False,0
pay_6b4b5e49f1454b,damaged,digital_services,7,4,1914.64,False,True,1
pay_000904ce808a45,fraud,electronics,961,1,20911.69,True,False,0
pay_62b57a8cf5a245,damaged,electronics,1094,0,29928.31,True,False,0
pay_99f17ea13a824d,not_received,electronics,154,0,24227.08,False,False,0
pay_e4ad273de5634f,not_received,digital_services,4,4,3631.47,False,True,1
pay_4df63da21a7a43,not_received,electronics,304,0,38323.17,True,False,0
pay_6273933d61f944,damaged,apparel,941,2,3585.49,True,False,0
pay_918486ff6ac345,fraud,electronics,552,0,23520.87,True,False,0
pay_69fc477a6a414b,not_received,digital_services,1058,0,4723.04,True,False,0
pay_8907e3c706f444,not_received,electronics,512,0,27389.92,True,False,0
pay_57c184b7716149,not_received,apparel,11,5,2649.33,False,True,0
pay_35818cf0b12447,not_received,apparel,349,2,3180.36,True,False,0
pay_553a54a897d447,fraud,digital_services,46,0,2365.68,True,False,0
pay_2161854268c244,fraud,electronics,218,0,26030.81,True,False,0
pay_1a23ae66c9684b,fraud,apparel,1132,0,2899.35,True,False,0
pay_0cfe0ef8203943,damaged,electronics,116,1,23854.35,True,False,0
pay_e0743f6bbee54a,fraud,digital_services,723,0,2042.77,True,False,0
pay_cd90049ab6ce45,fraud,apparel,328,0,3075.27,True,False,0
pay_d4893d7b652e4c,damaged,apparel,1052,0,3616.58,True,False,0
pay_804fe79be29b49,fraud,apparel,623,0,4594.39,True,False,0
pay_0b5e933e3bdb44,damaged,electronics,13,2,26390.04,False,True,1
pay_491d1224485f42,not_received,electronics,245,0,23852.54,True,False,0
pay_ffefe67b131442,damaged,apparel,536,0,2742.51,True,False,0
pay_96e049af6e7644,fraud,digital_services,6,3,4832.68,False,False,0
pay_4769f395e9064e,fraud,electronics,497,0,22970.27,True,False,0
pay_c6817efbb0c045,not_received,digital_services,983,0,2677.57,True,False,0
pay_bcaa610c596c44,damaged,electronics,742,0,20174.06,True,False,0
pay_4067a7aff16f4b,not_received,digital_services,211,0,3622.09,True,False,0
pay_81a49577bce24e,fraud,electronics,872,0,22629.36,True,False,0
pay_c2adfd02801146,not_received,electronics,465,0,29301.15,True,False,0
pay_4aad357422c245,not_received,apparel,1260,0,4338.17,True,False,0
pay_e7e2756bff1549,not_received,apparel,729,0,3742.73,True,False,1
pay_eb18f8faee1048,not_received,apparel,334,0,1998.21,True,False,0
pay_531305d62ba048,damaged,apparel,1482,0,2208.21,True,False,0
pay_986c0e59d9b244,not_received,apparel,1106,0,1388.06,True,False,0
pay_317cd9844b7847,fraud,electronics,5,4,24619.52,False,True,0
pay_a78d006b99a240,not_received,electronics,221,0,27397.0,False,False,0
pay_428d375d717841,fraud,electronics,323,0,33879.13,True,False,0
pay_5eb6b23fd11944,not_received,apparel,33,0,1257.47,True,False,0
pay_9ddfb2d2325f41,not_received,apparel,1358,0,3124.74,True,False,0
pay_421f09936a1c40,fraud,apparel,480,0,2238.97,True,False,0
pay_928293acfb4b44,fraud,apparel,8,3,4813.77,False,True,1
pay_b72b83a0c1ab4c,fraud,electronics,1117,0,31991.96,True,False,0
pay_1f5d95f2da6245,damaged,apparel,656,0,5382.91,True,False,0
pay_27ff484672d94e,damaged,electronics,6,5,26777.0,False,False,0
pay_fa4ff0443afb43,fraud,apparel,1118,0,2482.97,True,False,0
pay_bcfc5a68f9264c,damaged,electronics,81,0,24407.58,False,False,0
pay_f9b11a718b9e41,not_received,apparel,6,6,3578.39,False,True,0
pay_2e773bae706842,fraud,apparel,1295,0,2411.96,True,False,0
pay_95af252f3b434e,fraud,apparel,5,4,2230.81,False,True,0
pay_1d83490fa0084a,not_received,apparel,1,3,1947.02,False,True,1
pay_0b4d42268f564f,not_received,electronics,2,3,28074.09,False,False,0
pay_d154783a139e4b,not_received,electronics,54,0,26309.79,False,False,0
pay_5038425b281447,fraud,apparel,1035,0,3758.29,True,False,0
pay_8f86d2f4293e46,fraud,digital_services,738,0,2930.63,False,False,0
pay_754a6575a9f44c,not_received,electronics,335,0,32078.87,True,False,0
pay_7096802907bf41,fraud,electronics,1,2,25601.65,False,True,0
pay_c868c1ac6f9143,fraud,apparel,1281,0,1958.84,True,False,0
pay_c2794fa79c4c46,fraud,apparel,2,3,4066.24,False,False,0
pay_180884cf041b45,damaged,apparel,211,0,3989.07,True,False,1
pay_ef788444c65241,damaged,digital_services,441,0,2675.09,False,False,0
pay_6a98152578484f,not_received,apparel,719,0,2133.63,False,False,0
pay_fc49c8030bb242,damaged,electronics,816,0,25686.25,True,False,0
pay_3e5c706aa5394b,fraud,electronics,387,0,26782.12,True,False,0
pay_aaa219c90aff4a,not_received,apparel,1115,0,1458.07,True,False,0
pay_bb4e7996c44246,fraud,apparel,400,0,3135.22,True,False,0
pay_8b165433206049,not_received,electronics,804,0,17854.74,False,True,0
pay_77662e8162994c,damaged,digital_services,284,0,2112.44,True,False,0
pay_0cab69f8e7c94b,not_received,electronics,1377,0,23874.16,True,False,0
pay_d29107e5f55c41,fraud,apparel,884,1,2893.05,True,False,0
pay_665f5f5b260348,not_received,electronics,11,3,21199.28,False,False,0
pay_c82d5692e7a84e,fraud,digital_services,1024,0,2192.43,True,False,0
pay_544ea1def03b47,damaged,apparel,365,0,3150.03,True,False,0
pay_3e73460f405a4c,not_received,electronics,367,0,24567.92,True,False,0
pay_f5bc1e89931044,not_received,digital_services,1026,0,4758.14,True,False,0
pay_03ae72591b9a4b,not_received,electronics,1217,0,20948.66,True,False,0
pay_019e9eed4d0640,not_received,apparel,1052,0,3023.41,True,False,0
pay_84c0ab4b8e2a4e,fraud,digital_services,343,0,1837.45,True,False,0
pay_883ec036815d41,not_received,apparel,168,0,4307.63,True,False,0
pay_60a9d3e93cdb45,fraud,digital_services,1460,2,4454.43,False,False,0
pay_219afa62a3bd4a,not_received,digital_services,1396,0,3825.88,True,False,0
pay_d24f16556fcb46,damaged,digital_services,297,1,4634.96,True,False,0
pay_8a8c639220e349,damaged,electronics,1393,0,12903.6,False,False,0
pay_208f11763adc4a,not_received,electronics,9,4,29078.51,False,True,1
pay_c592785131004a,not_received,apparel,536,0,2188.58,True,False,0
pay_d66b4c01b32f45,fraud,apparel,1053,0,601.05,True,False,0
pay_7336d3fc203041,not_received,apparel,12,3,582.5,False,True,1
pay_db67f8a8ba9c45,fraud,electronics,1234,0,25317.28,True,False,0
pay_6b3bf289834641,not_received,digital_services,1288,0,2036.5,True,False,0
pay_606a16ebad5542,fraud,digital_services,1333,0,1676.48,True,False,0
pay_41f211dc50454d,fraud,apparel,1052,2,4961.42,True,False,0
pay_f2764911d3bd4f,not_received,electronics,752,0,28615.7,False,False,0
pay_daddab06838d48,fraud,electronics,162,2,30987.41,True,False,0
pay_ea325ac55c1f40,not_received,electronics,1255,0,17034.69,False,False,0
pay_dd3aa923a3c54c,fraud,apparel,954,0,2329.99,True,False,0
pay_19ff7161c93349,fraud,digital_services,6,3,5695.23,False,False,0
pay_039fcad8a97944,not_received,electronics,396,0,28034.16,True,False,0
pay_81b8ab2ac29b46,fraud,apparel,4,3,3567.21,False,True,0
pay_8e377eaa7dca4d,fraud,apparel,405,0,2930.73,True,False,0
pay_0b62470e293542,not_received,electronics,8,5,26625.62,False,True,0
pay_63492caf4ea748,fraud,apparel,186,0,4359.33,True,False,0
pay_e7d126119f5942,damaged,apparel,1303,0,2175.44,False,False,0
pay_d7af6c767ed44f,fraud,digital_services,2,3,2872.89,False,True,0
pay_081859a45d724e,fraud,apparel,1342,0,997.6,True,False,0
pay_71b3306a771f40,not_received,apparel,1094,0,2797.97,True,False,0
pay_12077414828e41,fraud,electronics,798,0,24076.03,True,False,0
pay_d8c957a1641448,fraud,electronics,1116,0,21667.34,True,False,0
pay_a84fb71da32a49,fraud,electronics,518,0,20668.68,True,False,0
pay_d8602aab466f48,fraud,electronics,663,0,26141.83,True,False,0
pay_de0e41c474d741,damaged,electronics,623,0,22158.4,False,False,0
pay_5284f7f63bb84b,fraud,electronics,1133,0,22916.92,True,False,0
pay_75f1e46e2d6745,not_received,apparel,53,0,2083.97,True,False,0
pay_3bb00820098b48,damaged,apparel,540,0,2179.85,True,False,0
pay_906904b05f4846,not_received,electronics,1059,0,26522.09,True,False,0
pay_e0ac09da2cc34b,damaged,electronics,768,0,23657.59,True,False,0
pay_40e6feeaa07048,fraud,apparel,1495,0,2773.2,True,False,0
pay_36d94092fb6e49,damaged,electronics,1301,0,22916.53,True,False,0
pay_a21694bf9af749,fraud,apparel,1199,2,3111.66,True,False,0
pay_46d75973f5df4d,not_received,apparel,866,0,2491.39,True,False,0
pay_04153851c5624d,not_received,electronics,772,0,29687.41,True,False,0
pay_fc671b99582d43,fraud,electronics,398,0,23159.17,False,False,0
pay_cbf3c79dfc7849,not_received,electronics,1173,0,22162.25,True,False,0
pay_695abf72eddf41,not_received,electronics,1483,0,36265.38,False,False,0
pay_8067c3e2b00b48,fraud,digital_services,367,0,3995.68,True,False,0
pay_67afb815069d4d,fraud,electronics,66,0,31211.15,True,False,0
pay_095197b5be0f44,not_received,apparel,117,0,1222.64,True,False,0
pay_a9a1b64ed69a40,not_received,apparel,189,0,100.0,True,False,0
pay_12c08afddb2f49,damaged,electronics,702,0,29610.81,True,False,0
pay_68cc7ab0712248,not_received,electronics,9,4,24232.03,False,False,0
pay_e2d129a3921a41,damaged,digital_services,202,1,3489.49,True,False,0
pay_f8fa9730789b4a,not_received,digital_services,684,0,3920.23,True,False,0
pay_1b72804dba5243,fraud,electronics,4,2,24720.39,False,True,0
pay_cef148e3929242,fraud,electronics,1085,0,19614.48,False,False,0
pay_17c90d2b00644a,not_received,apparel,776,0,3804.43,True,False,0
pay_ca8c7f7cc6ab47,not_received,electronics,6,2,30192.51,False,False,0
pay_e14164cda1f44d,fraud,electronics,4,2,34425.15,False,False,0
pay_4c395965567943,fraud,electronics,1067,1,32915.62,True,False,0
pay_45f7f605ffb549,damaged,electronics,1360,2,18665.66,True,False,0
pay_87dea392a00b4c,not_received,electronics,391,0,27627.87,True,False,0
pay_0b280d21852646,not_received,apparel,47,0,3176.41,False,False,0
pay_f78c722428604c,not_received,apparel,753,0,4325.07,True,False,0
pay_cae01cab2b1549,fraud,apparel,4,4,2436.63,False,True,1
pay_008c1ede85a248,fraud,electronics,813,0,26495.9,True,False,0
pay_a202f87970cc4b,fraud,apparel,168,0,2481.42,True,False,0
pay_42e9a1643c5642,fraud,apparel,947,0,2707.61,True,False,0
pay_bc58915e8c2c41,not_received,electronics,80,0,28147.29,True,False,0
pay_79e1e32c099b4c,not_received,electronics,705,0,28372.44,True,False,0
pay_af978ecdea1d47,damaged,electronics,10,5,22928.94,False,False,0
pay_6f9b756f108148,damaged,electronics,43,0,22539.36,True,False,0
pay_0d949ec4dce647,fraud,digital_services,1034,0,2491.78,True,False,0
pay_a252ee657ca844,not_received,apparel,792,0,2280.52,True,False,0
pay_f44c2c45b4f646,not_received,electronics,1392,0,25252.34,True,False,0
pay_30151c9f56164f,damaged,apparel,1151,0,2595.41,True,False,0
pay_93ee33b8e43745,fraud,electronics,921,0,23061.94,True,False,0
pay_73b21dc8055442,not_received,electronics,1290,0,30254.45,True,False,0
pay_86978e3b491c43,not_received,electronics,223,0,26109.56,True,True,1
pay_72e54989863a41,fraud,apparel,394,0,3198.61,True,False,0
pay_f9e1285e41604e,fraud,electronics,917,1,19516.57,True,False,0
pay_2eb5a13eaef545,not_received,electronics,567,1,30974.28,True,False,0
pay_a9d05479c8c542,not_received,electronics,618,0,32852.4,True,False,0
pay_60bdc494c13b45,fraud,electronics,1072,0,22799.2,True,False,0
pay_45ffe755350b4c,not_received,apparel,10,3,2314.2,True,True,1
pay_62be9e785a414c,fraud,digital_services,1351,0,2954.64,True,False,0
pay_00f6c9a64dca41,not_received,apparel,1159,0,4070.0,True,False,0
pay_6b2bba35961a40,fraud,apparel,1014,0,1939.7,True,False,0
pay_b23f002c62404d,damaged,digital_services,808,0,2704.88,True,False,0
pay_9a48cded825f46,fraud,electronics,704,2,19694.11,True,False,0
pay_74abe924db8340,fraud,electronics,711,0,22640.17,True,False,0
pay_baefa6841ccd4b,fraud,apparel,383,0,4419.16,True,False,0
pay_eda6e5e8646243,fraud,electronics,837,1,31216.39,True,False,0
pay_9080009824d547,not_received,apparel,33,0,3542.94,True,False,0
pay_922cf16c35f143,fraud,electronics,461,0,24105.54,True,False,0
pay_6d2d258a9b6943,damaged,electronics,894,0,30067.55,True,False,0
pay_34861c333e7347,fraud,apparel,11,2,2168.3,False,True,0
pay_dbcadade4de747,fraud,digital_services,12,3,2324.95,False,True,1
pay_a041ea9021d14f,fraud,electronics,116,0,24898.14,True,False,0
pay_0b33a13c17014c,fraud,electronics,388,0,22301.48,True,True,1
pay_ec666b98105840,fraud,apparel,105,2,2405.53,True,False,0
pay_451e194bbb044b,not_received,electronics,1071,0,17385.46,False,False,0
pay_28251724fca14a,not_received,electronics,1120,0,22815.89,True,False,0
pay_872a3bd7b3e145,not_received,electronics,1166,0,26895.89,True,False,0
pay_770b501185e240,not_received,apparel,673,0,1664.37,False,False,0
pay_cc659f7c304c4f,not_received,digital_services,985,0,4401.62,True,False,0
pay_88811584069644,fraud,apparel,614,0,3816.01,True,False,0
pay_81cfaae43da742,not_received,electronics,1294,0,25205.68,True,False,0
pay_8e26a637e94d4b,damaged,electronics,585,0,19363.37,True,False,0
pay_fcdab6b6d9d54f,not_received,electronics,602,0,23621.4,False,False,0
pay_71d5a29ee1fc4c,not_received,digital_services,1180,0,1229.1,True,False,0
pay_14b70c8d0aa34c,fraud,apparel,1016,0,4429.57,True,True,1
pay_5d651d68aa2e4c,not_received,electronics,1428,0,10862.88,True,False,0
pay_ae02563c244549,not_received,apparel,149,0,5539.27,True,False,0
pay_7e53411856cd41,not_received,apparel,823,0,2943.01,True,False,0
pay_249e4c16fc3f46,damaged,digital_services,607,0,3181.97,True,False,0
pay_f40df40a56e14a,fraud,digital_services,1394,0,3550.58,False,False,0
pay_c17fde1e5a274b,fraud,electronics,559,0,31051.58,True,False,0
pay_ddcb9ac8209241,not_received,apparel,1119,1,1691.0,False,True,1
pay_9521c07c645e47,damaged,apparel,7,4,2270.41,False,True,1
pay_e126a7f70d8248,fraud,electronics,11,2,23014.84,False,True,0
pay_2d440d19e8b043,fraud,apparel,3,3,1000.04,False,True,1
pay_570a42d1b03a4a,fraud,apparel,918,0,3374.37,True,False,0
pay_e43f3df3bc834f,fraud,electronics,2,6,16647.82,False,True,1
pay_015f5804449044,not_received,apparel,620,0,3496.07,True,True,1
pay_a5f6038e959a49,not_received,apparel,855,0,3266.86,False,False,0
pay_fbfd120d348647,fraud,electronics,79,0,23211.91,True,True,1
pay_3d2ff0ac7b3041,fraud,electronics,923,0,22893.47,True,False,0
pay_9e538a3b2e1c4d,fraud,apparel,356,0,2623.34,True,False,0
pay_2fe4d23ab84644,fraud,electronics,1077,0,19768.81,True,False,0
pay_805077a5a0d440,not_received,digital_services,494,0,4866.55,True,False,0
pay_bd9fa7bc2d7545,damaged,electronics,1390,0,28094.45,True,False,0
pay_623e92f6bd6f4d,damaged,electronics,1156,1,24834.56,True,False,0
pay_268fbea9722242,fraud,electronics,1058,0,22038.72,True,False,0
pay_496e9408f1ef42,damaged,apparel,468,0,799.92,True,False,0
pay_84b6b89b35274b,not_received,apparel,1352,0,2035.47,True,False,0
pay_887c762a09aa47,not_received,apparel,154,0,2024.85,True,False,0
pay_236fca397b514b,not_received,electronics,187,0,22693.09,True,False,0
pay_e6d42c37374049,fraud,digital_services,353,0,3329.43,True,False,0
pay_6df39aab029b40,fraud,electronics,738,1,24903.75,True,False,0
pay_1361a4231b7c41,fraud,electronics,1434,0,23586.18,True,False,0
pay_7bb8eca0ed6b4e,fraud,electronics,1458,0,20759.49,True,False,0
pay_f32c255c562f48,fraud,electronics,1457,0,26371.97,True,False,0
pay_1021f5ffaee647,not_received,electronics,322,1,24927.17,True,False,0
pay_3478400fc7d44f,not_received,electronics,1390,0,26924.91,False,False,0
pay_acb55ac4037042,not_received,electronics,526,0,22014.77,True,False,0
pay_8138c6b6fe0d43,fraud,digital_services,12,2,2627.51,False,True,0
pay_0eb6397b258d45,damaged,electronics,241,0,28231.33,False,False,0
pay_6b59e6fea94c41,damaged,apparel,412,0,2089.47,True,False,0
pay_6f21f37e8f8844,not_received,apparel,806,0,3572.64,True,False,0
pay_c9ed558f8f6b4a,damaged,electronics,1271,0,29217.73,True,False,0
pay_db64fdbebe694b,not_received,apparel,1134,0,2713.15,True,False,0
pay_8716cb9b563e4e,damaged,apparel,8,3,1292.26,False,True,1
pay_2914f5b718b642,fraud,electronics,1276,0,26445.49,True,True,1
pay_acf22ef9d05d4b,fraud,digital_services,242,0,638.36,True,False,0
pay_d7d47d67bd0449,fraud,apparel,1144,0,5577.58,True,False,0
pay_cbaff332b65b41,fraud,digital_services,348,0,3665.0,True,False,0
pay_f3fdd89444b24a,fraud,digital_services,55,0,5140.24,True,False,0
pay_30e888f27de24e,not_received,electronics,5,5,30876.87,False,True,1
pay_9d81a8b00da14d,not_received,electronics,324,0,18480.46,True,False,0
pay_4714f1c201e947,not_received,electronics,1196,0,21489.11,True,False,0
pay_912494c61f9140,fraud,digital_services,1243,1,3131.26,True,False,0
pay_8a4e232d458940,damaged,digital_services,1111,0,3665.8,True,False,0
pay_b728584785be49,not_received,apparel,649,0,2510.13,True,False,0
pay_7904ca8a881e49,fraud,electronics,1084,1,31817.54,True,True,1
pay_8e6c5b56999a49,not_received,electronics,240,0,25031.08,True,False,0
pay_cc24a1cd98f24b,fraud,digital_services,1157,0,4465.48,True,False,0
pay_8a3f83a8a6324f,fraud,digital_services,658,1,2218.56,True,False,0
pay_7eab592ae6c842,damaged,electronics,1346,2,35487.3,True,False,0
pay_5aa349ae0f194c,fraud,electronics,7,4,26833.57,False,True,0
pay_9627329759e441,not_received,electronics,1100,0,19453.95,True,False,0
pay_5e1b4ad499054d,damaged,electronics,8,2,27052.69,True,True,1
pay_b67b0b06bbe847,not_received,digital_services,1109,0,3153.19,True,False,0
pay_5a2bbdbb7a3e47,fraud,apparel,1293,0,1780.19,True,False,0
pay_ddc343b7395347,fraud,apparel,814,0,2455.73,True,False,0
pay_f8055b40978f41,fraud,apparel,1447,0,3157.56,True,False,0
pay_306f61ea1dc646,not_received,electronics,1242,0,20589.73,True,False,0
pay_80795506a44241,not_received,electronics,1195,0,25659.49,True,False,0
pay_e2ca3a18362746,fraud,apparel,916,0,2197.14,True,False,0
pay_ccc4d1f4557249,damaged,apparel,1166,0,3593.51,True,False,0
pay_698ad9989f6b4f,not_received,electronics,422,0,22720.13,False,False,0
pay_1d8c2f1032ba48,fraud,electronics,237,0,26649.23,False,False,0
pay_e016d2e40b5540,not_received,electronics,1126,0,19251.71,False,False,0
pay_80e7a6c36cf54b,not_received,electronics,12,6,19381.52,False,True,0
pay_0bdd30812b7b45,fraud,apparel,6,2,3037.6,False,True,0
pay_a9d0d410a03f44,fraud,apparel,1195,0,2879.57,True,False,0
pay_d42bb6bfe50447,damaged,apparel,811,0,2906.31,True,False,0
pay_3f92508aff2644,not_received,digital_services,11,5,3649.06,True,True,1
pay_b7c2c84e089f46,not_received,apparel,168,0,3631.41,False,False,0
pay_62c65211a94044,not_received,electronics,13,3,23263.96,False,False,0
pay_d454a1292bc44a,fraud,electronics,1225,0,28253.42,True,False,0
pay_94dccb3097f546,fraud,digital_services,1067,0,3692.12,True,False,1
pay_e433077466924e,not_received,apparel,504,0,1700.28,True,False,0
pay_a6e512409b3540,fraud,electronics,3,2,24271.81,False,True,0
pay_a91be01d310740,fraud,apparel,1367,0,3194.2,False,False,0
pay_8fa0ce7e722c4b,damaged,apparel,811,1,4343.48,False,False,0
pay_7532e40947c64f,damaged,digital_services,1350,2,3023.36,True,False,0
pay_abaf3df7a8f448,not_received,digital_services,814,0,3320.39,True,True,1
pay_5c228ed37f9640,damaged,apparel,750,0,2136.38,False,False,0
pay_9dd99d19f0b847,fraud,apparel,895,1,1936.57,False,False,0
pay_9573ad47e17840,damaged,electronics,1275,0,15507.25,True,False,0
pay_057228e10e3c48,fraud,apparel,628,0,3236.1,True,False,0
pay_693d9fac545143,damaged,apparel,9,5,3036.09,False,True,1
pay_40d645cb3c584f,damaged,apparel,275,0,2461.96,True,False,0
pay_6f613c5cc79849,not_received,apparel,5,6,4275.35,False,True,0
pay_ef4f8594198b46,damaged,digital_services,436,2,2049.23,True,False,0
pay_b37e7cce85a245,not_received,electronics,7,6,26769.62,False,True,0
pay_ea1ebe096ea74b,fraud,electronics,11,2,30366.85,False,False,0
pay_f11bc07035184a,not_received,apparel,1277,0,2428.71,True,False,0
pay_0948fd6d151b46,not_received,digital_services,328,0,2921.78,True,False,0
pay_dd44796b31924f,fraud,digital_services,1110,0,2999.31,False,False,0
pay_276619d3eabe40,not_received,apparel,703,0,2218.51,True,True,1
pay_66e003c262b94f,damaged,digital_services,1214,1,2849.72,True,False,0
pay_56f6df9a0ff64c,fraud,apparel,12,4,3225.57,False,True,0
pay_91cfb3409c564d,not_received,electronics,1046,0,31268.38,True,False,0
pay_d64e4188b2f14d,damaged,apparel,80,0,1997.79,True,False,0
pay_548fa8ccceed47,damaged,electronics,1241,0,21389.14,True,False,0
pay_c4064cd21b284e,damaged,electronics,164,0,32942.36,True,False,0
pay_41394e95ecfd42,not_received,electronics,1029,0,21563.97,True,False,0
pay_2643c555a47f4d,damaged,electronics,159,0,14561.42,False,False,0
pay_53cc3701899d4b,not_received,electronics,704,0,21469.41,False,False,0
pay_dde0ca2eb34144,fraud,electronics,77,0,24399.32,False,False,0
pay_a081e76b1c794d,not_received,electronics,1316,0,24537.59,True,False,0
pay_d1b835ed4f8e43,not_received,electronics,13,5,22409.46,False,False,0
pay_2eb1446b7dd24c,fraud,apparel,1305,0,2952.34,True,False,0
pay_3f3e713788444a,not_received,apparel,1120,0,3460.59,True,False,0
pay_9118b6d2e8a240,not_received,digital_services,12,6,4650.69,True,True,1
pay_207e4564695d48,fraud,digital_services,475,0,2791.76,True,False,0
pay_a3957f1676034c,not_received,apparel,724,2,1623.17,False,False,0
pay_ab8fe7afe89548,not_received,apparel,265,0,1508.3,True,False,0
pay_daf39c868f8f4b,not_received,electronics,376,0,17867.33,True,False,0
pay_6a120de8f2ac4d,fraud,electronics,12,3,27217.18,False,True,0
pay_299a4d20a89d4d,fraud,apparel,1119,0,3451.23,True,False,0
pay_a96e8dd11f664e,fraud,apparel,77,0,4585.95,True,False,0
pay_0f8c066e6d2b48,damaged,digital_services,1493,0,3140.61,True,False,0
pay_e928ec35f15943,fraud,apparel,449,0,3147.22,False,False,0
pay_b2b70dadad7643,not_received,electronics,1031,0,27463.72,True,False,0
pay_7003670009be4b,fraud,digital_services,483,0,4243.79,False,False,0
pay_62fef85588c343,fraud,apparel,10,6,4361.61,False,True,1
pay_f7256bc2c22b4e,damaged,digital_services,13,4,274.44,False,False,0
pay_f20064b25b2045,not_received,apparel,84,1,2417.47,True,False,0
pay_d14ca78ca42349,fraud,electronics,402,0,20461.7,False,False,0
pay_eb13537d2da642,not_received,electronics,1452,0,14321.85,False,False,0
pay_01642617774c47,fraud,electronics,91,0,25912.32,True,False,0
pay_9610b254a5ff47,not_received,electronics,739,0,23365.61,True,False,0
pay_cf256e68ce724d,not_received,electronics,691,1,16750.06,True,False,0
pay_68fc1ad9be064f,fraud,apparel,521,0,3295.05,True,False,0
pay_35733ab2de8246,fraud,digital_services,1078,0,1761.26,True,True,1
pay_7e1ec50a1e5941,fraud,digital_services,1498,0,4242.53,True,False,0
pay_f2cae760fa3b41,damaged,apparel,464,0,4695.13,True,False,0
pay_f5025e40da884f,damaged,electronics,875,0,22672.92,True,True,1
pay_7b17032cb51f4b,fraud,electronics,1138,0,23522.83,False,False,0
pay_5968c3dfb72b4c,not_received,apparel,775,0,2711.66,False,False,0
pay_b3402728c32147,fraud,electronics,471,1,26748.21,True,False,0
pay_df1029e0d63c42,fraud,digital_services,1038,0,4125.55,True,False,0
pay_e041cc0ae06749,not_received,digital_services,1318,0,2691.88,False,False,0
pay_32ae11fa601f4c,damaged,electronics,263,0,28382.51,True,False,0
pay_b957ad9e20e04f,damaged,apparel,10,6,1466.59,False,True,0
pay_2539b42c19de49,not_received,electronics,846,0,16996.19,True,False,0
pay_a959f10cb99245,fraud,apparel,250,2,3277.72,True,False,0
pay_e2b504c6866240,not_received,electronics,10,3,24103.25,False,True,0
pay_3dd43d84c3414b,fraud,electronics,885,0,33575.7,True,False,0
pay_6d6291af538b4c,not_received,apparel,1106,0,2960.19,False,False,0
pay_e103e373043c42,fraud,apparel,13,5,3785.46,False,True,0
pay_70c9017294e145,not_received,apparel,287,0,1117.72,True,False,0
pay_f784a709087947,fraud,apparel,1396,1,2808.77,True,False,0
pay_911109eac0f046,fraud,apparel,1149,1,4788.52,True,False,0
pay_bfeae2d2ad4240,damaged,apparel,12,3,151.95,False,True,1
pay_edd302f6dbaa4e,fraud,digital_services,450,1,2583.56,False,False,0
pay_ac2b66098b4f49,not_received,digital_services,340,0,2345.82,False,False,0
pay_cc2144c406cc4a,fraud,apparel,8,2,3102.73,False,True,1
pay_4eac404af73e4a,fraud,apparel,2,3,2451.28,False,True,0
pay_226503da586140,fraud,apparel,723,0,3227.12,True,False,0
pay_c7dbe47e44bd45,fraud,electronics,1392,0,22213.84,True,False,0
pay_9fd3ce40186749,damaged,electronics,281,0,22940.64,True,False,0
pay_a239026b964443,fraud,digital_services,1349,0,2762.52,True,False,0
pay_08005b0ff3a144,damaged,digital_services,1182,1,5760.88,True,False,0
pay_1469cac35a0943,not_received,apparel,272,2,4172.0,True,True,1
pay_9051ca78267947,not_received,apparel,261,0,1815.75,True,False,0
pay_1ff1def9c3e04b,not_received,electronics,1136,0,29735.18,False,False,0
pay_a469966c42b245,not_received,electronics,1,2,27239.24,False,True,0
pay_6b2ae518c59947,not_received,apparel,50,0,2872.63,True,False,0
pay_1d4dc827577f45,fraud,apparel,596,0,2857.41,True,False,0
pay_1806bdf8528349,fraud,digital_services,945,0,2010.95,True,False,0
pay_cbcd59fd93fa4c,damaged,electronics,1431,0,19154.09,True,False,0
pay_aae78ca2bb5b4d,damaged,apparel,1007,0,2741.1,True,False,0
pay_61de6c6b2c504b,damaged,electronics,564,0,25262.99,True,False,0
pay_7a98ec5d5d5041,not_received,digital_services,1008,0,1859.32,True,False,0
pay_0754d9a292574e,not_received,digital_services,295,0,1778.9,True,False,0
pay_c1a9be75066e44,not_received,apparel,1051,0,2868.84,True,False,0
pay_edca0f4d2d6d48,not_received,digital_services,527,0,2825.9,False,False,0
pay_53f4e7f2dffe4a,fraud,apparel,973,0,2275.41,True,False,0
pay_e136c27f6b9d4f,not_received,electronics,4,6,22200.89,False,True,1
pay_c3b16a0bec1c44,fraud,apparel,1226,0,5249.17,True,False,0
pay_9cc4dac456e440,fraud,electronics,10,2,28988.69,False,True,0
pay_8d1865680c724c,damaged,apparel,474,0,2811.96,False,False,0
pay_20013229248449,fraud,digital_services,393,0,3783.27,True,False,0
pay_6f02025e418344,fraud,apparel,1394,0,3364.32,True,False,0
pay_b8f0050744014b,fraud,electronics,93,0,27923.82,True,False,0
pay_fff7c5e519b344,damaged,electronics,11,2,18573.21,False,True,1
pay_b2b08fb7de6e44,not_received,electronics,1097,0,20015.92,True,False,0
pay_1f7ff2cfaee84a,not_received,electronics,140,2,31556.42,True,False,0
pay_87b0657dfea04f,damaged,electronics,1004,0,27827.07,True,False,0
pay_2e1ddbd764ec47,damaged,apparel,947,0,4743.27,True,False,0
pay_f360d98d430846,fraud,apparel,327,0,1410.47,True,False,0
pay_642df4af8f654a,not_received,apparel,548,0,4462.35,True,False,0
pay_8c1e1a54dbbb49,not_received,electronics,273,0,18808.57,False,False,0
pay_d1408d382b3f48,not_received,electronics,925,0,22050.49,True,False,0
pay_6f0e1740219342,fraud,electronics,1233,0,31315.97,True,False,0
pay_6299af6d8f9541,damaged,electronics,215,0,32471.65,True,False,0
pay_7cd903d12a974c,not_received,electronics,724,0,17848.66,False,False,0
pay_70683ad5e0dd4e,fraud,electronics,7,6,23826.92,False,True,0
pay_ee91ed4156bd4e,not_received,apparel,3,6,3061.62,False,True,1
pay_181cc14161ae41,fraud,digital_services,200,0,3214.82,False,False,0
pay_4f51249c92854f,fraud,apparel,666,0,2330.22,True,False,0
pay_4618bd48a40a4b,not_received,apparel,1367,0,3066.27,True,False,0
pay_2ba59a0819d845,fraud,electronics,462,0,28572.39,True,False,0
pay_5a131c9f61b54e,not_received,digital_services,131,0,5234.29,True,False,0
pay_2f527cf8e2504e,not_received,electronics,13,5,33291.98,False,True,0
pay_dc8d7272e7aa47,fraud,electronics,899,0,36567.31,True,False,0
pay_f07c165aaeb946,damaged,electronics,753,0,27630.47,True,False,0
pay_c4e98939f4e141,fraud,electronics,6,4,22384.54,False,True,1
pay_8add21b23f3e43,fraud,apparel,419,0,2938.06,True,False,0
pay_9537a5e772034a,fraud,digital_services,108,0,2754.52,True,False,0
pay_c46e6d8ebbac46,fraud,apparel,111,0,3814.26,True,False,0
pay_bab574d1015d49,fraud,electronics,8,6,33583.31,False,True,0
pay_f9c427808f1f4c,not_received,apparel,948,0,4305.21,True,False,0
pay_0ff1c45a358144,damaged,apparel,250,0,4546.16,True,False,0
pay_3ab27ff7a8034b,fraud,digital_services,246,0,2863.38,True,False,0
pay_5fc347b3c8814f,not_received,apparel,753,0,4684.73,False,False,0
pay_fdbe1d9c957e48,not_received,apparel,12,3,2159.58,False,True,1
pay_0433b06a75814c,damaged,apparel,133,0,2017.25,True,False,0
pay_2fafe8b0f6244a,not_received,apparel,735,0,3143.13,True,False,0
pay_48659745d37b4b,fraud,electronics,845,2,24959.28,True,False,0
pay_7c8fc5ce27724b,fraud,electronics,462,0,29890.99,True,False,0
pay_5f7295bf72d247,not_received,apparel,8,3,3948.19,False,True,1
pay_d63c371e40d24c,damaged,digital_services,649,0,3452.57,True,False,0
pay_a426f8e814c64b,fraud,apparel,881,0,3650.69,False,False,0
pay_9769bea59a114f,fraud,digital_services,1247,1,3043.96,True,False,0
pay_e2a39ec75f3640,damaged,electronics,1292,0,22660.57,False,False,0
pay_e93c5f450b9c49,damaged,apparel,730,0,4148.84,True,False,0
pay_a735e77179724f,damaged,electronics,311,0,28274.82,True,False,0
pay_2d4b204d616d40,not_received,digital_services,1440,0,3947.74,False,False,0
pay_44a44b985cff4b,fraud,electronics,1455,0,29776.27,True,False,0
pay_165980589e484b,not_received,apparel,88,0,4850.28,True,False,0
pay_5b94c54f5b8f44,not_received,electronics,7,3,18941.19,False,True,1
pay_298c81241d3145,fraud,apparel,244,1,3476.09,True,False,0
pay_f674d721da2d47,not_received,digital_services,132,0,4579.17,True,False,0
pay_83d5f8bef9aa4b,not_received,electronics,6,5,31732.37,False,True,0
pay_01c17f0c6c6249,fraud,digital_services,4,6,3173.05,False,False,0
pay_666ce63194ad4f,not_received,digital_services,4,5,3962.55,False,True,0
pay_69f68e15baee4c,not_received,electronics,1193,0,31801.98,True,False,0
pay_5b0210c17a6045,damaged,apparel,356,0,3620.59,True,False,0
pay_9bf7050d18a247,fraud,electronics,474,0,28401.02,True,False,0
pay_7354630917d249,fraud,electronics,1406,0,29229.08,True,False,0
pay_ec0ad07b277543,not_received,apparel,12,4,3439.47,False,False,0
pay_47f6907580704f,fraud,apparel,475,0,1649.28,True,False,0
pay_26a8f7b0a43a4c,not_received,electronics,3,2,28683.34,False,False,0
pay_74b3de9481d743,not_received,electronics,9,2,28360.93,False,False,0
pay_23694d66a81648,fraud,digital_services,457,2,100.0,True,False,0
pay_c93038104e3d4e,not_received,apparel,583,0,2503.24,True,False,0
pay_ce474cadf2f44d,not_received,electronics,1000,0,25040.6,True,False,0
pay_eb393a0123f44c,fraud,apparel,7,6,3215.31,False,False,0
pay_f8f36ab7777445,damaged,electronics,3,3,11632.75,False,True,1
pay_232369d9fdc643,damaged,electronics,1473,0,25502.09,True,False,0
pay_dce3b4bad15240,not_received,apparel,449,1,2743.09,True,False,0
pay_71ea860fe2194c,not_received,apparel,935,0,3352.12,True,False,0
pay_d29edbab577947,not_received,electronics,386,0,27780.64,False,False,0
pay_b37baff875454a,damaged,apparel,11,6,2838.17,False,True,1
pay_246276fd80e24a,not_received,electronics,392,0,28369.26,True,False,0
pay_610187e042be40,not_received,apparel,198,1,2672.14,True,False,0
pay_e811f8df54ce45,damaged,electronics,508,0,25374.22,True,False,0
pay_0201c0d6380e42,fraud,apparel,160,0,2506.63,False,False,0
pay_87fe669cd7ec43,damaged,electronics,661,0,28659.55,False,False,0
pay_3973b8886fa64a,fraud,apparel,589,0,2572.43,True,False,0
pay_9f9278a2361643,fraud,apparel,13,5,4122.4,False,True,0
pay_30c6a2cde6af4a,fraud,electronics,1102,0,26724.99,True,False,0
pay_e9d6ebc90e4a41,damaged,electronics,452,0,27935.69,True,False,0
pay_e0af0363140941,damaged,apparel,8,3,4544.13,False,True,1
pay_8e941b352fa440,not_received,electronics,792,0,23752.09,False,False,0
pay_cfe227e8aa0640,not_received,apparel,1001,0,2447.8,False,False,0
pay_3fc3ccf148eb46,not_received,apparel,599,0,3394.58,True,False,0
pay_0a90881df32d4a,damaged,apparel,173,0,2790.03,True,False,0
pay_108e8ad5fd454e,not_received,digital_services,954,0,2879.74,True,False,0
pay_b846fbc8295641,fraud,apparel,1422,0,4123.02,True,False,0
pay_737b3e91a3c24d,fraud,apparel,734,0,4656.42,True,False,0
pay_f7a1226575e244,not_received,apparel,633,0,5074.89,False,False,0
pay_f78588b102294f,not_received,digital_services,13,6,2203.15,False,False,0
pay_33c18cbb0e7e48,fraud,electronics,2,5,38408.08,False,True,1
pay_25db17d3c1df4d,fraud,digital_services,877,0,3963.82,True,False,0
pay_6fce702bc71148,damaged,digital_services,1497,0,2755.3,True,False,0
pay_7ba68729184042,fraud,electronics,787,0,27044.55,True,False,0
pay_e361d4a8dcbd4e,not_received,electronics,887,0,22374.3,False,False,0
pay_ef3040ebb4c144,damaged,digital_services,307,0,4152.73,True,False,0
pay_17e652d2329f4a,not_received,apparel,885,0,4162.63,True,False,0
pay_48cdd6bfa81f43,fraud,electronics,1316,0,27277.53,True,False,0
pay_c867b621f32942,not_received,apparel,13,6,2926.4,False,False,0
pay_547262a1523a46,damaged,electronics,1433,0,33950.02,True,True,1
pay_fb9cf730c60847,not_received,electronics,8,4,30023.15,False,True,1
pay_f3bef040960142,damaged,apparel,10,2,4954.43,False,True,1
pay_cca76f77c69745,fraud,apparel,814,0,1914.75,False,False,0
pay_a2a4442cd2af42,not_received,digital_services,6,4,3582.28,False,False,0
pay_46a80fea874248,not_received,apparel,1042,0,4767.28,True,False,0
pay_301b36f5283940,damaged,digital_services,1200,0,2441.7,True,False,0
pay_c079ee82ebb747,fraud,electronics,1019,1,23939.7,True,False,0
pay_e2bccdf895774b,damaged,apparel,3,2,2574.1,False,True,1
pay_48f5b1abdcbf49,not_received,electronics,6,3,24094.61,False,True,0
pay_2ea3e5cdf2ca40,fraud,electronics,1242,0,36998.61,True,False,0
pay_82d5468cea7242,fraud,digital_services,939,0,3905.1,True,False,0
pay_309b88ef7b8f47,damaged,electronics,186,0,36169.34,True,False,0
pay_8c7476f35ef349,fraud,digital_services,799,0,2493.18,True,False,0
pay_b8c3bc59802246,fraud,electronics,1064,1,26479.7,True,False,0
pay_9f6ee092128747,fraud,electronics,9,2,25416.03,False,False,0
pay_40fe5b42971a45,damaged,electronics,780,0,21840.35,True,False,0
pay_07d6cd62836b49,not_received,apparel,614,0,369.84,True,False,0
pay_984c3254f12e40,not_received,electronics,1033,0,21892.69,True,False,0
pay_356553d2a15846,fraud,apparel,1245,0,2713.45,True,False,0
pay_73c7545becfa45,not_received,apparel,1100,0,4493.36,True,False,0
pay_db610f6d972344,not_received,electronics,806,0,26467.02,True,False,0
pay_3e9567895e9240,damaged,apparel,504,0,1582.45,True,False,0
pay_a46cfa03b93545,damaged,apparel,6,5,4296.34,False,True,1
pay_b8ab196b28ad4f,fraud,digital_services,7,6,3227.4,False,False,0
pay_110e7471e27f4b,not_received,electronics,12,2,26522.56,False,True,0
pay_46e887d992ee4c,fraud,electronics,10,2,16652.36,False,True,0
pay_37b32c70a57247,not_received,electronics,134,0,22785.14,False,False,0
pay_b8ed4697951e43,fraud,apparel,764,0,1637.42,False,False,0
pay_518b08127afe41,fraud,apparel,1223,1,4029.28,True,False,0
pay_7fa16e92ac8440,fraud,digital_services,266,0,3567.58,False,False,0
pay_cb6f7f23f54f49,not_received,digital_services,404,0,3731.78,True,False,0
pay_f8b41dd145e348,fraud,electronics,502,2,25762.93,True,False,0
pay_3e4e6f17a9b545,not_received,apparel,11,4,3856.72,False,True,0
pay_62ccd12e0c6141,not_received,apparel,12,5,2041.74,False,True,1
pay_053b31323e1f4a,fraud,digital_services,549,0,2819.07,True,False,0
pay_f18e705ecc6443,not_received,electronics,936,0,26113.44,True,False,0
pay_eb3c356c2b024f,fraud,apparel,250,0,4261.78,True,False,0
pay_3768baf0325d4f,not_received,digital_services,1012,0,2654.76,True,False,0
pay_08073b25c6e847,not_received,electronics,1346,0,21903.95,True,False,0
pay_c4847c5ff5b749,fraud,apparel,1073,0,3513.87,False,False,0
pay_77642e93e5b649,fraud,digital_services,401,0,1335.2,True,False,0
pay_436ffc88cd3541,fraud,digital_services,205,0,3357.12,True,False,0
pay_8567915fc7004b,damaged,electronics,75,0,25933.8,True,False,0
pay_ee03401b424e49,not_received,electronics,153,0,26015.94,True,False,0
pay_27b645d8752d4a,not_received,electronics,1275,0,19807.09,True,False,0
pay_601054d54d4941,not_received,digital_services,311,0,2816.93,True,False,0
pay_bc2b1aaf67b84c,fraud,digital_services,1325,0,100.0,True,False,0
pay_1fa5ea4ce79043,not_received,apparel,45,0,2806.54,False,False,0
pay_5b9bee03c6cc4f,not_received,apparel,629,0,4252.54,True,False,0
pay_cb504efee4d743,fraud,electronics,1431,0,24260.92,False,True,0
pay_1e82508d02b14f,fraud,apparel,1166,1,3033.67,True,False,0
pay_4c04635aceb84a,fraud,electronics,1368,2,33153.94,True,False,0
pay_e84e5f318a144a,not_received,apparel,1475,0,2312.64,True,False,0
pay_86ea0287d1834d,damaged,apparel,1499,0,4373.62,True,False,0
pay_c6b8bf1966c24c,fraud,apparel,280,0,3274.35,True,False,0
pay_2513b104a3414c,not_received,digital_services,1110,1,2433.91,False,False,0
pay_e0486b1640f941,fraud,electronics,1234,0,19004.41,True,False,0
pay_08f886044ea241,damaged,apparel,272,1,3251.72,True,False,0
pay_54bc148792ab45,fraud,apparel,1095,0,3966.82,True,False,0
pay_fdc54c8713dc48,not_received,apparel,595,0,3579.14,True,False,0
pay_53730f6f7be74a,not_received,apparel,5,4,3859.17,False,True,0
pay_a5c785f305194f,not_received,electronics,492,0,12772.71,True,False,0
pay_690fd01814a948,not_received,electronics,81,0,29173.27,True,False,0
pay_4647cd47b4da45,fraud,electronics,1330,0,21261.93,True,False,0
pay_b252b90b6d5b49,fraud,electronics,1453,0,30455.56,False,False,0
pay_56008aa8f5354b,fraud,apparel,269,0,3954.06,True,False,0
pay_7b7916f6a03640,fraud,electronics,1,5,29926.78,False,False,0
pay_f93fbd66858c49,not_received,apparel,1073,0,3469.49,True,False,0
pay_fd9b1b6136ad41,fraud,electronics,151,0,19539.81,True,False,1
pay_1f679f6c10c24c,fraud,apparel,1411,0,3262.4,False,False,0
pay_8093daaf74c741,not_received,apparel,418,0,2543.27,True,False,0
pay_fc4f6cde0c3f49,damaged,electronics,325,0,23567.99,True,False,0
pay_3e74f842dd904e,not_received,apparel,104,0,2077.63,True,False,0
pay_eae4b1ec3ffa4e,fraud,digital_services,511,0,3102.77,True,False,0
pay_05c726433c7a44,fraud,electronics,854,0,27377.0,True,False,0
pay_db3f4be72f974d,damaged,apparel,3,6,3375.89,False,False,0
pay_f3728dda8ab149,fraud,electronics,997,0,31183.13,True,False,0
pay_f7af483ae32c45,fraud,electronics,69,0,26994.75,True,False,0
pay_7888993930a94e,not_received,apparel,4,2,3320.14,False,False,0
pay_832ff6b8ea7d4d,not_received,electronics,988,0,22146.08,True,False,0
pay_81a5ac24cf3042,not_received,digital_services,1333,0,3416.6,False,False,0
pay_66c0b13f0d3746,fraud,electronics,1407,0,25560.66,True,False,0
pay_aeff8afbd1f340,fraud,electronics,1093,0,22404.52,True,False,0
pay_25b554db176f42,damaged,apparel,178,2,2166.49,True,False,0
pay_7e53e9556c8c4d,fraud,apparel,1041,0,1790.19,True,False,0
pay_89de8942c9a842,not_received,apparel,11,4,2355.93,False,True,1
pay_676b90e926fa4e,not_received,electronics,278,0,26465.36,True,False,0
pay_72bdffadad8e42,not_received,digital_services,171,0,2349.73,True,False,0
pay_8454f17d6cec44,fraud,digital_services,1001,2,4851.31,True,False,0
pay_8a8ae739149a42,fraud,apparel,642,0,2737.63,True,False,0
pay_85122e1e86f34b,not_received,apparel,1329,0,4120.9,True,False,0
pay_02b98e9c6e4046,damaged,apparel,1457,0,2666.61,True,True,1
pay_6a199814e99948,damaged,electronics,828,0,29140.6,False,False,0
pay_456885a4916346,fraud,electronics,58,0,27263.58,False,False,0
pay_2df83f484b3347,fraud,electronics,488,0,36448.45,True,False,0
pay_8170a30662a949,damaged,digital_services,981,0,3049.99,True,False,0
pay_89791ddae3224c,not_received,electronics,141,0,22806.87,True,False,0
pay_767b4e06727741,damaged,apparel,559,0,3887.43,False,True,1
pay_ab35f443fa184a,fraud,electronics,13,6,23388.42,False,True,1
pay_cba96fdc023a45,not_received,apparel,1446,0,1761.63,True,False,0
pay_e0dcd9538aa245,not_received,electronics,411,0,20728.01,True,False,0
pay_6a37d84cc0c946,not_received,apparel,4,4,3120.85,False,False,0
pay_f0b648bcdd234d,not_received,electronics,995,1,25738.07,True,False,0
pay_09fc7f58496e4b,fraud,digital_services,873,0,2114.24,True,False,0
pay_e973aa59871043,not_received,digital_services,615,1,4495.92,False,False,0
pay_2d0d355482d147,fraud,apparel,95,1,2886.67,True,False,0
pay_b3305a92481b4a,not_received,electronics,330,0,22396.57,True,False,0
pay_ebd51796f6554c,damaged,electronics,1,5,26556.91,False,False,0
pay_931ed6369e2842,fraud,digital_services,1334,0,3469.22,True,False,0
pay_ff01fda8bd5546,damaged,electronics,4,5,25259.67,False,False,0
pay_77ab7d708b4a44,fraud,electronics,1016,1,26724.52,True,False,0
pay_40e0f22da5a744,not_received,apparel,490,0,3694.67,True,False,0
pay_6e28df3650994e,damaged,electronics,445,0,25442.89,False,False,0
pay_0f6e700b0fb049,fraud,electronics,497,0,27308.99,True,False,0
pay_6a6ecd7be2a44f,fraud,apparel,4,2,3038.07,False,False,0
pay_05ab579c292540,not_received,electronics,618,0,26905.85,True,False,0
pay_8020e541e4fb42,fraud,electronics,1397,0,26460.55,True,False,0
pay_365c355d7cf647,not_received,apparel,411,0,3611.74,False,False,0
pay_d6cc1ae012c046,damaged,electronics,1101,0,19734.78,True,False,0
pay_db7370d337e344,not_received,apparel,217,0,4443.83,False,False,0
pay_046afda4adbb42,fraud,electronics,332,0,31070.35,False,False,0
pay_3143258d64484f,not_received,apparel,167,0,3355.44,True,False,1
pay_5809d313e51240,not_received,apparel,587,0,2438.41,True,False,0
pay_66e1ced3834b4e,fraud,apparel,359,0,2784.61,True,False,0
pay_3c6eded1e06c4c,not_received,electronics,367,0,20928.98,True,False,0
pay_201d8a66e07d4f,not_received,electronics,719,0,29584.56,True,False,0
pay_167dc0ad16ef47,not_received,digital_services,911,0,1028.01,True,False,0
pay_358c43b3237549,fraud,electronics,1294,1,19569.43,True,False,0
pay_33f2c4e8020546,not_received,apparel,1463,0,3847.91,True,False,0
pay_88788eb7a93c4d,fraud,digital_services,424,1,2661.73,False,False,0
pay_eb37769781c345,fraud,apparel,1064,0,2396.1,True,False,0
pay_98457b7b2f9240,damaged,electronics,1233,1,34852.92,False,False,0
pay_d63f5e96810344,not_received,electronics,187,0,21774.33,True,False,0
pay_4fed7ad9362642,fraud,digital_services,1227,0,4068.77,True,False,0
pay_6f5b4912695941,fraud,apparel,721,2,2010.69,True,False,0
pay_61832b454e8e46,fraud,apparel,1068,0,3353.8,True,True,1
pay_599156409eff40,fraud,apparel,569,0,3336.62,True,False,0
pay_7b909a0ca60b4f,fraud,digital_services,220,0,7227.14,True,False,0
pay_07588ce2d08644,fraud,apparel,1111,0,1722.66,True,False,0
pay_b1ec6301bed04e,not_received,electronics,714,0,20839.44,True,True,1
pay_76e052799b3a41,not_received,apparel,1287,0,493.04,True,False,0
pay_ad1063d9f05348,not_received,apparel,1381,0,2477.84,False,False,0
pay_72596a5667934a,not_received,electronics,280,0,20016.56,True,False,0
pay_ac920bb8a34140,fraud,digital_services,1011,0,3188.6,True,False,0
pay_fd27d494a60e45,damaged,electronics,8,5,26574.61,False,True,1
pay_a1a45f47c7aa40,damaged,apparel,75,0,2728.82,True,False,0
pay_1f8d9ce1ef3148,damaged,electronics,338,0,29735.92,True,False,0
pay_5477ab821aef4e,damaged,electronics,571,0,28490.03,False,False,0
pay_b8a469b4827b44,damaged,apparel,417,1,3542.41,True,False,0
pay_e9017fbc887245,not_received,digital_services,13,6,2426.57,False,True,0
pay_07e2f17a3efd41,fraud,apparel,1049,0,1492.35,True,False,0
pay_03cd3f80b77545,not_received,electronics,1,3,25731.06,False,True,0
pay_6f9547cbfbc341,not_received,apparel,958,0,2695.19,True,False,0
pay_a25c269ffcd444,not_received,electronics,491,2,19441.56,True,False,0
pay_9fcbeecc2aee45,not_received,electronics,662,0,26494.4,False,False,0
pay_fe872e898d834b,fraud,electronics,855,0,19990.56,True,False,0
pay_012aa6adb8ac4e,fraud,electronics,377,0,27533.16,True,False,0
pay_669c671e15bc40,damaged,apparel,8,4,2864.95,False,True,1
pay_d5b835fe9b914a,not_received,apparel,1318,0,2130.55,True,False,0
pay_b800a0aea5b94e,not_received,electronics,1151,0,24656.24,True,False,0
pay_254e3ced171845,fraud,apparel,232,0,3161.04,True,False,0
pay_888dba27097749,fraud,electronics,176,0,22877.15,True,False,0
pay_1b29752317054e,damaged,digital_services,634,0,2050.31,False,False,0
pay_8971da1eb6004a,not_received,apparel,405,0,2225.8,True,False,0
pay_5cdf8059f19946,not_received,electronics,655,0,30489.69,True,False,0
pay_d720be726aca41,not_received,digital_services,5,2,2451.43,False,True,0
pay_85c027f74cd642,not_received,electronics,259,0,20647.45,True,False,0
pay_612e3f69661349,fraud,apparel,614,0,1864.7,True,False,0
pay_dfe20395f03b44,not_received,electronics,1340,0,24126.99,True,False,0
pay_5ae4eb432ce842,not_received,apparel,864,0,2083.93,True,False,0
pay_3066b181a2f949,not_received,apparel,165,0,3658.37,False,False,0
pay_3b59e79553d140,not_received,electronics,850,1,27114.33,True,False,0
pay_792a6acde9af49,damaged,electronics,37,0,16719.31,False,False,0
pay_4c9498ab5c8348,fraud,apparel,1301,2,4503.32,True,False,0
pay_a3061bdca8d040,damaged,electronics,10,5,24549.4,False,True,1
pay_d66b39b9c9484f,fraud,electronics,253,0,24726.73,True,False,0
pay_3105cb279f404c,not_received,apparel,409,0,4887.14,True,False,0
pay_6873bc1f9fd146,fraud,digital_services,1140,0,2037.49,True,False,0
pay_9e4ead6decce49,fraud,electronics,990,0,20988.52,True,False,0
pay_bc2394df618f47,not_received,electronics,539,0,24055.78,True,False,0
pay_da094f0d83fe4c,fraud,digital_services,587,0,1656.8,True,False,0
pay_46b982f9349f45,not_received,electronics,1153,1,27406.47,True,False,0
pay_1306483544fb4d,damaged,apparel,804,0,3359.89,True,False,0
pay_e93e683b7e5e40,fraud,digital_services,875,0,3131.02,True,True,1
pay_fa54178f713d4d,not_received,digital_services,1138,0,3509.94,True,False,0
pay_2c06c952c76e46,not_received,electronics,1216,0,25906.69,True,False,0
pay_308eb8bfab3d4d,not_received,electronics,1101,0,21911.0,True,False,0
pay_a3585dc7a63b4d,fraud,electronics,476,0,25800.26,True,False,0
pay_2b808293004a44,fraud,digital_services,730,0,3528.42,True,False,0
pay_2019966d0b3b49,fraud,digital_services,638,0,3219.8,False,False,0
pay_000b27f6ff6943,fraud,electronics,745,0,13802.8,False,False,0
pay_33a7b4f52f3d4d,fraud,apparel,1450,0,2883.91,True,True,1
pay_06012f9bd4e841,not_received,digital_services,1362,0,1623.96,True,False,0
pay_dc1285cc35334d,damaged,electronics,2,6,19033.26,False,True,1
pay_a29d7017530741,damaged,electronics,1408,0,23339.19,False,False,0
pay_d7ce2f305b264b,not_received,electronics,294,0,28313.37,True,True,1
pay_96c546d930a645,fraud,apparel,99,0,4763.24,True,False,0
pay_10753b0429074e,fraud,digital_services,6,3,2365.99,False,True,1
pay_84c3ba4843f647,fraud,digital_services,529,0,2882.17,True,False,0
pay_791cd2ec6cea4c,fraud,electronics,13,2,22413.29,False,True,0
pay_0242b0cc23b842,not_received,electronics,1413,0,19467.22,True,False,0
pay_c6bdce0e33d145,not_received,apparel,939,0,3543.51,True,False,0
pay_3624efe85b6d4c,fraud,apparel,782,0,3647.11,True,False,0
pay_554c06b0efa44a,fraud,apparel,555,0,3876.58,True,False,0
pay_75004289035441,damaged,apparel,1012,0,3073.77,True,False,0
pay_004df664bf4d46,not_received,apparel,897,0,1051.84,True,False,0
pay_69d6a1933e2849,fraud,electronics,783,0,24472.01,True,False,0
pay_c6ac5a7a527947,damaged,apparel,119,1,3476.81,True,False,0
pay_eca2a53d4e8842,damaged,digital_services,167,0,2994.73,True,False,0
pay_f547ffa224b746,fraud,electronics,12,2,26507.88,False,True,0
pay_8347a8aea86e43,fraud,apparel,1494,0,2526.66,True,False,0
pay_12815b2ca0414c,not_received,electronics,559,0,25098.17,True,False,0
pay_164a8429e6e848,damaged,apparel,1431,0,2158.71,False,False,0
pay_abd9391e49a44c,damaged,apparel,1123,0,3054.03,True,False,0
pay_d23a0612529248,fraud,apparel,354,1,4537.96,True,False,0
pay_848d8e9ef9bd4b,fraud,digital_services,486,0,4611.49,True,False,0
pay_0c5ea99644a64a,not_received,electronics,1248,0,27035.36,False,False,0
pay_2b3f5fe49fc648,not_received,apparel,214,1,4785.85,True,False,0
pay_61d1f0135d134b,fraud,electronics,4,3,29339.69,False,False,0
pay_265cdbfa2e3f46,damaged,apparel,8,5,3636.74,False,False,0
pay_7289b8aa7ba74c,not_received,electronics,986,0,9778.31,True,False,0
pay_5b80fa6ffad44f,damaged,digital_services,421,0,3024.11,True,False,0
pay_c9d2cec400a84c,damaged,electronics,487,0,24160.56,True,False,0
pay_df944d38b90044,not_received,electronics,904,0,22314.8,True,False,0
pay_d83d6e36785948,not_received,electronics,2,4,21717.9,False,True,0
pay_6b2e3342225547,not_received,digital_services,1409,0,3696.01,True,False,0
pay_d59b8cea76fd44,fraud,electronics,1376,2,28212.24,True,False,0
pay_c244d0ae93ab48,not_received,electronics,517,0,20954.48,True,False,0
pay_6475ea9edc9644,fraud,electronics,1016,0,26322.78,False,False,0
pay_d0df2e0897ec4d,not_received,electronics,10,2,18663.3,False,False,0
pay_4b00057928fd42,fraud,electronics,1276,0,17652.92,True,False,0
pay_c5ac0f88f59b4e,fraud,apparel,146,1,3030.24,True,False,0
pay_0f615375a4e245,fraud,electronics,526,0,32977.24,False,False,0
pay_d73fe9c5242743,fraud,apparel,8,2,2647.76,True,True,1
pay_f7359bea3bda42,not_received,electronics,658,0,24260.17,True,False,0
pay_ab39aa24cc9448,not_received,apparel,973,0,2366.93,False,False,0
pay_3b73b3fbca0044,not_received,apparel,12,4,4678.19,False,False,0
pay_64891917adc643,fraud,electronics,238,1,32334.13,True,False,0
pay_dd6e8a4c37664f,fraud,electronics,1268,0,25761.6,True,False,0
pay_88e1365f882b41,fraud,electronics,886,1,30797.02,True,False,0
pay_d9e804163a1442,fraud,electronics,675,0,31446.22,False,False,0
pay_cdf9b23b6a854f,damaged,apparel,1304,0,3386.38,False,False,0
pay_2082c6f8d5c649,fraud,apparel,601,0,602.86,True,False,0
pay_14d12916b6e64a,fraud,apparel,1018,0,3883.57,True,False,0
pay_2d02b4e56a1c4d,fraud,electronics,13,6,20894.83,False,True,0
pay_b7d00397651248,fraud,electronics,832,0,20361.66,False,False,0
pay_d9fbec680f6542,not_received,electronics,425,0,25431.59,True,False,0
pay_5851a62b44e14f,not_received,apparel,1268,0,2947.68,True,False,0
pay_9bf2fbab79f64d,fraud,apparel,970,0,3328.57,True,False,0
pay_c8c3e5876b6242,fraud,electronics,279,0,15851.53,True,False,0
pay_4900131827474b,fraud,apparel,275,0,1354.94,True,False,0
pay_5a35793b06bd4c,fraud,electronics,421,2,28827.89,True,False,0
pay_3204b0bb63d143,fraud,digital_services,1336,0,3081.78,False,False,0
pay_0c5ee842a8554e,damaged,electronics,6,4,19422.03,False,True,1
pay_1604c9186beb45,not_received,apparel,421,0,4871.28,True,False,0
pay_e3d8db2471bc42,not_received,electronics,13,6,29364.84,False,True,1
pay_e204dd864a954f,not_received,digital_services,7,5,3929.04,False,False,0
pay_b337d233a4974a,not_received,electronics,2,3,9487.66,False,True,0
pay_3731256f002c4e,not_received,electronics,483,0,33151.94,True,False,0
pay_2c5d3bc6321b4b,not_received,electronics,4,5,25480.48,False,True,0
pay_ab76e5e1da0545,not_received,digital_services,435,0,2278.22,True,False,0
pay_92aafa3f362545,fraud,digital_services,260,0,3047.14,True,False,0
pay_6dd124b47f1e4f,not_received,electronics,261,0,24215.81,True,False,0
pay_5195df165cc746,not_received,apparel,1185,0,2127.31,True,False,0
pay_193c996acc4645,damaged,apparel,404,0,1711.04,True,False,0
pay_27b6f6d507824b,not_received,electronics,495,0,28334.38,True,False,0
pay_293616ed9bfb4b,not_received,electronics,320,0,27127.79,True,False,0
pay_509e4136ca9544,fraud,digital_services,400,0,3707.94,True,False,0
pay_64d46f7882c146,not_received,apparel,11,4,1946.73,False,False,0
pay_fd7516e082e545,fraud,electronics,769,1,21717.19,False,False,0
pay_a4a8b32c6a924f,fraud,electronics,494,0,18657.65,True,False,1
pay_b7df7d9fd54644,fraud,electronics,392,0,21214.09,True,False,0
pay_2c33cfc1611a4b,not_received,apparel,1172,0,3659.2,False,False,0
pay_db833a727ac54d,fraud,electronics,11,3,16184.98,False,True,0
pay_67ce3196b01a40,fraud,apparel,517,0,1643.92,True,False,0
pay_df5eb67fd5804d,damaged,electronics,973,0,23349.07,True,False,0
pay_81ae590a30d141,fraud,electronics,1127,0,32733.76,True,False,0
pay_be085861af944f,not_received,electronics,1426,2,20540.79,True,False,0
pay_b99a8e34805244,not_received,digital_services,257,0,2798.43,True,False,0
pay_b8cc668b36b845,fraud,electronics,1233,0,21903.93,True,False,0
pay_014a7ea171f043,not_received,apparel,274,0,5185.48,True,False,0
pay_7bbf3324d73641,fraud,electronics,842,1,21352.02,True,False,0
pay_33dcaae4527a4d,not_received,apparel,637,0,4609.35,True,False,0
pay_bda6dfdfda1043,not_received,electronics,403,0,34387.3,True,False,0
pay_20f61dd65f5143,not_received,apparel,367,0,2483.4,True,False,0
pay_7b1bd2085fb942,not_received,digital_services,12,6,1856.98,False,True,1
pay_35a07b755f4d41,fraud,electronics,8,4,23175.37,False,False,0
pay_03c51a3c57b142,fraud,electronics,556,0,24276.23,True,False,0
pay_0825cb5f20b748,not_received,apparel,2,4,3609.94,False,True,1
pay_22e8dbcc320d4d,not_received,electronics,1481,1,18916.64,True,False,0
pay_769cba7752d042,damaged,apparel,576,0,3624.81,True,False,0
pay_c8f5279f80b349,damaged,electronics,87,0,30833.12,True,False,0
pay_7b74449709b341,damaged,apparel,821,1,1973.87,True,False,0
pay_fa12a4d6047845,not_received,apparel,188,0,2526.03,True,False,0
pay_53597fe92b5a42,fraud,electronics,792,0,23196.29,True,False,0
pay_1d7100500bee4e,not_received,apparel,61,0,2874.85,True,False,0
pay_008dae02f3454c,not_received,apparel,702,2,2693.38,True,False,0
pay_4ac3631cdd424c,fraud,electronics,645,0,13287.51,True,False,0
pay_31562bec11ba4a,damaged,electronics,1161,1,28331.38,True,False,0
pay_3287f25ac08445,damaged,apparel,5,5,3903.49,False,False,0
pay_fab9720d860542,not_received,electronics,1415,0,18847.5,True,True,1
pay_61215e732ffa4b,fraud,digital_services,257,0,2082.71,True,False,0
pay_13c0b2ee719d4c,fraud,apparel,794,0,1459.44,True,False,0
pay_1e4510c247d941,damaged,electronics,76,0,20802.25,True,False,0
pay_577c5bcfbe8445,damaged,digital_services,37,0,3674.67,True,False,0
pay_2f1df7a6589043,fraud,electronics,1214,0,29311.43,True,False,0
pay_91b4274a7c6547,fraud,apparel,1284,0,3123.25,True,False,0
pay_2df7acb5e67442,damaged,electronics,10,2,29742.19,False,True,1
pay_88fc9f8f74354d,fraud,apparel,256,1,4809.19,True,False,0
pay_51561e43e2f544,not_received,apparel,805,0,2345.73,True,False,0
pay_8bef6ed16ddf4c,damaged,apparel,1079,0,1312.03,True,False,1
pay_bb0226e8f31c4b,fraud,electronics,1417,2,19509.42,False,False,0
pay_de4be8bc44e841,not_received,electronics,6,5,25200.26,False,False,0
pay_00af0036e72242,fraud,electronics,5,5,26069.47,False,True,1
pay_a5a1c1dff4d145,fraud,electronics,291,0,27213.98,True,False,0
pay_bc55a81541524f,damaged,electronics,127,0,30795.82,True,True,1
pay_e15f463d98e549,not_received,apparel,534,0,792.18,True,False,0
pay_8445ed2ecd1a49,damaged,digital_services,346,0,3878.4,True,False,0
pay_bcda128a5b0f4c,not_received,electronics,272,0,30068.68,True,False,0
pay_53ff07423a3a44,fraud,electronics,45,0,30836.75,True,False,0
pay_652305fd394547,fraud,digital_services,555,0,3951.64,True,False,0
pay_cac781f1c89941,fraud,digital_services,1174,0,3573.11,True,False,0
pay_3471991e3f924c,fraud,apparel,420,1,2372.69,True,False,0
pay_af88a850939f4c,fraud,electronics,316,0,28708.47,True,False,0
pay_889ea672b6044e,fraud,apparel,472,0,883.09,True,False,0
pay_f8f7f3cc325f43,not_received,apparel,493,0,2239.25,True,False,0
pay_76c3730c97f849,not_received,electronics,1295,0,28102.55,True,False,0
pay_91f2cefe3a564b,not_received,apparel,620,1,3657.85,True,False,0
pay_dcb5d47f8c0f46,not_received,apparel,441,0,2716.0,True,False,0
pay_16b9b87a69f340,fraud,electronics,539,0,24341.48,True,False,0
pay_a7d9cebd6f184c,fraud,apparel,1291,0,2305.33,True,False,0
pay_d6e3faf3c0bf4b,not_received,apparel,778,0,1605.04,True,False,0
pay_9eee6d7b974649,not_received,apparel,5,2,3298.97,False,True,0
pay_132ec296bb9a40,fraud,apparel,2,6,2681.15,False,True,1
pay_c08320f87a5943,damaged,electronics,1151,0,32480.97,True,False,0
pay_32abef90d11547,not_received,apparel,1131,0,4105.3,True,False,0
pay_36dd1b87821e4a,not_received,apparel,7,6,3025.53,False,True,0
pay_701a5de6095849,fraud,digital_services,1070,2,2851.18,True,False,0
pay_9baad6ed85924e,not_received,electronics,871,0,28985.21,True,False,0
pay_f44c5e34ff4a40,not_received,electronics,398,0,21157.08,True,False,0
pay_f30085ae302b4f,not_received,digital_services,1371,0,3925.67,True,False,0
pay_cd246d17897940,not_received,apparel,1375,0,4385.91,True,False,0
pay_f5ff3bd10e4544,damaged,digital_services,13,3,3083.31,False,True,1
pay_aa236979540c46,not_received,electronics,597,0,16040.6,True,False,0
pay_2b0dac8953fa4b,fraud,electronics,10,3,28054.75,False,True,1
pay_92314d49a7b44e,not_received,electronics,1401,2,31926.3,True,False,0
pay_4ef1282222e942,not_received,digital_services,273,0,3510.09,True,False,0
pay_5d4844ede1eb40,not_received,digital_services,476,1,1906.72,True,False,0
pay_19b08384d71146,fraud,apparel,710,0,5170.42,True,False,0
pay_7eae64605dd542,fraud,electronics,202,0,30096.6,True,False,0
pay_6b85f29f73d649,damaged,electronics,3,6,20177.72,False,True,1
pay_0680211727094b,not_received,apparel,4,2,2685.82,False,True,0
pay_71faa5ef92f04f,damaged,apparel,947,0,4380.04,True,False,0
pay_693ebba045c344,not_received,apparel,138,2,1229.15,True,True,1
pay_e4fc41a3ace34b,not_received,electronics,911,0,41474.93,True,False,0
pay_4d578de529a041,not_received,apparel,1273,0,1938.51,True,True,1
pay_d25d98a405534c,damaged,electronics,1457,0,24253.82,True,False,0
pay_507def07c6284f,not_received,apparel,1085,1,3846.08,True,False,0
pay_2b5ed97feabc42,not_received,apparel,6,4,2598.06,False,True,1
pay_32e193701a8043,fraud,digital_services,825,0,4872.88,True,False,0
pay_bcc996ccb25e4f,not_received,apparel,1270,0,2706.31,True,False,0
pay_868664ab48214d,not_received,electronics,883,2,24000.93,True,False,0
pay_b54fd99957794a,fraud,electronics,851,0,28307.51,True,False,0
pay_641cd5412a5c44,fraud,digital_services,864,0,2990.24,True,True,1
pay_323e2bac3b1e43,fraud,electronics,1011,0,23633.47,True,False,0
pay_4b19318441664a,fraud,electronics,1393,0,22399.28,True,False,0
pay_f20e0fbe2a004d,fraud,digital_services,1022,0,1645.25,True,False,0
pay_5d6c5349b6484e,not_received,apparel,9,5,3327.93,False,True,0
pay_e6cef4c0461947,damaged,apparel,695,0,3312.0,True,False,0
pay_44e1a86112e040,not_received,electronics,1069,2,30344.21,True,False,0
pay_1c093802cd5345,fraud,digital_services,176,2,5555.43,True,False,0
pay_ddc5214901224a,fraud,electronics,2,2,17078.68,False,True,0
pay_50c4d7010ae346,not_received,electronics,905,2,33276.19,True,False,0
pay_b66e03548c474c,fraud,electronics,876,1,23795.43,True,False,0
pay_4aa8afb7f2e246,damaged,electronics,84,1,25546.58,True,False,0
pay_c09851ea542b40,not_received,digital_services,400,0,2501.33,True,False,0
pay_8f064d51254743,not_received,apparel,1484,0,4169.89,True,False,0
pay_8cd50d7ba10045,fraud,apparel,136,0,2750.88,False,False,0
pay_9a0400f074694c,not_received,digital_services,11,5,2273.46,False,True,1
pay_4443ac7aab2442,fraud,electronics,81,0,22863.94,True,False,0
pay_155ff232018c43,damaged,electronics,414,0,19783.75,True,False,0
pay_46205c763d504b,not_received,apparel,1213,0,4141.64,False,False,0
pay_bab73ca9f27f46,fraud,apparel,406,0,4820.64,False,False,0
pay_52469c3a285e45,fraud,apparel,8,6,3168.44,False,False,0
pay_782691fc41d043,fraud,electronics,560,0,17525.68,True,False,0
pay_3bdd1a002ba249,not_received,apparel,375,0,1373.48,True,False,0
pay_d08c19ffff2d46,fraud,electronics,145,0,22079.9,True,False,0
pay_c48165ca24684d,not_received,electronics,755,0,25109.4,True,False,0
pay_b602fd5d56f745,fraud,electronics,1291,0,22554.62,False,False,0
pay_f69f03c17a934e,not_received,electronics,1064,0,23073.81,True,False,0
pay_5579a10fbcc84e,damaged,electronics,12,3,29451.92,False,False,0
pay_e3ce28830df34e,not_received,electronics,5,5,22318.54,False,True,1
pay_cf5f3d3d53eb4e,not_received,digital_services,1462,0,3206.16,True,False,0
pay_151c46af18d34c,fraud,digital_services,446,0,2725.19,True,False,0
pay_35be6f31113a43,fraud,apparel,9,4,877.07,False,True,1
pay_6ec4aca093a340,not_received,digital_services,685,1,4035.83,True,False,0
pay_4edad3c5bebb48,fraud,digital_services,558,0,3452.15,True,False,0
pay_a5ddebb1e9304e,not_received,electronics,951,1,27050.53,True,False,0
pay_301c982411954b,fraud,apparel,948,0,3480.59,False,False,0
pay_db0e9cb4406244,fraud,digital_services,257,0,3990.21,False,False,0
pay_530b7021908042,fraud,apparel,970,0,2342.37,False,False,0
pay_085801b2134e40,damaged,electronics,2,2,28919.99,False,True,1
pay_f8852a5be6b248,fraud,apparel,270,0,3662.98,False,False,0
pay_aae196351b124e,not_received,electronics,725,0,28543.74,True,False,0
pay_c3e7fa7b926b4b,fraud,electronics,808,0,26711.24,False,False,0
pay_6b5521f000dd49,not_received,electronics,401,0,23897.76,True,False,0
pay_d795e16d43d646,fraud,electronics,1287,0,17598.46,True,False,0
pay_572d847e23944d,damaged,electronics,656,0,22048.12,True,False,0
pay_947e1448241847,damaged,digital_services,571,0,2642.25,True,False,0
pay_58be53453a4f40,fraud,electronics,895,0,24251.69,True,False,0
pay_72ab969393d244,damaged,electronics,1417,0,24912.48,True,False,0
pay_e4483fa56db348,damaged,electronics,1202,0,19401.11,True,False,0
pay_5b2a1a05f45947,damaged,apparel,159,0,3811.9,True,False,0
pay_66cf91c6eaf84c,damaged,digital_services,1314,0,3372.0,True,False,0
pay_d01f42cf763b42,fraud,electronics,1226,0,28499.18,True,False,0
pay_df9c2fe928ad48,not_received,electronics,863,0,28592.47,True,False,0
pay_265e210cd59042,fraud,apparel,764,0,2620.88,True,False,0
pay_169df79b845d46,fraud,apparel,1245,0,3468.21,True,False,0
pay_797765c600464c,damaged,electronics,9,6,27357.74,True,True,1
pay_11bf017d687848,fraud,electronics,491,1,16083.65,False,True,1
pay_1d69d806b7f54c,not_received,apparel,1455,0,4802.96,True,False,0
pay_ca48f016e3f946,damaged,electronics,1369,0,23842.15,True,False,0
pay_0796bf9c3ab04d,damaged,digital_services,300,0,5660.07,True,False,0
pay_1b4cc89c6a8d40,damaged,electronics,1138,0,20948.26,True,False,0
pay_dbdc0e4ab7fb4f,fraud,electronics,482,0,25306.61,True,False,0
pay_aa077c18d3934b,fraud,digital_services,864,0,2085.25,True,False,0
pay_9c315a21370c47,not_received,digital_services,5,3,2445.42,False,True,1
pay_754ae060a1f646,fraud,electronics,11,2,27973.65,False,True,0
pay_0c5ec07016c046,fraud,digital_services,951,0,3660.2,False,False,0
pay_f93deedb5b4748,fraud,apparel,605,0,2935.05,False,False,0
pay_e4f7a00e6c4c41,not_received,electronics,477,0,25288.41,True,False,0
pay_cb98603b63cb46,not_received,apparel,1298,0,1554.7,True,False,0
pay_f354320f557348,fraud,electronics,656,0,27119.99,False,False,0
pay_8dfb3decbdfd40,not_received,electronics,168,0,22009.36,True,False,0
pay_31403b25209440,fraud,electronics,7,5,25813.82,False,True,0
pay_3b62259e013b4b,fraud,apparel,538,0,4297.97,True,False,0
pay_ec6940b1542e44,not_received,digital_services,222,0,2584.55,True,False,0
pay_f23eb84ea9474a,not_received,electronics,463,0,18803.41,True,False,0
pay_838cf26db4bd42,not_received,electronics,1378,0,17066.42,True,False,0
pay_3e08e050073e40,fraud,apparel,745,0,4171.81,True,False,0
pay_c028c54333134a,damaged,apparel,377,0,3803.03,True,False,0
pay_8cc61da458bd46,not_received,apparel,985,0,3607.23,True,False,0
pay_eb3ffd1233ac4a,not_received,electronics,180,0,30979.18,True,False,0
pay_4b40d23d04444e,not_received,apparel,1396,0,4906.78,True,False,0
pay_f7f44ee2475c4b,damaged,electronics,245,1,25641.92,True,False,0
pay_246589168a0143,not_received,apparel,4,3,2407.44,True,False,0
pay_24bca78b2ad04c,not_received,electronics,5,2,26649.43,False,True,0
pay_c4053c05b18841,damaged,electronics,11,3,29171.53,False,True,1
pay_a428c76aba7e48,not_received,apparel,152,0,3664.02,True,True,1
pay_649570f4a0c141,not_received,digital_services,699,2,3343.32,True,False,0
pay_fa8dd7b7c4d641,not_received,apparel,1289,0,1095.89,True,False,0
pay_0d61c54c2bca46,fraud,digital_services,83,0,1360.99,True,False,0
pay_51c4b1265f8547,fraud,electronics,1425,0,22129.48,True,False,0
pay_12e5962a34c246,not_received,apparel,1142,0,2785.45,True,False,0
pay_eea684768d934e,damaged,apparel,878,0,3188.97,True,False,0
pay_4ab3e3a649cd44,damaged,apparel,564,2,3966.89,True,False,0
pay_3891b3feb51b43,fraud,digital_services,309,2,3933.94,True,False,0
pay_abdd2de5c32546,not_received,digital_services,1326,0,3190.43,True,False,0
pay_8842336786fc43,fraud,apparel,472,0,3440.32,True,False,0
pay_8d96f436e0f248,damaged,apparel,5,5,4217.98,False,True,1
pay_be0f1d292b4145,damaged,digital_services,13,5,3810.5,False,True,1
pay_9e1894016c7545,not_received,electronics,238,1,26309.75,True,False,0
pay_5c278be5cbc445,damaged,digital_services,1171,0,2566.43,False,False,0
pay_3270f915d17840,not_received,digital_services,728,0,2022.73,True,False,0
pay_42de79b3f7a141,not_received,apparel,1072,2,3150.68,True,False,0
pay_507a84abf28b45,fraud,apparel,13,3,3337.59,False,True,0
pay_7dbc4ec1165441,not_received,electronics,1326,0,22380.48,True,False,0
pay_dce9c23fbe4240,not_received,electronics,382,0,20957.38,True,False,0
pay_d0ef7e3ff3354e,not_received,apparel,1156,0,3141.04,False,False,0
pay_b11dbb1301f347,fraud,electronics,1187,0,26185.52,True,False,0
pay_966c15dde5c24c,damaged,apparel,9,6,2076.98,False,True,1
pay_9894c9d9c1ea4e,fraud,digital_services,786,1,3263.28,True,False,0
pay_0f00ccd42fa74c,not_received,electronics,9,6,25102.79,False,True,0
pay_da03c79d5ef440,not_received,electronics,1192,0,14480.75,False,False,0
pay_f6da5592bd6941,not_received,apparel,702,0,2991.79,True,False,0
pay_2e3632d57d7444,not_received,electronics,57,1,20842.63,True,False,0
pay_ffce4f4ac5474f,fraud,apparel,135,0,3899.63,True,False,0
pay_c6afeb8b6e3342,fraud,apparel,856,0,4422.81,True,False,0
pay_6c90c45dfe1446,not_received,electronics,1300,0,17492.57,True,True,1
pay_30b204e2f97c4a,not_received,electronics,1186,0,28087.99,False,False,0
pay_6313f612bc3345,fraud,digital_services,626,0,1541.27,True,False,0
pay_b1ce5583aff049,not_received,electronics,1339,0,22322.26,True,False,0
pay_b45fe8261e9141,not_received,apparel,1143,0,3630.64,True,False,0
pay_0aced70f0a4b47,not_received,digital_services,85,0,3247.06,True,False,0
pay_fb14fcc11c604f,damaged,digital_services,1166,0,2664.25,False,False,0
pay_8651dabfc4434f,fraud,electronics,2,3,25415.27,False,True,1
pay_e648a9d121194d,fraud,apparel,41,0,2320.8,True,False,0
pay_609dd24db94f49,not_received,apparel,1188,0,4446.69,True,False,0
pay_0b099aef763944,not_received,apparel,823,0,797.52,True,False,0
pay_78152946cee546,not_received,apparel,713,1,3907.96,True,False,0
pay_8c98916bd19543,damaged,apparel,597,1,2973.63,True,False,0
pay_a0e5ef0a14364c,damaged,electronics,980,0,37668.79,True,False,0
pay_5976411efb084c,damaged,apparel,260,0,2859.93,True,False,0
pay_516e5c5a4c8745,not_received,apparel,554,0,3781.69,True,False,0
pay_720ba0fc4c0f4b,not_received,apparel,540,0,2617.11,True,False,0
pay_e3ff2f32d1d74d,not_received,electronics,950,0,24522.6,True,False,0
pay_e51c02997fd345,fraud,electronics,813,1,31051.68,True,False,0
pay_b463a560bad249,not_received,digital_services,249,0,2596.21,True,False,0
pay_a0bc12ced10f42,fraud,electronics,10,4,29380.12,False,True,1
pay_c273a622364b43,damaged,electronics,1185,0,18846.73,True,False,0
pay_ad96e5fe051f4a,not_received,apparel,8,3,2698.54,False,True,1
pay_71710eb8063942,not_received,apparel,1301,0,1846.42,True,False,0
pay_b08c1ba705504c,fraud,electronics,1104,0,19183.09,True,False,0
pay_830b0295ec994b,fraud,apparel,1006,0,917.85,False,False,0
pay_7390f785a4a948,fraud,apparel,212,0,1894.03,False,False,0
pay_a704e565eeb144,not_received,apparel,1214,1,1338.1,False,False,0
pay_39a0b8b8904d4a,fraud,digital_services,324,0,3233.99,True,False,0
pay_e9c0063f53314e,not_received,electronics,1205,0,23980.08,True,False,0
pay_169b60f46f764c,damaged,apparel,368,0,4299.87,True,False,0
pay_3b1b039518c04a,damaged,electronics,2,2,30833.26,False,True,1
pay_981a95f1cd6340,not_received,electronics,1287,0,19905.68,True,False,0
pay_7fab025da4cb4a,fraud,apparel,345,0,2983.97,True,False,0
pay_def1725afa2c48,damaged,electronics,395,0,23740.26,True,False,0
pay_c0de5bde9b8142,damaged,apparel,1407,0,2955.91,True,False,0
pay_ca90f878f08d43,fraud,electronics,1,6,23537.54,False,False,0
pay_28c5f1f723d44c,not_received,electronics,838,0,26526.88,True,False,0
pay_641dd89c58044e,fraud,apparel,12,5,3110.2,False,True,1
pay_38fe9818a5f541,damaged,apparel,86,1,2734.45,True,False,0
pay_92daecf791874c,damaged,electronics,1163,0,28552.29,True,True,1
pay_4e815581cd1946,fraud,digital_services,846,1,4796.16,True,False,0
pay_45d4089dd16e4b,damaged,electronics,291,0,20865.71,True,True,1
pay_1fbc14421abb4f,not_received,electronics,221,0,20156.6,True,False,0
pay_63cf4d85fc9d42,damaged,electronics,1479,0,33129.67,True,False,0
pay_3a1048ffdd6444,not_received,electronics,1451,0,37919.75,True,False,0
pay_c655e277b86f40,damaged,electronics,739,1,30586.05,True,False,0
pay_461c1265335f40,fraud,apparel,126,0,3349.99,True,False,0
pay_d116dfd5780848,fraud,apparel,10,6,4632.0,False,False,0
pay_78edaf0b7d9b46,fraud,electronics,1065,0,20873.47,True,True,1
pay_338ab89057ef41,damaged,digital_services,1220,1,5196.1,True,False,0
pay_1e228b8f85434c,damaged,electronics,522,0,14220.14,True,False,0
pay_43a643d5281241,damaged,electronics,1387,0,19497.44,True,False,0
pay_17626632c95344,damaged,electronics,1344,0,33231.17,True,False,0
pay_4a4738a1db6448,fraud,electronics,5,3,28024.21,False,True,0
pay_7dcaabda7fc443,fraud,apparel,10,6,4000.44,False,True,0
pay_6b3b2a9ea6db41,fraud,electronics,1221,1,22883.49,True,False,0
pay_bf057b532b4440,fraud,apparel,9,6,3362.14,False,True,1
pay_458efd458b2f43,fraud,apparel,562,0,2395.77,True,False,0
pay_55c8dc608e2742,not_received,apparel,983,0,4083.8,True,False,0
pay_a1a5859a691c47,fraud,apparel,1244,0,3209.26,True,False,0
pay_59f01054dfb649,fraud,electronics,265,0,29314.21,False,False,0
pay_334abef941e64b,fraud,electronics,264,1,21698.76,True,False,0
pay_954e8efff2dd4a,fraud,apparel,935,0,3974.55,True,False,0
pay_e1aaddbe6a5a46,damaged,electronics,126,0,18995.85,True,False,0
pay_0bc1647fa1ba48,not_received,electronics,1237,0,20478.18,True,True,1
pay_301c1fe021bb47,damaged,apparel,801,0,4018.58,True,False,0
pay_2a4414bef49d46,not_received,electronics,596,0,21741.87,True,False,0
pay_8ff30babfcf143,fraud,apparel,1168,0,3236.13,False,False,0
pay_0a94831c819f47,not_received,electronics,5,2,28012.24,False,True,0
pay_10e6754b18eb4b,fraud,digital_services,94,0,3597.45,True,False,0
pay_c79b255cb02047,fraud,apparel,90,0,3836.14,True,False,0
pay_00897a5abb4546,fraud,electronics,981,0,19609.69,True,False,0
pay_bfd380f72a7742,fraud,apparel,244,0,3146.37,True,False,0
pay_f2441f73da7541,fraud,apparel,9,4,3297.72,False,True,0
pay_0762324c3e1c43,fraud,apparel,1362,0,2900.4,True,False,0
pay_79d8f5826f5944,not_received,apparel,73,0,2845.6,True,False,0
pay_8274cc29dc094e,fraud,apparel,4,3,3015.7,False,False,0
pay_e2f4d45571524e,fraud,electronics,7,3,28199.57,False,True,1
pay_73082657036944,damaged,electronics,52,0,17133.31,False,False,0
pay_bfa1d330121b41,fraud,digital_services,690,0,1527.61,True,False,0
pay_1cc144657a954c,fraud,electronics,388,0,18514.3,True,True,1
pay_16bc5ce243e14e,damaged,electronics,764,1,19918.28,True,False,0
pay_9ca60bfde2fb47,fraud,electronics,426,0,24362.08,True,False,0
pay_ca9cfc58face42,fraud,digital_services,344,0,3846.58,True,False,0
pay_592ca807ae424e,not_received,apparel,757,0,2559.41,True,False,0
pay_5d3bb538a40243,fraud,apparel,3,6,4014.55,False,True,0
pay_e81579f730d241,not_received,digital_services,716,0,3499.37,True,False,0
pay_db22f917e80f4c,damaged,digital_services,9,6,1969.85,False,True,1
pay_76ce8803c94048,fraud,apparel,1,6,3715.25,False,False,0
pay_acdef58b34be44,not_received,electronics,9,2,29078.67,False,True,1
pay_f6940ee91df845,not_received,electronics,1379,0,29174.5,True,False,0
pay_644de28d498345,fraud,apparel,200,0,4275.02,True,False,0
pay_a820c7aecac846,not_received,electronics,452,0,20295.93,True,False,0
pay_7e97e1015fed43,fraud,apparel,956,2,3545.89,True,False,0
pay_d562273b02664a,not_received,apparel,8,6,3864.58,False,True,0
pay_991dd71ddef344,fraud,apparel,1055,0,2383.24,True,False,0
pay_53c30e0c654e46,not_received,electronics,548,0,24075.44,True,False,0
pay_8f272f94840a4d,fraud,electronics,676,0,24572.01,True,False,1
pay_35f7568a2dfd47,damaged,apparel,2,6,3074.65,False,True,1
pay_ea80dc432bc941,fraud,electronics,502,0,33566.42,True,False,0
pay_501fab161da649,not_received,apparel,852,0,4155.74,False,False,0
pay_425cbc7c3f6741,not_received,apparel,5,2,3947.25,False,True,0
pay_a4cbd6ba003c42,not_received,digital_services,1148,0,2222.21,True,False,0
pay_54b54a7880f54c,not_received,digital_services,1369,0,2903.63,False,False,0
pay_a80cbf632b0345,not_received,apparel,11,6,4955.49,False,True,0
pay_d9888cb1333a49,not_received,apparel,1379,0,2367.12,True,False,0
pay_474061db6ba944,damaged,electronics,1495,1,22139.52,False,False,0
pay_0e75526ba77940,fraud,electronics,334,0,21837.84,True,False,0
pay_a4fdce9951b446,not_received,apparel,699,0,3807.48,True,False,0
pay_c1392c3dd1474e,damaged,apparel,1297,1,982.04,True,False,0
pay_591a853202524d,damaged,apparel,6,6,3171.77,False,False,0
pay_d7923b8e5cef47,damaged,electronics,5,5,30392.96,False,True,1
pay_72009e6d12664a,fraud,digital_services,1119,0,3586.06,True,False,0
pay_e55f37ecf28c44,fraud,electronics,571,0,25591.98,True,False,0
pay_9ee0daf37fc24d,not_received,digital_services,693,0,4255.16,True,False,0
pay_87d00e2b85e34e,not_received,apparel,1389,0,3787.62,True,False,0
pay_3cd04a658af340,not_received,electronics,566,0,17626.27,True,False,0
pay_cbb9f0c481c645,not_received,electronics,606,0,27983.94,False,False,0
pay_62890f7b7c6947,damaged,electronics,1001,0,31668.67,True,False,0
pay_6bfed94ed94f47,fraud,digital_services,1208,0,2151.61,True,False,0
pay_3b2f200f2c4644,damaged,digital_services,1402,0,3909.68,True,False,0
pay_049073cf04da4d,not_received,apparel,7,2,2798.66,False,True,0
pay_d343ff7cb9f44b,fraud,apparel,1428,0,3894.54,True,False,0
pay_faa95863d85b4f,not_received,apparel,1121,0,1522.68,True,False,0
pay_9c6da5b7d75b40,not_received,apparel,9,5,1449.22,False,False,0
pay_26857e46046b42,fraud,apparel,12,3,2825.7,False,True,1
pay_af58ea016e9d4c,fraud,electronics,408,1,21323.5,True,False,0
pay_d8eede79c97e4d,damaged,digital_services,4,2,2811.27,False,True,1
pay_a7afb436d7574c,fraud,apparel,5,2,3344.03,False,True,0
pay_4f798893c7064d,not_received,electronics,13,2,15020.62,True,True,1
pay_e2c769a6f6ab45,not_received,digital_services,1418,0,2272.66,True,False,0
pay_f062110e194346,not_received,apparel,1417,0,3781.09,True,False,0
pay_fce2b47b653446,not_received,electronics,191,0,21332.45,True,False,0
pay_d0c56a82239846,fraud,electronics,1215,0,25191.59,True,False,0
pay_4e92deff48ed44,not_received,apparel,8,2,2692.89,False,True,0
pay_11fd754a3ff545,fraud,digital_services,1273,0,4360.69,False,False,0
pay_4fee6bd180174b,not_received,digital_services,524,0,2491.85,True,False,0
pay_4171d5ff16f449,fraud,apparel,116,0,3288.62,False,False,0
pay_8f860adea19a49,not_received,electronics,880,1,35687.49,True,False,0
pay_b01e7219ac8d4c,fraud,electronics,728,0,26028.5,True,False,0
pay_ff7c390beb0f4a,fraud,electronics,1016,0,27453.06,False,False,0
pay_f8faa39d5f2d4a,fraud,digital_services,456,0,2493.86,True,False,0
pay_04b27a87295540,fraud,digital_services,472,0,3116.03,True,False,0
pay_a9343414a64b43,damaged,electronics,350,0,27135.32,False,False,0
pay_d8629224eff547,fraud,apparel,1066,1,1202.84,True,False,0
pay_a941342b0f1443,damaged,apparel,396,0,2078.96,True,True,1
pay_8b6bf656d3ed48,damaged,electronics,10,5,31127.92,False,True,1
pay_54e6930e42ee4b,not_received,apparel,1226,0,3118.88,True,True,1
pay_59878e887e6844,fraud,digital_services,13,5,4179.23,False,True,0
pay_6166e373791d4d,fraud,electronics,5,6,24594.56,False,True,1
pay_e05eaef699fb42,not_received,digital_services,1483,0,2262.3,True,False,0
pay_6f0bd8daddb04a,fraud,electronics,130,0,20083.02,True,False,0
pay_761af6f3761645,fraud,electronics,1265,0,24595.52,True,False,0
pay_4b795d2195be4e,not_received,electronics,279,0,21674.35,True,False,0
pay_bc76b5dda51f45,damaged,digital_services,76,0,2183.5,True,False,0
pay_62eb9bfd3a8a4c,not_received,apparel,13,6,4726.17,False,True,1
pay_a45ac703ae2040,fraud,apparel,5,2,3091.14,False,True,0
pay_bf2bcae726944d,not_received,apparel,1449,0,4262.82,True,False,0
pay_f1e329cda3d545,fraud,apparel,1118,0,2940.67,True,False,0
pay_83a93162e9f94b,fraud,digital_services,1,5,2635.75,False,False,0
pay_5760cd20cc6d4d,damaged,apparel,737,1,2659.44,True,False,0
pay_8cafddaa9ef74c,fraud,digital_services,599,1,1720.0,True,False,0
pay_c36bdf9f635044,fraud,electronics,720,0,14289.39,True,False,0
pay_bd78206a3f284d,fraud,apparel,859,1,3126.71,True,False,0
pay_944e4933401945,damaged,apparel,5,4,2077.44,False,True,1
pay_3deb33c3d82c48,not_received,digital_services,960,0,3111.44,True,False,0
pay_f060a41cf12f44,not_received,electronics,745,0,21945.14,True,False,0
pay_f2a1957e4e5c40,not_received,apparel,10,4,2888.05,False,True,1
pay_0bc51085b12a4f,fraud,apparel,1096,0,3594.73,True,False,0
pay_cdb7b58cefe343,not_received,electronics,402,0,21539.34,True,False,0
pay_7e15267bcbbf4d,fraud,electronics,1070,0,24667.05,False,False,0
pay_7ec9f36464b64a,fraud,electronics,1047,0,28261.22,False,False,0
pay_b520398c638546,not_received,digital_services,69,1,3730.21,True,False,0
pay_bc32b0a3de1944,damaged,apparel,283,0,3523.48,True,False,0
pay_9527fcb6112540,fraud,electronics,1144,0,27267.43,True,True,1
pay_dce1a778acfb4f,fraud,digital_services,726,0,2714.31,False,False,0
pay_9f9ebe23641b4f,fraud,electronics,931,0,20741.58,True,False,0
pay_1f366ee626ea4e,fraud,apparel,385,0,3635.04,True,False,0
pay_065697012fd348,damaged,digital_services,216,1,3347.45,True,False,0
pay_359991f733f84b,not_received,digital_services,984,0,2245.85,True,False,0
pay_e8dcd209a0ed4b,not_received,electronics,650,0,24363.87,True,False,0
pay_ad42c5a960a34f,not_received,apparel,914,2,1522.95,False,False,0
pay_ad1d87ed90564c,fraud,apparel,996,0,4545.7,True,False,1
pay_0ef59b0cde2e43,not_received,digital_services,663,0,3989.54,True,False,0
pay_d1770cac49fb4c,not_received,apparel,1437,0,3415.03,True,False,0
pay_725ed9177db045,not_received,apparel,113,2,2160.55,True,False,0
pay_3129f21e46804a,damaged,electronics,940,0,30262.09,True,False,0
pay_67eaec667f914b,not_received,apparel,5,2,2821.01,False,True,0
pay_3a40c41b17dd4f,fraud,apparel,4,5,3374.09,False,True,1
pay_17a906e0025f4a,damaged,apparel,39,0,2202.05,True,False,0
pay_44a42357808e48,fraud,apparel,10,6,1224.85,True,True,1
pay_86be91e67c2e4f,fraud,digital_services,11,3,2090.56,False,True,0
pay_29266afd8c9c4c,fraud,apparel,919,0,2478.44,True,False,0
pay_9fc55467151640,fraud,electronics,1064,0,29860.68,True,False,0
pay_8a7ee207e62e47,not_received,digital_services,253,0,3360.95,True,False,0
pay_f3748b8ba4964b,not_received,electronics,1452,0,25295.63,True,False,0
pay_d1628f556d4641,damaged,apparel,228,0,2263.42,True,False,0
pay_be4a55d0296244,not_received,digital_services,1317,0,1711.56,False,False,0
pay_c31ffc9c5c4141,not_received,electronics,354,0,19528.0,True,False,0
pay_65510574792d4d,fraud,digital_services,223,0,5234.82,True,True,1
pay_6ba99afd29e045,fraud,apparel,5,5,3138.93,False,True,1
pay_f1678233c08f46,not_received,apparel,487,0,4511.85,True,False,0
pay_b97dca705e8943,not_received,electronics,4,6,20332.66,False,True,1
pay_4ad6c65e457841,damaged,apparel,362,0,3630.49,False,False,0
pay_83d14ffbc5e94c,fraud,digital_services,550,2,834.98,True,False,0
pay_2fa8e9e42df546,fraud,electronics,1129,2,26189.99,True,False,0
pay_143109ec4b4443,not_received,apparel,33,0,2659.18,True,False,0
pay_19bd51c1c69148,fraud,electronics,60,0,30938.26,True,False,0
pay_5df86470091049,fraud,electronics,253,0,22485.65,False,False,0
pay_3d8287a0fc2f4f,not_received,apparel,928,0,3190.31,True,False,0
pay_2a89f34a7df648,fraud,electronics,7,6,23614.94,True,False,1
pay_a4758fef9ade40,not_received,digital_services,676,0,1679.67,True,False,0
pay_3d9c3a06f4cd4b,fraud,apparel,3,4,2761.05,False,True,0
pay_86ebb03a9be144,fraud,apparel,207,0,4933.72,True,False,0
pay_c7c1b119676c42,fraud,electronics,996,1,28516.18,True,False,0
pay_0527223a0e4943,damaged,digital_services,6,6,4005.75,False,True,1
pay_c1f9c4ac7bf642,fraud,electronics,369,0,32446.44,True,False,0
pay_a1af1d31210b42,not_received,apparel,435,0,3107.52,True,False,0
pay_cadc8062577343,fraud,electronics,1331,0,23102.8,True,False,0
pay_8819d76370dc4a,not_received,apparel,743,0,4895.03,True,False,0
pay_8322fd8120bc4a,fraud,apparel,731,0,3794.52,False,False,0
pay_cbd249b6899349,not_received,apparel,911,0,1737.3,True,False,0
pay_2448c52146fc42,not_received,electronics,7,4,19791.29,False,True,0
pay_0a4fe628ec014f,damaged,apparel,1082,0,3371.19,True,False,0
pay_82c3177e4e914d,fraud,apparel,288,0,2099.85,True,False,0
pay_4e90fc7678a748,fraud,apparel,494,0,3015.07,True,False,0
pay_7d3401f9bab443,fraud,electronics,753,0,28718.11,True,False,0
pay_1b1e9c6c025e47,damaged,electronics,9,3,16523.99,False,True,1
pay_615fe587ded84f,not_received,electronics,1024,0,26383.78,False,False,0
pay_7e0fee3537944c,not_received,electronics,2,5,24745.64,False,True,1
pay_84f191ba66de46,fraud,electronics,4,4,23162.57,False,True,1
pay_20659e08080e49,fraud,apparel,903,1,3063.69,True,False,0
pay_f97423766f0944,fraud,electronics,1303,0,24358.39,True,False,0
pay_f0332667b1de4e,damaged,apparel,1026,0,1833.73,True,False,1
pay_e779c48631484b,not_received,digital_services,80,0,2957.55,True,False,0
pay_055b8dd8b15f47,damaged,digital_services,893,0,2979.99,False,False,0
pay_d8a189dd8af94e,fraud,digital_services,193,0,3724.34,False,False,0
pay_613402630cbc40,not_received,electronics,299,0,24304.36,False,False,0
pay_c74012993ed345,not_received,electronics,797,0,15151.52,True,False,0
pay_c149b104031c4f,fraud,digital_services,1,4,1819.97,False,False,0
pay_56a2780c4fbd4d,damaged,electronics,695,2,26043.12,True,False,0
pay_10464eae418f4a,damaged,electronics,11,3,25702.94,False,False,0
pay_67baa219feaf4a,damaged,apparel,1103,2,4393.3,True,False,0
pay_bcbd3371b8314f,not_received,electronics,513,1,33287.74,True,False,0
pay_34d60e4b8f3c48,fraud,digital_services,11,6,2720.23,False,True,0
pay_190dca9e1b8c4b,fraud,apparel,1380,0,3857.85,True,False,0
pay_1102ce22b63d4b,damaged,apparel,448,0,1473.85,True,False,0
pay_9b87b5e761ba4c,fraud,digital_services,1006,0,1146.88,True,False,0
pay_2fbad570535740,not_received,electronics,759,0,29146.79,True,False,0
pay_78705c9de22946,not_received,apparel,954,0,2308.21,False,False,0
pay_39ec216889b945,not_received,electronics,318,0,31054.08,True,False,0
pay_529cdaf748914f,damaged,apparel,1384,0,3382.46,True,False,0
pay_059caa67bb9c4d,fraud,electronics,255,0,15748.62,False,False,0
pay_35fd50f1cb8147,fraud,apparel,10,4,2522.24,False,True,0
pay_1ff12f1266a24b,fraud,digital_services,3,4,1699.79,False,True,1
pay_190364baebce42,not_received,electronics,4,4,22415.17,False,True,0
pay_1965e8edd57b42,fraud,electronics,763,0,30780.46,True,False,0
pay_dee87de6633747,fraud,electronics,5,4,29221.25,False,True,1
pay_3806eea72e9341,damaged,apparel,1186,0,3639.52,False,False,0
pay_8d96c1ced9a046,damaged,electronics,325,0,29849.02,True,False,0
pay_4407c462203941,fraud,digital_services,460,0,2428.32,True,False,0
pay_eb4b0787076b45,fraud,apparel,860,0,3009.44,True,False,0
pay_cab7378ecf5f40,damaged,apparel,879,2,1963.02,False,False,0
pay_851891e039fc4f,fraud,apparel,584,0,2191.91,True,False,0
pay_14ee925c614c48,fraud,electronics,361,0,27437.06,True,False,0
pay_0553a09c9d9840,fraud,electronics,1457,0,24176.29,True,False,0
pay_f30e2cf98fbe4c,not_received,apparel,398,0,3469.67,True,False,1
pay_605f3532a6aa43,fraud,apparel,791,1,1399.41,False,False,0
pay_a502c221cd1141,damaged,electronics,784,0,28853.97,True,False,0
pay_293493a375fe4c,not_received,electronics,309,0,30716.8,True,False,0
pay_8f68ca40d64d48,not_received,electronics,1126,0,17216.33,True,False,0
pay_e43ecad64edf4a,fraud,electronics,395,0,20403.25,True,False,1
pay_d4f323ea77e842,not_received,electronics,724,0,22716.93,False,False,0
pay_2abf52093c7449,not_received,apparel,977,0,2201.86,True,False,0
pay_7a87319e3d404d,not_received,digital_services,74,0,4405.5,True,False,0
pay_fb8e9dac96a641,not_received,electronics,1356,0,14491.47,True,False,0
pay_89717fb0ae1643,not_received,apparel,378,0,1807.96,True,False,0
pay_d5f723f6fdbe45,damaged,electronics,1432,0,21248.73,True,False,0
pay_6f4276128a124f,damaged,apparel,80,0,3786.26,True,True,1
pay_ee93c474b4c949,not_received,apparel,314,0,2470.47,True,False,0
pay_082de0baecb441,fraud,digital_services,993,0,1990.38,True,False,0
pay_dd311973378541,fraud,electronics,1413,0,20976.39,True,False,0
pay_0111ab19535944,fraud,electronics,8,3,16777.84,False,False,0
pay_93531e285b2049,not_received,apparel,1302,0,3320.57,True,False,0
pay_ab22a4eec53947,not_received,electronics,1067,2,24889.64,True,False,0
pay_df3bc0821b0a48,not_received,electronics,1111,0,25829.12,False,False,0
pay_9e8f5b408bc549,damaged,electronics,1086,0,17008.41,True,False,0
pay_e39bee3872b94a,damaged,apparel,389,2,2550.44,True,False,0
pay_21e3905c4f9a4e,damaged,electronics,1125,0,27397.32,True,False,0
pay_49273ba1b0184c,fraud,digital_services,1438,0,2009.92,True,False,0
pay_356f322bb2a447,not_received,apparel,1377,0,2725.91,True,False,0
pay_4210189a0fe04c,fraud,electronics,1344,0,27478.0,True,False,0
pay_89e9d6fefde24b,fraud,apparel,943,0,1782.8,False,False,0
pay_fe754b70e8744e,fraud,electronics,4,5,26507.67,False,True,1
pay_e993cc80b33c45,fraud,apparel,1364,0,4856.63,True,False,0
pay_238abeeeb77947,not_received,apparel,911,0,2091.09,True,False,0
pay_5158ff4c286a4b,damaged,apparel,193,0,2783.83,True,False,0
pay_89f067c341e54d,fraud,apparel,1413,0,264.78,True,False,0
pay_a4301ee3586f46,not_received,electronics,669,0,26041.79,True,False,0
pay_10ac64d92f8f44,not_received,digital_services,688,2,3954.22,False,False,0
pay_44d371892c5e44,fraud,apparel,718,2,2607.76,True,False,0
pay_bcdcaf73c87141,not_received,electronics,4,2,22583.74,False,False,0
pay_d444a10eb00443,fraud,electronics,1,4,27832.41,False,True,1
pay_37c6fec6db4f4d,not_received,electronics,210,1,23683.44,True,False,0
pay_c8264125f65d42,not_received,electronics,152,0,19821.67,True,False,0
pay_39416fe8fe7a49,fraud,apparel,1133,0,5405.64,True,False,0
pay_19955b7c342b44,fraud,electronics,99,0,26376.87,True,False,0
pay_3eee3a39eeeb42,not_received,digital_services,1399,0,2225.97,True,False,0
pay_0e0b41918d9f45,damaged,electronics,542,0,22306.19,True,False,0
pay_8b59dbdca41b4e,fraud,electronics,1135,0,30846.81,False,False,0
pay_7d0d935c2d1d43,not_received,electronics,1049,0,22980.04,True,False,0
pay_9bf88e10a9cc4a,not_received,electronics,4,6,22905.74,False,True,1
pay_d07d4192f7a944,damaged,digital_services,568,1,2587.8,True,False,0
pay_bb40e35559c245,damaged,apparel,1200,1,2408.03,True,False,0
pay_e83a0ea2ce814a,not_received,electronics,1143,1,25421.84,True,False,0
pay_d7866a5cc71849,not_received,digital_services,409,0,3865.65,True,False,0
pay_d6b23d32de0140,damaged,digital_services,337,1,4022.43,True,False,0
pay_3ecef57c1d9e4d,fraud,apparel,1260,0,3328.69,True,False,0
pay_3af99055850d4c,fraud,digital_services,92,1,1939.23,True,False,0
pay_f042d34fa7694c,fraud,apparel,892,0,3601.23,True,False,0
pay_045cc46b217a42,damaged,apparel,255,0,5299.2,True,True,1
pay_27ed444457e34f,damaged,electronics,1306,0,29023.5,False,False,0
pay_2855da63c58147,fraud,electronics,9,4,24516.51,False,False,0
pay_0baf714b226f42,not_received,apparel,1419,0,3963.66,True,False,0
pay_2432a011b22645,not_received,digital_services,1006,0,5617.59,False,False,0
pay_61a973bf37734b,fraud,apparel,407,0,4571.79,True,False,0
pay_c62ccf0fa87246,damaged,digital_services,2,2,2222.42,False,True,1
pay_77e1229496f24f,fraud,electronics,369,0,24234.69,True,False,0
pay_4d7d8eb294554e,fraud,apparel,1183,0,3498.45,True,False,0
pay_f2ae6ec35f2546,not_received,apparel,66,0,2104.23,True,False,0
pay_5fe178d930f74e,not_received,apparel,210,2,2920.35,True,False,0
pay_1280c9d673d64a,fraud,apparel,1278,0,2981.4,True,False,0
pay_fb559abfc53c42,not_received,electronics,1036,0,19609.06,True,False,0
pay_f9df5e3176e149,not_received,electronics,413,0,30520.12,False,False,0
pay_7556eab05ed34f,fraud,digital_services,700,0,5287.83,True,False,0
pay_c0a3d7f8b3e942,fraud,electronics,1072,0,23863.64,True,False,0
pay_351b4657efcb42,not_received,apparel,152,0,4489.87,True,False,0
pay_7c09a472f5ba40,fraud,apparel,1420,0,4220.99,True,False,0
pay_b2291e2fc8fe43,damaged,electronics,11,5,16111.21,True,False,0
pay_8d9f719521be43,damaged,apparel,1367,0,948.81,True,False,0
pay_369973a643d144,damaged,apparel,9,6,2512.88,False,True,1
pay_caba56e7a5b941,fraud,digital_services,271,0,3044.96,True,False,0
pay_c42444c14d504c,damaged,electronics,163,0,22167.03,False,False,0
pay_b68c0b8888f842,not_received,apparel,1099,2,2552.81,True,False,0
pay_9ef419bbc17b4c,fraud,digital_services,2,3,2484.65,False,True,1
pay_086458cf2b9843,fraud,digital_services,1124,0,2648.26,True,False,0
pay_01bb6190017e45,fraud,digital_services,56,0,3268.85,True,False,0
pay_49bdc7330dd746,not_received,apparel,1203,0,3470.59,True,False,0
pay_51a97ba29ad642,not_received,electronics,978,0,21107.17,True,False,0
pay_45f5448f47be4d,fraud,electronics,13,5,23486.18,False,True,1
pay_e06da14e2e2443,not_received,digital_services,6,5,2500.83,False,True,1
pay_048763e9b6fa4b,fraud,digital_services,1402,0,3243.31,True,False,0
pay_b0c69860cade49,not_received,apparel,990,0,4290.27,True,False,0
pay_d2d378e3b8b440,fraud,electronics,340,0,16334.19,False,True,1
pay_9cc735fbd30e45,damaged,apparel,1262,0,3354.1,True,False,1
pay_921910588c8d45,damaged,electronics,140,2,27982.43,True,False,0
pay_ddab822c01ca49,not_received,apparel,253,0,3539.42,True,False,0
pay_40fe2c93422f4b,fraud,electronics,1353,0,27391.99,True,False,0
pay_d437927bf3cc4e,fraud,digital_services,4,6,299.69,False,True,1
pay_c652f0d8b12847,damaged,electronics,835,0,23627.27,True,False,0
pay_bacb58c0a5ac45,fraud,apparel,481,0,4390.42,True,False,0
pay_58e88371633a4b,fraud,electronics,308,1,30434.85,True,False,0
pay_2bd55038c0414b,fraud,apparel,729,0,2848.76,True,False,0
pay_1056409856284b,not_received,apparel,327,0,3300.1,True,False,0
pay_0ad41348016446,not_received,digital_services,750,0,2965.15,False,False,0
pay_395ce476003f4c,damaged,electronics,639,1,17056.6,True,False,0
pay_b944e8eecf034a,fraud,electronics,181,0,25769.81,True,False,0
pay_c25fdc734cf443,fraud,apparel,8,5,2135.9,False,True,1
pay_2bf34ff04ff64c,damaged,electronics,783,0,18431.1,True,False,0
pay_522e08e2b0db43,damaged,electronics,2,5,27382.04,False,True,1
pay_29350f40842041,fraud,apparel,845,0,4377.9,True,False,0
pay_c5b8b7c6209e4c,not_received,apparel,6,6,3696.66,False,False,0
pay_40c90204ea8f43,fraud,electronics,1024,1,19675.97,True,False,1
pay_c92fec1bcd6e4f,damaged,electronics,771,1,23896.41,True,False,0
pay_efd6a10ace6b4e,fraud,digital_services,1,5,3185.23,False,True,0
pay_c99b225f099044,damaged,apparel,1291,0,3068.28,True,True,1
pay_3bbd45ba3d2c46,not_received,electronics,813,0,29801.73,True,False,0
pay_3f2771c3594f43,not_received,electronics,9,3,25988.64,False,False,0
pay_e36a7306a64948,fraud,apparel,1255,0,2819.24,False,False,0
pay_07203edf95aa42,not_received,electronics,1111,0,26253.29,False,False,0
pay_dc0c0a03e94247,not_received,digital_services,506,0,2866.95,False,False,0
pay_ce36e3b555724a,fraud,apparel,416,0,2882.81,False,False,0
pay_d89deb6652a143,not_received,apparel,651,0,4467.83,True,False,0
pay_6223b7956d6249,damaged,digital_services,1075,0,2946.81,False,False,0
pay_79ddfbdada704d,not_received,electronics,1,3,28138.29,False,False,0
pay_7960eacd649744,not_received,electronics,802,0,23186.26,True,False,1
pay_cf5c5b20a5c344,fraud,apparel,916,0,4835.35,True,False,0
pay_a7860e3767a744,not_received,apparel,433,1,1720.12,True,False,0
pay_a5e8ea5554914c,fraud,electronics,990,0,24839.13,False,False,0
pay_f8fc3cac7f9d46,not_received,electronics,1032,0,32487.64,False,False,0
pay_47a7d5ea2fe649,damaged,electronics,372,1,18439.87,False,False,0
pay_a67b31f1348147,not_received,electronics,410,0,27405.5,True,False,0
pay_fc582d2a65a149,fraud,apparel,827,1,3054.13,True,False,0
pay_f807e6c904134e,fraud,apparel,225,1,1875.67,True,False,0
pay_cfc93eeaa9e849,not_received,apparel,914,0,4668.08,True,False,1
pay_e0a6c14445d344,not_received,electronics,1444,0,20604.52,False,False,0
pay_cf446757e6cd4f,damaged,electronics,1030,0,28245.96,True,False,0
pay_166d30ce70514a,damaged,electronics,154,0,32940.39,True,False,0
pay_bdbe24e9a12249,not_received,electronics,1212,0,31707.46,True,False,0
pay_bc77751145f640,fraud,electronics,302,0,24440.61,True,False,0
pay_12b9b044417a40,fraud,electronics,1259,1,33566.5,True,False,0
pay_f2d53a909fa544,fraud,apparel,816,0,1792.75,False,False,0
pay_9aac4f6dce6a49,fraud,apparel,420,0,3148.12,False,False,0
pay_ea6c11ca124f4f,not_received,electronics,663,1,20149.22,True,False,0
pay_af1cc6dd0bd345,not_received,digital_services,1047,0,2226.91,True,False,0
pay_e271b60e0d7046,not_received,digital_services,908,0,3167.3,True,False,0
pay_d67e4b7b90f946,fraud,digital_services,564,0,2762.1,True,True,1
pay_613ba93c4bc74b,fraud,digital_services,8,5,3993.63,False,True,0
pay_80e6e7f1af3b4d,fraud,apparel,9,4,2850.3,False,True,1
pay_c59a397d609340,fraud,apparel,1129,0,2143.65,True,False,0
pay_9eab40c9239843,damaged,electronics,525,0,31491.06,True,False,0
pay_ca7abe2604144f,fraud,apparel,72,0,5027.34,False,False,0
pay_f6714423a3f241,not_received,apparel,936,0,1402.62,True,False,0
pay_2da529c76ffe46,fraud,apparel,314,0,2867.58,False,False,0
pay_994cffc2e8f948,damaged,apparel,1472,0,5314.31,True,False,0
pay_e0ae191239ae47,not_received,apparel,1209,1,2232.4,True,False,0
pay_e6d8897792a847,fraud,apparel,471,0,5091.7,True,False,0
pay_878d14aeaf2e4a,not_received,electronics,765,0,28474.59,True,False,0
pay_f224e6a8a49d42,not_received,apparel,7,6,2195.82,False,True,0
pay_3a77e0d0acf440,damaged,digital_services,156,0,3730.92,True,False,0
pay_549d80cae96443,fraud,digital_services,1375,0,2201.0,False,False,0
pay_adc1f11659b64c,damaged,apparel,2,2,2205.68,False,True,1
pay_e640d23a984c4e,damaged,electronics,1209,0,22176.05,True,False,0
pay_a94a2ea5289c40,damaged,digital_services,543,0,2978.68,True,False,0
pay_e3df0afb14e947,not_received,electronics,12,4,15510.96,False,False,0
pay_c5513cb648324b,not_received,digital_services,1265,0,3991.32,True,False,0
pay_6ac296db01364d,not_received,electronics,1226,0,24740.41,True,False,0
pay_36e798fddc5348,not_received,apparel,562,0,1703.49,True,False,0
pay_fb10f46d02a148,not_received,apparel,1263,0,2784.31,True,False,0
pay_2df7227dcd374c,not_received,apparel,213,2,3474.56,True,False,0
pay_a68cc77f725d4a,not_received,apparel,473,0,3003.85,False,False,0
pay_5214975ee3374d,not_received,apparel,736,0,3664.22,False,False,0
pay_8223a9f1bfae46,damaged,apparel,705,0,3640.34,True,False,0
pay_f4195236c22b46,fraud,electronics,454,0,24797.25,False,False,0
pay_ce2eccb5776c45,damaged,apparel,1031,0,3334.28,True,False,0
pay_308856d1a77340,not_received,electronics,1298,1,20890.59,True,False,0
pay_c77faef50c3340,damaged,apparel,560,0,2288.33,True,False,0
pay_4a9b0a68613944,not_received,electronics,77,0,19567.29,False,False,0
pay_eb4195cc578444,fraud,apparel,676,0,1548.18,True,False,0
pay_195685bfdeff44,damaged,apparel,1147,0,4681.19,True,False,0
pay_935c6260841f49,fraud,electronics,11,4,25936.14,False,True,0
pay_a89551f7428d4b,damaged,apparel,936,0,3360.97,True,False,0
pay_2192ebade39540,not_received,apparel,238,0,2284.81,False,False,0
pay_a98803519e394c,not_received,digital_services,12,2,1750.31,False,True,0
pay_44dc06d7175242,fraud,digital_services,912,0,4866.56,True,False,0
pay_4585abd6f52546,not_received,apparel,1313,0,1601.44,True,False,0
pay_5e9041d1f8d64f,fraud,apparel,213,2,2964.32,True,False,0
pay_dcea14b4611c48,fraud,electronics,419,0,27801.81,True,False,0
pay_0518de2dae8546,fraud,electronics,731,0,26754.07,True,False,0
pay_d5263b038ea143,fraud,electronics,656,0,25066.31,True,False,0
pay_9e7c33eed2674c,damaged,digital_services,984,0,3426.17,True,False,0
pay_5de9eac41f4144,damaged,electronics,10,6,27738.92,False,True,1
pay_9c524e6969b548,fraud,apparel,218,0,2091.41,True,False,0
pay_1b869e44e63b4e,not_received,electronics,267,0,20924.98,True,False,0
pay_22da883bebc94d,fraud,electronics,599,0,29719.02,True,True,1
pay_9e8625fc4c7b48,not_received,electronics,984,0,24812.67,True,False,0
pay_2f151c287ec340,damaged,apparel,338,0,1819.81,True,True,1
pay_c6fbbcb4143644,damaged,apparel,1,5,2974.93,False,True,1
pay_85c486c7c81947,not_received,apparel,78,1,3370.22,False,False,0
pay_a57602fcb79740,not_received,apparel,246,0,2508.64,True,False,0
pay_82ce2845757146,fraud,apparel,139,0,2656.15,True,True,1
pay_0107653dc1f942,damaged,apparel,1247,0,2675.38,False,False,0
pay_248a263de56d40,fraud,apparel,11,3,2169.36,False,True,1
pay_ab761b3da98641,not_received,apparel,1293,0,2919.18,True,False,0
pay_935e69fa85d34a,not_received,electronics,10,3,23061.72,False,True,0
pay_b0259e6356b740,not_received,digital_services,12,4,2219.95,False,True,1
pay_f5f81104e4ad44,fraud,electronics,1425,0,15352.6,True,False,0
pay_33f4cff70f2549,damaged,electronics,1014,0,23526.07,False,False,0
pay_0cdd6a8f20dd43,fraud,apparel,1225,0,4187.1,True,False,0
pay_69102c2ec45a49,not_received,apparel,1325,0,4654.38,False,False,0
pay_4ffd55439ed846,fraud,electronics,599,0,25153.81,True,False,0
pay_941ea6f1c81d42,fraud,apparel,412,1,1902.6,True,True,1
pay_337a1b0a5e6944,not_received,apparel,8,5,3135.04,False,False,0
pay_247a5e3d110949,not_received,apparel,338,0,5406.51,True,False,0
pay_0009c7a9ea1e4d,fraud,apparel,167,0,1414.32,True,False,0
pay_75c081334fba43,fraud,apparel,152,0,3015.63,True,False,0
pay_1a1b8cf435934e,not_received,electronics,2,6,33209.64,False,True,0
pay_e8f560d800fc49,not_received,electronics,12,2,29908.68,False,True,0
pay_053583a2058e4d,damaged,electronics,1321,0,15991.47,True,False,0
pay_c4d875353a7f4a,fraud,apparel,327,1,4794.86,True,False,0
pay_dc914e0efb6f45,fraud,apparel,601,0,3811.41,True,False,0
pay_a29db99546d84c,fraud,apparel,446,0,3390.7,False,False,0
pay_51bb379ba29540,fraud,apparel,10,3,2535.42,False,True,0
pay_caf18bce96ef4f,not_received,apparel,507,0,1802.29,True,False,0
pay_0b8638c10e564e,not_received,electronics,564,0,16427.83,True,False,0
pay_00963eff186442,fraud,electronics,1298,0,20498.18,True,False,0
pay_092ed3614d2648,fraud,digital_services,486,0,3920.59,True,False,0
pay_e05c63bcbe8e4f,fraud,apparel,859,0,1055.84,True,False,0
pay_6222f44f9cc54a,damaged,apparel,203,0,3141.67,True,False,0
pay_f7e5b988ffb540,damaged,apparel,1318,0,4119.65,True,False,0
pay_d13ffb8bd36148,fraud,apparel,563,0,4764.23,True,False,0
pay_d9205d85bf3d46,fraud,apparel,1131,0,4304.35,True,False,0
pay_89347222d1e84c,damaged,electronics,1487,0,27204.81,False,False,0
pay_46150ed65af941,damaged,digital_services,1,2,1778.61,False,True,1
pay_c5651894b9744d,not_received,electronics,1165,0,25486.76,True,False,0
pay_be643abd239e4a,fraud,electronics,5,2,25561.32,False,False,0
pay_024c6a00d6bc48,fraud,electronics,83,0,23318.96,True,False,0
pay_32083fc5e68a47,not_received,apparel,1049,0,3776.07,False,False,0
pay_68c9a2f7de5e48,fraud,apparel,5,2,3319.82,False,True,0
pay_f8bdbebbb06343,fraud,apparel,1298,0,3137.56,True,False,0
pay_cd91f398192440,not_received,digital_services,756,1,2598.98,False,False,0
pay_33b0b07dfa5b46,fraud,electronics,830,2,31448.45,True,False,0
pay_efddacc74aac4c,not_received,apparel,889,0,2876.81,True,False,0
pay_5d9bb6a5bb9248,fraud,apparel,349,0,3656.16,True,False,0
pay_7e5e8500de7147,fraud,digital_services,906,0,3931.05,True,False,0
pay_6458e5193eb845,not_received,electronics,1176,1,23716.42,True,False,0
pay_afa23840ea594b,fraud,digital_services,5,2,2535.22,False,False,0
pay_b41e9915986b4c,damaged,electronics,1081,0,18189.47,True,False,0
pay_7d14b354f96249,not_received,apparel,791,0,3349.66,True,False,0
pay_82f4e1575c9c4c,fraud,apparel,836,0,2320.96,True,False,0
pay_adc6c7ef592f40,not_received,digital_services,268,0,2834.97,False,False,0
pay_ac5b265b48e14d,fraud,electronics,403,0,30246.56,False,False,0
pay_cdd47d0d70bb4d,damaged,electronics,136,0,29863.78,True,False,0
pay_493b1899b74b4e,fraud,electronics,619,2,24476.06,True,False,0
pay_ba0dfdbf3fdc42,not_received,apparel,1091,0,3138.87,True,False,0
pay_17617f45136748,fraud,apparel,543,0,3031.7,True,False,0
pay_5301d72d140f42,not_received,digital_services,1379,0,754.41,True,False,0
pay_fe878572b82c45,damaged,apparel,849,0,417.86,False,False,0
pay_088f91f8880f41,damaged,electronics,431,0,32944.52,False,False,0
pay_7de4fe9f47b34d,fraud,electronics,716,2,30572.77,True,False,0
pay_c9250e4c2a3346,fraud,electronics,361,0,25395.5,False,False,0
pay_5c7cb4840e3445,damaged,apparel,1128,0,3804.47,True,False,0
pay_2c2eb733c7d444,damaged,digital_services,486,0,2647.55,True,False,0
pay_e84c7d4fc66642,fraud,digital_services,923,0,3559.69,True,False,0
pay_484a39cf293e44,not_received,apparel,652,0,3278.99,False,False,0
pay_90eb65c24d4f40,fraud,electronics,1209,1,31665.99,True,False,0
pay_81a0e43a91e448,damaged,electronics,6,2,20831.48,False,True,1
pay_13ccf16befd74e,fraud,apparel,688,1,2456.28,False,False,0
pay_be63700cf3e546,fraud,digital_services,305,0,1548.42,False,False,0
pay_1b5d23de2e9a40,not_received,electronics,10,6,19059.12,False,False,0
pay_9279976a1f4745,fraud,electronics,7,5,24887.87,False,False,0
pay_0b631270209044,not_received,apparel,1,3,4858.54,False,True,1
pay_62b144f382704d,not_received,apparel,774,1,2537.21,True,False,0
pay_e1639c06611d4b,fraud,electronics,733,1,26830.08,True,False,0
pay_41a290f32be94d,fraud,digital_services,733,0,4299.22,True,False,0
pay_ad85374545e34c,not_received,electronics,726,0,23900.08,True,False,0
pay_109d681ff8e34f,fraud,digital_services,1359,2,4156.16,True,False,0
pay_834ecae3e10649,not_received,electronics,13,5,25619.01,False,True,1
pay_2583888734e343,damaged,electronics,798,0,24730.87,True,False,0
pay_0c3e817e634e47,not_received,electronics,288,0,20264.32,True,False,0
pay_98ec19093aaa40,fraud,electronics,1208,0,32591.19,True,False,0
pay_79b09bd0d3584f,fraud,apparel,1090,0,2948.26,True,False,0
pay_368322b3639b40,fraud,apparel,564,0,3921.1,True,False,0
pay_6d896f4e0eb741,fraud,apparel,1208,0,2218.64,True,False,1
pay_e6d2140a0bcf45,not_received,apparel,886,0,3914.67,False,False,0
pay_86447d07c7e24f,not_received,electronics,879,0,22360.53,True,False,0
pay_217675e5407142,fraud,electronics,1050,2,20993.27,True,False,0
pay_db22c99c3cb448,fraud,digital_services,543,0,3137.05,True,False,0
pay_2bd54863f1de43,fraud,digital_services,295,0,2876.44,False,False,0
pay_abf4fa8caefb46,not_received,electronics,969,0,26078.06,True,False,0
pay_e771f7149db844,fraud,apparel,4,2,5352.36,False,True,0
pay_43017dbba9594a,not_received,apparel,375,0,2481.23,True,False,0
pay_1ba9074e7ebd4b,fraud,electronics,530,0,24511.22,True,False,0
pay_8339e424b1974b,damaged,apparel,322,0,3723.33,True,False,0
pay_7395190605274b,damaged,apparel,3,2,100.0,False,True,1
pay_ee3ceec3140847,fraud,electronics,234,0,33666.59,True,False,0
pay_3ac44d02511c4b,fraud,electronics,165,0,25123.09,True,False,0
pay_8663bedf138241,not_received,apparel,345,0,2033.07,True,False,0
pay_88056ab0ee7741,fraud,electronics,1181,0,32075.39,True,False,0
pay_849c75506eab4f,not_received,electronics,378,0,18688.54,True,False,0
pay_aac3c3a4bd5e4e,damaged,apparel,478,0,2769.56,True,False,0
pay_f6cccf1f187c4f,not_received,apparel,7,4,4178.35,False,False,0
pay_bdb8384f6ebb4b,damaged,electronics,258,2,22407.79,True,False,0
pay_472dda87951644,fraud,digital_services,382,2,1829.62,True,False,0
pay_92bd9d37748041,fraud,apparel,908,0,4056.93,True,False,0
pay_ef2aa2e8e40043,not_received,electronics,1068,0,26004.98,True,False,0
pay_b8f4e1fcffb340,fraud,apparel,928,0,2255.93,True,False,0
pay_a163e976c54e4a,not_received,apparel,1236,0,2739.25,True,True,1
pay_36d0d6581cd949,fraud,electronics,666,0,24422.5,True,False,0
pay_b21239dbac7d41,fraud,apparel,1189,1,1918.43,False,False,0
pay_3cad910040174e,damaged,apparel,284,0,2613.76,True,False,0
pay_38fcb8fa5acd4f,fraud,apparel,772,0,2335.15,False,False,0
pay_ed1e29d3d62a49,damaged,apparel,1357,0,5078.99,True,False,0
pay_d38f0ca6650544,damaged,apparel,478,0,4571.3,True,False,0
pay_2e64494a07db46,not_received,electronics,489,0,23626.76,False,False,0
pay_8478e1faa1b34f,not_received,apparel,636,0,3177.29,True,False,0
pay_344b6b66cc6942,not_received,apparel,633,0,3610.08,True,False,0
pay_091ee8f9c20341,damaged,apparel,880,0,3287.16,True,False,0
pay_401a9dcb551245,fraud,apparel,1046,0,2930.42,True,False,0
pay_c270e02d7e6045,not_received,apparel,403,0,3455.38,True,False,0
pay_aee316a2305e47,not_received,digital_services,435,1,4526.09,False,True,1
pay_5f7057d7708949,not_received,electronics,470,0,23635.88,True,False,0
pay_6a5167e7de4f44,not_received,electronics,262,0,25202.63,True,False,0
pay_dfba7c77dffb40,fraud,electronics,646,0,19405.7,True,False,0
pay_0eaa2abc99a841,not_received,electronics,1363,0,26296.59,True,False,0
pay_0f86f2a8369e41,damaged,apparel,1158,0,1980.14,False,False,0
pay_34fb42e8421645,fraud,electronics,972,0,21908.8,True,True,1
pay_3f1930acf2bc40,damaged,electronics,332,0,13830.29,True,False,0
pay_7cc356e4ca4b46,not_received,electronics,1379,0,19216.46,True,False,0
pay_78b8d7d89af146,damaged,apparel,1381,0,2090.75,False,False,0
pay_a6c172e877ca4b,not_received,digital_services,1141,0,3120.75,True,False,0
pay_c5ccd31a30914f,not_received,apparel,898,0,2803.42,False,False,0
pay_e8218db2a9d44a,fraud,electronics,749,2,29721.89,True,False,0
pay_fcb7dbcb1c254b,damaged,apparel,323,0,2255.85,True,False,0
pay_936d0bc5f4974e,fraud,electronics,395,1,19381.35,False,True,1
pay_3ab97f9f3c484c,damaged,electronics,1331,0,24808.82,True,False,0
pay_202f12f1dcc743,damaged,digital_services,1025,0,3010.04,True,False,0
pay_74902cab24414e,fraud,apparel,116,0,1636.12,True,False,0
pay_29cb9a5a017d40,fraud,electronics,6,4,24016.52,False,True,1
pay_d75e3535431942,not_received,apparel,1267,0,4959.17,True,False,0
pay_e8f08adf475949,fraud,electronics,2,2,24308.55,False,False,0
pay_0feb0477b70e44,damaged,electronics,1005,0,18435.12,True,False,0
pay_747e235ac8ac48,fraud,apparel,9,6,2784.03,False,True,0
pay_6c806b6a9caa43,fraud,electronics,839,0,33561.29,True,False,0
pay_65ffcaaa0da742,damaged,digital_services,651,0,1838.19,True,False,0
pay_8bef74d6be2241,not_received,apparel,1248,0,3416.92,False,False,0
pay_75b8083bdb9340,damaged,digital_services,671,0,1737.65,True,False,0
pay_5eadea933af941,fraud,apparel,1242,0,4350.59,False,False,0
pay_a292fc8c9a964b,not_received,apparel,5,3,2888.02,False,True,1
pay_d019fc0e036c40,not_received,apparel,679,0,3815.65,True,False,0
pay_31a6b2dcc37e4c,not_received,electronics,577,0,26767.83,True,False,0
pay_da3f51c3eac645,not_received,apparel,598,0,2189.02,True,False,0
pay_a4f9da5f22ec44,not_received,electronics,301,2,26606.37,True,False,0
pay_48080cef121d4d,not_received,electronics,170,0,25304.65,True,False,0
pay_93a1a833455a41,fraud,apparel,703,0,2940.17,True,True,1
pay_74786369d82147,not_received,apparel,1331,0,1874.32,True,False,0
pay_3369201a599741,fraud,digital_services,432,0,3365.15,True,False,0
pay_65049e4c630045,not_received,electronics,12,2,22870.94,True,True,1
pay_8415e68e55ee4f,fraud,apparel,541,0,1413.49,True,False,0
pay_244ba045d0df4d,not_received,digital_services,1101,0,4391.2,True,False,0
pay_0c1d140cae094c,not_received,electronics,939,0,23635.58,True,False,0
pay_ecf0f5bc885641,fraud,electronics,1193,0,31806.88,False,False,0
pay_c8386baaf20c40,fraud,electronics,1290,0,26733.26,True,False,0
pay_0d99d37006914e,fraud,digital_services,489,0,2215.65,True,False,0
pay_aaf9bcde429f4b,not_received,electronics,115,0,25319.92,True,False,0
pay_d14683ebdea742,damaged,electronics,422,0,30170.95,False,False,0
pay_8507eeaabddf48,fraud,apparel,704,0,3997.28,True,False,0
pay_8c835e6fdebd49,not_received,digital_services,522,0,4401.93,True,False,0
pay_baaa71b97a8447,fraud,digital_services,811,0,1906.3,True,False,1
pay_37f19a96a8354a,not_received,apparel,272,0,2729.72,True,False,0
pay_3b31bc5226804d,damaged,digital_services,309,1,3715.17,True,False,0
pay_c2df0475c11247,fraud,electronics,1248,0,18522.74,True,False,0
pay_af7e741092bf4e,not_received,electronics,897,1,22720.02,True,False,0
pay_1dbc134a281142,fraud,digital_services,1293,2,4134.15,True,False,0
pay_b72d469478fe41,fraud,apparel,631,0,3229.45,True,False,0
pay_d3270d21c52948,fraud,electronics,331,0,11035.81,True,False,0
pay_d8fe049c19af4a,fraud,apparel,1335,0,1164.61,True,False,0
pay_fc61e068f9ed49,not_received,apparel,261,0,1975.89,False,False,0
pay_06f44d7e871149,not_received,digital_services,1483,0,2714.51,True,False,0
pay_baefb550465c42,not_received,digital_services,10,2,4906.21,True,False,0
pay_128e9b062ecc4e,fraud,apparel,868,0,3827.63,True,False,0
pay_02217fbc4f2d43,fraud,digital_services,418,0,3292.42,True,False,0
pay_f9949b9aa53848,not_received,apparel,809,0,3752.41,False,False,0
pay_9ab164e0b12f48,damaged,apparel,12,5,2801.44,False,True,1
pay_0bbc466646954c,fraud,apparel,939,0,3588.07,True,False,0
pay_3cd15fa9de9c4a,damaged,apparel,828,0,1647.48,True,False,0
pay_a42072fe0dbb48,not_received,electronics,1480,0,28900.87,False,False,0
pay_8446870167a44c,not_received,electronics,269,0,19998.93,True,False,0
pay_4b7c8724646045,not_received,apparel,268,1,1668.31,True,False,0
pay_c175add24a5343,fraud,electronics,1233,2,23587.09,True,False,0
pay_80a91fe8102141,fraud,electronics,920,0,24736.39,True,False,0
pay_5406a1a6ffb641,not_received,electronics,758,0,22933.0,True,False,0
pay_ecf296c7510d4f,fraud,electronics,1226,0,19810.55,True,False,0
pay_57d95663c2284c,damaged,apparel,52,1,4985.96,True,False,0
pay_17f79cd38c9a42,not_received,electronics,891,0,31955.94,False,False,0
pay_4357d763eb0440,fraud,electronics,162,0,23000.4,True,False,0
pay_fc6851fb24e749,not_received,apparel,1111,0,3452.89,True,False,0
pay_c253a37e12af4b,fraud,digital_services,197,0,2848.82,True,False,0
pay_92a2c4b53b044c,not_received,electronics,41,0,16615.72,True,False,0
pay_d423e2f32b0847,not_received,electronics,782,0,15161.62,True,False,0
pay_d0a8c7d33ac041,damaged,digital_services,1403,0,3956.52,True,False,0
pay_559b04db1c7c40,not_received,electronics,302,0,35472.03,True,False,0
pay_7cb5744d0c0d4e,not_received,digital_services,300,2,2545.9,True,False,0
pay_fae5fa6ff5324f,not_received,electronics,1224,1,19221.84,True,False,0
pay_36acb4cdd9cc46,damaged,electronics,1120,0,30119.42,True,False,0
pay_5d516188036d4d,fraud,electronics,541,0,20395.64,True,False,0
pay_0f47f2f7d8854d,fraud,electronics,10,6,33378.01,False,True,0
pay_98daac4871bf4c,fraud,digital_services,488,0,3579.57,True,False,0
pay_20d74a01aa6846,fraud,digital_services,1195,0,2444.25,True,False,0
pay_131ed737ced049,not_received,digital_services,472,0,2669.73,False,False,0
pay_5189d23276ed4e,not_received,digital_services,366,0,3034.55,True,False,0
pay_0980028c016f43,not_received,digital_services,12,4,3640.87,True,True,1
pay_c8431ef42b4b41,fraud,apparel,1088,0,2506.33,True,False,0
pay_95d1aefca6de4b,not_received,digital_services,1083,0,2087.26,True,False,0
pay_bfa377cda11046,fraud,electronics,866,0,31152.27,True,False,0
pay_3241d23c3e3145,not_received,electronics,1330,0,13334.79,True,False,0
pay_aa838224352a4e,not_received,apparel,1271,0,2515.89,True,False,0
pay_28c5d388bd824b,fraud,digital_services,1347,0,2219.03,True,False,0
pay_eeb4de8a16a840,fraud,apparel,1426,0,4515.51,True,False,0
pay_6c37509e7d3745,fraud,digital_services,597,0,3152.28,True,True,1
pay_86cc011d429b40,damaged,apparel,1123,0,3854.84,True,False,0
pay_581dfbdaa7aa45,damaged,apparel,353,0,2860.93,True,False,0
pay_1240ece91b1b4c,not_received,digital_services,3,6,2800.73,False,True,0
pay_48d6426c7ac94b,fraud,electronics,636,0,17401.23,True,False,0
pay_fb9d60da449c49,not_received,digital_services,565,0,4342.92,False,False,0
pay_d1805269e5fb4b,not_received,apparel,10,4,3216.07,False,True,0
pay_b082427df2d34f,not_received,apparel,503,0,3781.58,False,False,0
pay_60880b4a2d354b,fraud,digital_services,1386,0,3300.95,True,False,0
pay_85796afc44464b,fraud,apparel,1,2,3950.42,False,True,0
pay_6374ea521efe4c,not_received,apparel,1366,1,1400.12,True,False,0
pay_cf50d721c1fd45,fraud,apparel,1294,0,3684.5,True,False,0
pay_b1cfa1d1d4dc4e,fraud,electronics,1200,0,25209.45,True,False,0
pay_a975869ef6a84a,fraud,apparel,1180,1,2199.34,True,False,0
pay_187faa1dca924f,not_received,electronics,977,0,26998.82,True,True,1
pay_2c4d59fee02e48,damaged,digital_services,908,0,2606.37,False,False,0
pay_2f139ef7d58d46,damaged,electronics,714,0,17443.41,False,False,0
pay_1f70dca1106748,not_received,apparel,1452,0,2258.13,True,False,0
pay_fdb6896612c648,not_received,digital_services,1239,0,4501.89,True,False,0
pay_89fde41d11df43,fraud,digital_services,568,0,2901.07,True,False,0
pay_aa76b80e021340,not_received,apparel,1134,0,3903.79,False,False,0
pay_fade4f0480f04f,fraud,apparel,767,0,1920.55,False,False,0
pay_13cf129a86ee41,not_received,electronics,1144,0,29247.58,True,False,0
pay_c2a2420a3cdb4b,fraud,electronics,504,0,23511.6,True,False,0
pay_fed6f061be1841,fraud,electronics,165,0,22319.13,True,False,0
pay_b4346a5c535e40,fraud,apparel,3,2,2211.93,False,True,0
pay_64b6b85a88a74c,fraud,electronics,1283,0,33689.14,True,False,0
pay_065d032c5e2f45,fraud,apparel,3,2,2228.99,False,False,0
pay_2f6dbd21887249,fraud,electronics,7,4,30540.95,False,False,0
pay_4e092ec31c3e4b,damaged,apparel,940,1,3018.54,True,False,0
pay_e4bfae02e03e44,not_received,apparel,1407,1,2955.84,True,False,0
pay_f7fc8142da3245,not_received,digital_services,394,1,2625.22,True,False,0
pay_ed9abc4af87b49,damaged,electronics,499,1,21854.48,True,False,0
pay_029822e99d214d,damaged,electronics,10,2,24248.91,False,True,0
pay_2ea35fdf69804f,not_received,electronics,1431,0,22455.42,True,False,0
pay_1db07ae4323c44,damaged,electronics,9,5,28988.7,False,True,1
pay_fa12ed39f81f4f,fraud,apparel,135,0,3789.65,False,False,0
pay_11bbee3cf1ad46,fraud,electronics,521,0,18483.93,True,False,0
pay_169690a7a9b44e,not_received,electronics,1285,0,23849.63,True,False,0
pay_96d3fa65d04741,not_received,digital_services,417,0,3007.98,True,True,1
pay_6730bf1e43dc4e,not_received,apparel,8,6,3932.07,False,False,0
pay_3047bda754d84b,fraud,electronics,7,6,25074.89,False,True,0
pay_b65947c4005142,fraud,electronics,1354,0,23695.35,True,False,0
pay_b0d4c041b2a14f,not_received,electronics,865,0,22716.81,False,False,0
pay_df4604f9606d4f,fraud,apparel,521,1,2985.56,False,False,0
pay_49d434a727d949,not_received,apparel,1184,0,3240.04,True,False,0
pay_851f15460dab40,not_received,apparel,5,2,4020.82,False,True,1
pay_3ce7b85e238848,not_received,electronics,1272,2,18915.7,False,False,0
pay_f04bb77d1d9c47,not_received,apparel,574,0,1781.24,True,False,0
pay_2253dc2a335548,damaged,apparel,838,1,4079.6,True,False,0
pay_4c53fb9a3a8d48,not_received,apparel,838,0,1597.76,True,False,0
pay_85b944fb5d9147,not_received,digital_services,9,5,1826.97,False,True,0
pay_5340c929f61144,not_received,electronics,1316,0,21235.37,True,False,0
pay_1701af6d84f34d,fraud,electronics,73,0,19168.06,True,False,0
pay_26ae486954c842,fraud,digital_services,1429,0,2524.69,True,False,0
pay_a92cb55b7dd448,fraud,electronics,5,2,30155.4,False,True,0
pay_ae6b85a7815f4c,not_received,electronics,1023,0,26556.18,True,False,0
pay_561d0f47f8c844,not_received,apparel,544,0,3326.59,True,False,0
pay_05d4b8212a7c4d,damaged,apparel,537,0,4199.29,True,False,0
pay_cc0411b2dd244b,fraud,digital_services,136,0,2615.38,False,False,0
pay_77c588ae4fd745,fraud,electronics,643,0,21110.56,True,False,0
pay_6f3a111ab82646,damaged,electronics,383,0,27483.27,True,False,0
pay_c4edf852d04f40,fraud,electronics,1113,0,27458.28,True,False,0
pay_630d3380282144,not_received,apparel,384,0,3916.78,True,False,0
pay_d68383dfae744b,not_received,electronics,1421,0,19513.51,False,False,0
pay_0b6125a39e0546,not_received,apparel,12,5,3064.51,False,True,1
pay_69c6c6d250b640,fraud,electronics,1039,0,22581.07,True,False,0
pay_d9ed72cd2baf47,fraud,electronics,8,3,30285.5,False,True,0
pay_45e2941f6d5843,fraud,apparel,231,2,3018.76,True,False,0
pay_4495813f382a45,not_received,digital_services,59,0,3992.54,True,False,0
pay_131a2b5d2b4542,not_received,digital_services,834,2,2194.03,True,False,0
pay_15fe0005d61a45,fraud,digital_services,667,0,3335.48,False,False,0
pay_0ad0e8a2b1ec46,not_received,apparel,863,0,2738.29,True,False,0
pay_b61169229b2245,damaged,electronics,1052,0,29758.97,True,False,0
pay_b05596ca65284d,fraud,electronics,995,0,27214.39,True,False,1
pay_cd4b80c0a0a946,not_received,apparel,132,0,2917.69,True,False,0
pay_ecdae782a0e54b,not_received,electronics,1194,0,28064.91,True,False,0
pay_e2c754f3e4e440,fraud,electronics,774,0,17141.98,True,False,0
pay_9312b25de1de4a,fraud,electronics,341,0,23030.82,False,False,0
pay_1ed9a875036448,not_received,apparel,309,0,3377.35,True,False,0
pay_7960e4d0834444,damaged,electronics,288,0,32887.01,True,False,0
pay_08915c3f374244,damaged,electronics,733,0,25893.17,True,False,0
pay_72adc53f1ea84b,not_received,apparel,10,5,2982.31,False,True,1
pay_b1892500370840,not_received,electronics,12,3,22571.68,False,True,0
pay_d15d66d7ed8f41,fraud,apparel,996,0,2825.65,True,False,0
pay_7456cb908d6848,not_received,apparel,270,0,3821.69,True,False,0
pay_1065abcf0d974b,not_received,electronics,620,1,31738.83,True,False,0
pay_3241ddd77eda49,fraud,apparel,742,0,4231.05,True,False,0
pay_21d8a813c0a244,not_received,electronics,768,0,22163.9,False,False,0
pay_509605129a3c4c,not_received,apparel,4,6,3752.53,False,True,0
pay_bfaf9010058c4a,fraud,apparel,156,0,3450.25,True,False,0
pay_5ec28f2221cf4d,damaged,digital_services,853,0,2741.35,True,False,0
pay_999d5b48b12f4a,fraud,apparel,3,3,5298.65,False,True,1
pay_66bc3336743347,fraud,electronics,93,0,28548.39,True,False,0
pay_8670d8f2fa7447,fraud,apparel,1248,2,5087.52,True,False,0
pay_32cade1be25740,not_received,electronics,300,0,27090.18,False,True,1
pay_7f5058cf107245,not_received,apparel,232,0,3228.9,True,False,0
pay_6bd6ab13c5e148,fraud,electronics,629,1,27691.27,True,False,0
pay_e628c5bc6aa14b,not_received,apparel,739,0,4265.14,True,False,0
pay_16c698f9866b48,fraud,electronics,1464,0,17833.23,True,False,0
pay_b336eb5a9cde4f,not_received,apparel,106,0,1855.14,True,False,0
pay_7ac21db9cf0144,not_received,apparel,116,1,4595.15,False,False,0
pay_99c8f6223f3d42,not_received,electronics,607,1,26005.46,True,False,0
pay_b4d1d1cdb05d41,damaged,digital_services,1386,0,2150.43,True,False,0
pay_0af6beb0753848,fraud,apparel,1438,1,4154.46,True,False,0
pay_54deba083af642,fraud,electronics,351,0,29310.02,True,True,1
pay_fce8d21188ab42,not_received,electronics,893,0,20713.9,True,False,0
pay_84527256393845,damaged,apparel,1119,0,1697.36,False,False,0
pay_615bee4ec5864a,fraud,electronics,273,0,17809.63,True,False,0
pay_c32b0ac0431546,fraud,digital_services,545,0,2471.43,False,False,0
pay_a7e1586fcdf642,fraud,electronics,1386,0,24607.06,True,False,0
pay_1856dee6081b4d,not_received,electronics,8,3,29740.54,False,False,0
pay_6c41baeb6d0741,fraud,digital_services,286,0,3100.26,True,False,0
pay_6b0d4166aaf641,not_received,digital_services,1238,0,3944.42,True,True,1
pay_0859fc22a27540,damaged,electronics,1120,0,33310.81,True,False,0
pay_3c97da41536a48,not_received,apparel,638,0,3086.82,True,False,0
pay_98922f8cafe146,fraud,electronics,43,0,28194.26,True,False,0
pay_3712155298e041,not_received,apparel,1063,0,4523.55,True,False,0
pay_f0e3035adb2e49,fraud,digital_services,884,0,3455.24,True,False,0
pay_c806c73da15c47,damaged,electronics,1054,2,26868.84,True,False,0
pay_c5eb7236213747,not_received,electronics,1098,1,21228.7,True,False,0
pay_1a301b329cac40,fraud,electronics,13,5,22285.3,False,False,0
pay_bde78fb17a9d42,not_received,electronics,4,4,27781.42,False,True,0
pay_07fb11aa1ed24b,not_received,electronics,8,4,22693.43,False,False,0
pay_7c6a1bf5e31c46,not_received,digital_services,456,1,2680.81,True,False,0
pay_b5fb40f0ab4b42,fraud,electronics,552,0,14986.81,True,False,0
pay_712975cc71de46,damaged,apparel,454,0,1200.13,True,False,0
pay_4f0d677aff844b,damaged,apparel,1477,0,2157.79,True,False,0
pay_e60701e56ec249,not_received,apparel,96,0,3852.32,True,False,0
pay_136618c404a349,damaged,apparel,1268,0,2011.28,True,False,0
pay_bb0cff31e1574d,fraud,electronics,399,0,28450.37,True,False,0
pay_05a352977f4540,not_received,apparel,1008,1,5098.38,True,False,0
pay_107a314cde8645,not_received,electronics,330,0,24861.67,False,False,0
pay_cdc13bdce2fe45,not_received,apparel,166,0,2931.97,True,False,0
pay_c786e7801dee4e,not_received,electronics,258,0,22517.28,True,False,0
pay_7dce00954ea34c,fraud,apparel,1261,0,3040.93,True,False,0
pay_65fe7224a11346,fraud,apparel,586,0,3268.29,True,False,0
pay_36028ddcc86c4a,fraud,apparel,1072,0,3806.15,True,False,0
pay_8f88eb22743943,fraud,electronics,10,2,20253.49,False,True,0
pay_483aac50ca2546,not_received,electronics,969,1,24947.15,True,False,0
pay_c65d039c578249,fraud,digital_services,1194,0,2173.75,False,False,0
pay_2c5306d4ca4945,fraud,electronics,3,5,21217.18,False,True,0
pay_3c5f2b2f0abb42,not_received,electronics,1204,0,25963.74,True,False,0
pay_923ab24a5b8d43,not_received,apparel,410,0,4080.59,True,False,0
pay_65bf5a29b8654d,damaged,digital_services,134,0,3502.71,True,False,0
pay_e0ac853ad9c94e,not_received,electronics,797,0,25196.61,True,False,0
pay_f90f1165dd7348,fraud,apparel,752,0,3386.6,False,False,0
pay_4914442f40ce4d,damaged,apparel,1251,0,3141.23,True,False,0
pay_07504bf040f643,not_received,electronics,1280,0,13114.72,True,False,0
pay_f48cc62eab944b,fraud,apparel,547,0,3201.24,True,False,0
pay_e8ccec8fba7e41,not_received,digital_services,1070,0,4411.24,True,False,0
pay_ffa33725f1ae47,damaged,digital_services,1017,0,4876.33,True,False,0
pay_add650bc05cc48,fraud,electronics,201,1,25678.02,True,False,1
pay_6156c4e6a36a4d,fraud,apparel,346,2,1463.51,False,False,0
pay_6ceae1f5508243,fraud,apparel,1148,0,2541.24,True,False,0
pay_da7dcb5384f945,fraud,electronics,265,0,28016.96,True,False,0
pay_17db1efb0b8c48,not_received,apparel,13,5,3432.33,False,True,0
pay_fcc673cc61cc4a,not_received,electronics,3,5,18034.47,False,True,1
pay_2d13e0c1d5ff49,fraud,electronics,992,2,28321.12,True,False,0
pay_d2387211608e47,damaged,electronics,473,0,27152.21,True,False,0
pay_b6a8c7107c1c4d,not_received,electronics,9,2,21568.74,False,False,0
pay_079763d9e57445,not_received,apparel,97,2,1210.68,True,False,0
pay_8ea7df86042d4b,damaged,electronics,1201,1,29043.64,True,False,0
pay_eaf8c7a9d3ee4b,fraud,apparel,490,0,3352.92,True,False,0
pay_f612a773c22240,not_received,electronics,1217,0,19916.99,True,False,0
pay_b7629014e7e740,not_received,apparel,1,6,1425.78,False,True,0
pay_e607506b51e14b,damaged,digital_services,663,0,2097.01,True,False,0
pay_18614686295245,not_received,electronics,1121,0,26808.95,False,False,0
pay_de33d0ab099d41,fraud,apparel,8,5,100.0,False,True,1
pay_d83e64a38ae642,damaged,apparel,2,3,3648.04,False,True,1
pay_4398f48f1f0d4c,fraud,apparel,8,3,1809.95,False,True,0
pay_4080d1aea4bf45,damaged,electronics,295,0,22525.15,True,False,0
pay_3f2f436ec8c04f,damaged,apparel,99,0,3688.25,True,False,0
pay_47b00423042447,fraud,electronics,6,6,24519.11,False,False,0
pay_0dfe8f5e719e49,not_received,electronics,800,0,32733.3,True,False,0
pay_dd1cf7d723ad42,fraud,apparel,369,0,4445.01,True,False,0
pay_3c04ed502c7342,not_received,electronics,1355,0,25648.65,True,False,0
pay_90f4f8ce16ad4f,not_received,apparel,992,0,2822.22,False,False,0
pay_88dc77570f3042,not_received,apparel,528,0,2847.29,True,False,0
pay_785e7a1b177548,damaged,apparel,837,0,2556.08,False,False,0
pay_567050efe78a49,not_received,electronics,141,0,20819.9,True,False,0
pay_cf1db5096d5b41,not_received,digital_services,570,0,2846.66,False,False,0
pay_dcce73443e4e4b,damaged,apparel,289,0,1844.59,True,False,0
pay_b8db9ed7517c48,damaged,electronics,11,2,17042.1,False,True,1
pay_9a1446dc988a4a,fraud,electronics,13,6,13939.87,False,True,1
pay_77aaa763498545,damaged,apparel,999,1,3665.78,True,False,0
pay_14b24c91753b4f,fraud,digital_services,4,4,3810.3,False,False,0
pay_a32241a4550c4f,damaged,apparel,1256,0,4765.76,True,False,0
pay_337e44ab8b7343,fraud,apparel,7,2,2016.89,False,True,0
pay_74671b0664d145,fraud,electronics,686,0,22885.28,True,False,0
pay_7a4dcd030d2b4c,not_received,electronics,527,1,26636.19,False,False,0
pay_48ff17243b684f,not_received,electronics,733,2,26260.18,True,False,0
pay_72237c5e10a34b,fraud,apparel,129,0,3266.72,True,False,0
pay_d43aef298e3942,fraud,electronics,1356,1,18982.44,True,False,0
pay_a8050fda556a49,not_received,electronics,47,0,26520.3,True,False,0
pay_bf06044719bf48,damaged,electronics,1049,1,30340.46,True,False,0
pay_c5cd1071d75449,fraud,digital_services,1207,0,2450.37,True,False,0
pay_8d27294a923d4b,fraud,apparel,821,2,3645.31,True,False,0
pay_7bce490f6b4d40,not_received,electronics,318,0,25154.75,True,False,0
pay_3a2f127ed0af4f,fraud,digital_services,631,0,1967.56,True,False,0
pay_5a4e9ff1b08b48,damaged,electronics,1397,0,26112.35,True,False,0
pay_a5977271863949,damaged,electronics,5,5,28228.41,False,True,1
pay_914992276ea246,not_received,electronics,4,6,31965.29,False,True,0
pay_ecda6a1b77f845,fraud,electronics,889,0,20671.17,True,False,0
pay_b87b70590be846,not_received,electronics,566,1,16873.7,True,False,0
pay_bc9801cfca9543,not_received,apparel,428,0,2676.55,True,False,0
pay_6856cd35445847,damaged,apparel,1032,0,2811.71,False,False,0
pay_ec5f7a64f78349,not_received,apparel,764,0,5253.93,True,False,0
pay_61df5251e4cf46,not_received,apparel,1215,0,2546.67,True,False,0
pay_fe3172f41af640,not_received,apparel,1488,0,2566.04,True,False,0
pay_04332a902cc74d,not_received,electronics,1158,0,22121.68,True,False,0
pay_ae199ee09a3b4e,damaged,apparel,1381,0,3668.21,True,False,0
pay_24e42a465a994f,not_received,apparel,824,1,3051.28,True,False,0
pay_1ec7cde316b84b,not_received,digital_services,105,2,2516.94,False,False,0
pay_5c978c494fef43,fraud,electronics,6,2,23990.9,False,True,1
pay_59d5f15832ae47,not_received,electronics,1357,0,28857.73,True,False,0
pay_de9bc159b6cf41,not_received,apparel,1234,0,1450.62,True,False,0
pay_04db3ee7af2545,fraud,apparel,348,0,3087.33,True,False,0
pay_abc5409f085942,fraud,electronics,430,0,25599.89,False,False,0
pay_dc6bd5dd114642,not_received,apparel,252,0,1496.69,True,False,0
pay_bb47e5e62fdb40,not_received,electronics,1260,0,22402.03,True,False,0
pay_f29423a73ccb4e,not_received,digital_services,445,0,4593.74,True,False,0
pay_2c0b2766df7146,fraud,electronics,1165,0,24449.77,True,False,0
pay_b26e9247b33246,not_received,electronics,2,6,20470.55,False,True,0
pay_272633f21d8c44,fraud,electronics,370,0,28632.62,True,False,0
pay_de2e74a7c5d048,not_received,apparel,975,0,2561.05,True,False,0
pay_8a0a1cb603bf48,fraud,electronics,1450,0,22189.62,False,False,0
pay_4c7c7297a1a841,fraud,apparel,638,0,5313.7,True,False,0
pay_a9ff8d7d336e45,fraud,digital_services,9,2,3624.29,False,False,0
pay_780a85bd514845,fraud,electronics,1463,0,26207.82,False,False,0
pay_d6fe82e38be24c,fraud,apparel,338,0,3319.33,True,False,0
pay_912e194fb2f748,fraud,electronics,103,1,23815.52,True,False,0
pay_cc3599e728ae4b,not_received,electronics,880,0,28020.9,True,False,0
pay_d2f6f39b0e6348,not_received,electronics,1295,0,25854.03,True,False,0
pay_51caea32d75f4e,fraud,electronics,149,0,18019.4,True,True,1
pay_fa0389a4ac0a44,damaged,apparel,1110,0,3358.15,True,False,0
pay_ab5df93f9fb643,fraud,electronics,1065,0,20761.01,True,False,0
pay_3d0ca1c8fbf146,not_received,digital_services,5,3,3255.6,False,True,0
pay_a84cfcf63b314e,fraud,apparel,403,0,2411.84,False,False,0
pay_b662e61d813143,fraud,apparel,478,0,2826.84,True,True,1
pay_7a27976d65c04f,not_received,digital_services,550,0,4119.66,True,False,0
pay_61e686b245cc48,not_received,digital_services,506,0,3535.65,True,False,0
pay_2bbcd0a9e4da42,damaged,apparel,249,0,2777.19,True,False,0
pay_dc6be7cb18a444,not_received,apparel,768,0,4037.98,True,False,0
pay_04e4b840efcb43,damaged,electronics,841,0,25811.03,True,False,0
pay_19c306fcf03948,fraud,apparel,1101,0,3883.73,True,False,0
pay_ac5f1e294c484d,fraud,apparel,560,0,3470.42,True,False,0
pay_4fefe0582dee40,fraud,digital_services,1395,0,2797.83,False,False,0
pay_44b4a325290a46,fraud,electronics,1263,0,20556.64,True,False,0
pay_94dc973d7d254f,not_received,electronics,898,0,20177.08,True,False,0
pay_d2914358fec343,not_received,electronics,211,1,30671.52,True,False,0
pay_34aef1f388a941,fraud,digital_services,617,0,5004.95,True,False,0
pay_4bf348f652c54c,damaged,electronics,870,0,27899.01,True,False,0
pay_ca903899c4b442,damaged,apparel,1,5,3538.71,False,True,1
pay_7327e0cada684e,fraud,apparel,940,0,3079.31,True,False,0
pay_e3ad6663b22040,fraud,electronics,1431,0,19744.41,True,False,0
pay_5966b1d9126448,fraud,apparel,550,0,4312.17,True,False,0
pay_d8c40e7f952f4a,fraud,apparel,422,0,2665.41,True,False,0
pay_4ea92660f8934a,fraud,electronics,75,0,30056.88,True,False,0
pay_4756471404fe44,not_received,apparel,272,1,5251.91,True,False,0
pay_07f53f57185a4a,fraud,digital_services,781,0,4547.91,True,False,0
pay_5e2a5add40a346,fraud,digital_services,1286,0,1812.99,True,False,0
pay_0a229ceacbc84d,damaged,apparel,404,0,2398.68,True,False,0
pay_d2e313a725b540,not_received,apparel,1236,2,2724.53,True,False,0
pay_beb17125cebb42,damaged,electronics,923,0,23784.59,True,False,0
pay_bf0f0bf6a88941,fraud,digital_services,1239,0,3708.41,True,False,0
pay_c8e0bd8b27554c,fraud,electronics,11,4,22843.72,False,True,0
pay_8cfbbcd8dd8940,not_received,apparel,900,0,2054.4,True,False,0
pay_acffc206ad954e,fraud,electronics,679,0,31662.35,True,False,0
pay_dfc8589e4be947,fraud,electronics,286,0,25934.86,True,False,0
pay_bb62d8d6d7404a,not_received,electronics,485,0,20529.38,True,False,0
pay_1679868d0e8c44,not_received,apparel,1,5,1725.23,False,True,1
pay_eb68564c799742,not_received,apparel,1117,0,3054.31,True,False,0
pay_b99d3a3b561648,not_received,apparel,845,0,1517.85,True,False,0
pay_4b0bf3770e0544,not_received,electronics,123,0,27456.81,True,False,0
pay_bab30b2fec2340,fraud,digital_services,335,2,3154.1,True,False,0
pay_06d68616de9f47,fraud,electronics,10,3,20435.34,False,True,0
pay_a4cdeb139c8d4c,fraud,electronics,483,0,22838.74,True,False,0
pay_8085b01c7eb245,fraud,apparel,387,0,3514.19,True,False,0
pay_195fceb9d30c46,damaged,digital_services,477,0,2803.97,True,False,0
pay_3d0107a71ea24b,not_received,electronics,54,0,26881.38,True,False,0
pay_147f1890a84c49,not_received,apparel,85,0,4265.18,True,False,0
pay_9870993feb8640,fraud,apparel,1094,1,3090.25,True,False,0
pay_eb6410c622704b,fraud,digital_services,1470,1,3884.21,True,False,0
pay_2b2b034c528447,fraud,electronics,1306,0,19325.05,True,False,0
pay_8d591d25f1024d,fraud,apparel,1159,0,2081.29,True,False,0
pay_ecb02a86e70a4c,fraud,electronics,926,0,22711.8,False,False,0
pay_d4aa4a79009d4a,not_received,electronics,1180,0,27777.52,False,False,0
pay_15b3a01b036346,not_received,electronics,481,0,18502.4,True,False,0
pay_8704ff96b75e40,not_received,digital_services,354,0,3215.03,True,True,1
pay_5c2e6021871241,not_received,electronics,856,0,18076.81,True,False,0
pay_41a3673d626549,damaged,digital_services,699,0,972.13,True,False,0
pay_d7df05a394214d,fraud,electronics,318,2,26476.57,True,True,1
pay_2fe27dec8ec04c,fraud,digital_services,837,0,3336.43,True,False,0
pay_b7e078c9440643,fraud,apparel,1298,0,3915.11,True,False,0
pay_56e099dd28b240,not_received,electronics,563,0,20756.88,True,True,1
pay_575a4d9181e14a,damaged,apparel,10,6,3373.09,False,False,0
pay_8968f11d1ff746,fraud,electronics,639,0,29983.1,True,False,0
pay_1e64c3cdfd834b,damaged,electronics,9,3,17980.74,False,True,1
pay_1ad7b6b398764c,damaged,apparel,809,0,100.0,True,False,0
pay_1a4f735d294d4b,fraud,apparel,692,0,2629.42,True,False,0
pay_74983334f74f4e,fraud,apparel,12,5,3181.1,False,False,0
pay_d248c20b13af40,not_received,apparel,1035,0,3211.56,True,False,0
pay_01272c4724df43,damaged,electronics,1022,2,27997.25,True,False,0
pay_97b682d6b27344,fraud,digital_services,390,1,4059.37,True,False,0
pay_25e06450d07f44,not_received,digital_services,1088,0,4333.39,True,False,0
pay_ce8b0b80768f4d,fraud,electronics,271,2,22788.57,True,False,0
pay_4b85ba3cd04e46,not_received,electronics,420,0,24810.94,True,False,0
pay_6599d4892a2b45,not_received,apparel,3,2,2805.6,False,False,0
pay_9418ed7753a449,not_received,apparel,428,0,1463.72,True,False,0
pay_fb7ceae53dbc4d,damaged,electronics,479,0,32509.85,True,False,0
pay_077420ada8cc41,damaged,electronics,116,0,18628.01,True,False,0
pay_56cadf10c1a14d,damaged,apparel,1300,0,1930.64,False,False,0
pay_d9e11343f72742,fraud,apparel,1449,0,2812.11,True,False,0
pay_201ba94159a945,not_received,electronics,78,0,12324.89,True,False,0
pay_0081ba82ad3a43,fraud,digital_services,748,1,3690.04,True,False,0
pay_c57bcd96ac7945,not_received,apparel,1499,0,4261.37,True,False,0
pay_651407ac497548,not_received,electronics,1342,0,26731.1,True,False,0
pay_216d77e189ae40,not_received,apparel,8,4,134.95,False,True,0
pay_88bcf705784d49,not_received,electronics,810,0,30717.66,True,False,0
pay_27babf3a084748,damaged,apparel,682,0,1899.66,False,False,0
pay_b7bb4ccef79f4c,fraud,electronics,3,4,28129.64,False,True,1
pay_cada883b12d64d,not_received,electronics,569,0,31577.1,True,False,0
pay_eb8fa40540b744,fraud,electronics,1130,1,20479.31,True,False,0
pay_1f3314aed41645,fraud,electronics,1412,0,20319.7,True,False,0
pay_e3349089496e42,fraud,apparel,187,2,3131.09,True,False,0
pay_ee591dd1290144,damaged,apparel,257,0,4211.25,True,False,0
pay_8ca1b17a31bf46,damaged,electronics,289,0,24737.43,True,False,0
pay_67ea3df3f2ba42,damaged,electronics,9,3,33597.27,False,True,1
pay_997c0426f0d14e,damaged,apparel,414,0,2861.41,True,False,0
pay_f9157ebb148f49,fraud,electronics,1433,0,29516.59,True,False,0
pay_45513dabaffe46,fraud,electronics,1006,0,31922.08,True,False,0
pay_0e906b5082c54e,not_received,apparel,565,0,3178.24,True,False,0
pay_d263ecbabcc54b,not_received,digital_services,1220,0,2971.67,True,False,0
pay_014a7f0dd98f49,not_received,digital_services,676,0,2208.6,False,False,0
pay_daa77479b99e42,fraud,apparel,818,2,1500.03,True,False,0
pay_c68aaf355a1447,not_received,electronics,531,0,31689.64,False,True,1
pay_e76ac7658e0e49,not_received,apparel,1096,0,2913.48,False,False,0
pay_9e354e186b9244,fraud,electronics,1241,0,37521.53,True,False,0
pay_4e558f162cef44,not_received,electronics,693,0,20888.65,True,False,0
pay_518d3a512b8b49,not_received,apparel,12,3,3067.37,False,True,0
pay_7066180598524b,not_received,apparel,1146,0,986.23,True,False,0
pay_f92ef5baf75c4d,fraud,electronics,185,0,22566.95,True,False,0
pay_3040c2af08bb43,not_received,electronics,668,0,19443.25,True,False,0
pay_dc5ee9ff17a744,fraud,apparel,342,0,4986.66,False,True,0
pay_cfcfdf6ba74548,fraud,digital_services,1366,0,3260.89,True,False,0
pay_c2129281016245,not_received,apparel,11,6,1931.62,False,True,1
pay_b6c0888ed07f44,not_received,apparel,1270,0,2394.86,True,False,0
pay_1ed61f4f37c642,fraud,digital_services,1211,2,2579.89,True,False,0
pay_af7d9a5bc4f34c,not_received,apparel,717,0,4466.83,True,False,0
pay_9fd2187958564a,not_received,apparel,924,0,3204.81,True,False,0
pay_ea3343bf2e7547,not_received,electronics,1031,0,17546.16,True,False,0
pay_dd7c1f574e3a47,not_received,electronics,443,0,21835.85,False,False,0
pay_4c381e116ba344,not_received,apparel,582,0,3709.28,True,False,0
pay_c2d7f4bb63d34c,not_received,electronics,189,0,28674.59,True,False,0
pay_1f6050fe481540,fraud,electronics,780,0,35420.24,True,False,0
pay_bd80de471b2642,fraud,apparel,77,0,1835.58,True,False,0
pay_8f3a978bca6741,not_received,electronics,1458,0,28084.42,True,False,0
pay_3d08b836447742,not_received,digital_services,449,0,2093.15,True,False,0
pay_0ac732ef53394a,not_received,electronics,727,0,24920.81,True,False,0
pay_59f9d3e9ab8541,fraud,apparel,5,2,2250.04,False,True,0
pay_adb50137d37e40,fraud,apparel,749,0,3474.26,True,True,1
pay_a43a9e2459e04f,not_received,apparel,185,0,5110.16,True,False,0
pay_120aa0c56ac24a,fraud,electronics,297,0,27783.01,True,False,0
pay_652d8b8ffa5444,not_received,apparel,10,6,5905.18,False,True,1
pay_2b09a183161842,fraud,digital_services,827,0,4057.37,True,False,0
pay_cdc1c2e8395745,not_received,digital_services,9,4,1560.15,False,False,0
pay_3f8757b54a1d4f,damaged,apparel,217,0,1012.15,True,False,0
pay_7c2c40102e094c,fraud,apparel,769,0,329.82,True,False,0
pay_c6838adc736340,not_received,electronics,396,1,36118.84,True,False,0
pay_88e46978a8354c,fraud,digital_services,468,0,2407.91,True,False,0
pay_510a0d9deba849,not_received,digital_services,3,5,2797.29,False,True,1
pay_8554026e548e43,not_received,apparel,459,0,2721.85,True,False,0
pay_2d5b39b48b1f4f,not_received,apparel,123,0,4410.13,True,False,0
pay_48135fe78ff947,not_received,apparel,739,0,1319.34,True,True,1
pay_a160c1b188b346,damaged,electronics,531,0,31162.71,True,False,0
pay_9cb93defcbfa43,fraud,digital_services,320,2,3379.02,True,False,0
pay_296518b664f84a,fraud,apparel,11,5,4188.0,False,True,0
pay_682c64ee476144,damaged,apparel,9,3,3575.52,True,True,1
pay_d93c7002253649,not_received,apparel,249,0,4715.81,True,False,0
pay_3b8f73379f154b,damaged,digital_services,1489,0,2001.28,True,False,0
pay_4b5038b787e245,not_received,apparel,1094,1,3684.56,True,False,0
pay_c6a5d59f697140,damaged,electronics,919,0,24410.11,True,False,0
pay_968a7148857d41,not_received,apparel,1186,1,2422.84,True,False,1
pay_e85c04fda08e47,not_received,digital_services,10,3,2844.93,False,True,1
pay_bc8171acfbf54b,damaged,apparel,9,2,2920.19,False,True,1
pay_259f1e64e82649,not_received,digital_services,468,1,3949.43,True,False,0
pay_d63ac20a2b5346,fraud,digital_services,1486,0,2930.21,True,False,0
pay_7d9fde7b6afd42,fraud,apparel,1370,0,3292.24,True,True,1
pay_7c912fa96c4745,fraud,electronics,163,0,24105.65,True,False,0
pay_e76c65fe28894b,fraud,electronics,911,0,24035.17,True,False,0
pay_e9dd22a8645f4c,fraud,apparel,1232,0,2908.15,True,False,0
pay_4c9b3b640d7445,not_received,apparel,9,3,1904.74,False,True,1
pay_c59b143aa41b48,not_received,apparel,1115,0,2954.81,False,True,1
pay_7b94277913cb4e,not_received,apparel,8,6,2622.11,False,True,0
pay_6da5b25183924a,not_received,electronics,1444,1,31037.76,True,False,0
pay_18080dc1fc0a4a,fraud,apparel,247,0,3404.09,False,False,0
pay_33054b65dba44a,fraud,apparel,10,2,1513.74,False,False,0
pay_245c078b3fab4e,fraud,electronics,1113,0,26555.6,True,False,0
pay_b997eb6def0445,not_received,apparel,239,2,3258.72,False,True,0
pay_65b18a0bb5ca4b,fraud,digital_services,942,0,4736.66,True,False,0
pay_d53b1616ee4448,fraud,electronics,178,2,26702.27,True,False,0
pay_d41d0f2d82fd44,not_received,electronics,209,0,22019.04,True,False,0
pay_7cd87ae2791948,damaged,electronics,1187,0,24808.66,False,False,0
pay_43741b37949d4c,fraud,electronics,432,0,30929.6,True,True,1
pay_d7df963263ce45,not_received,apparel,176,0,3698.98,True,False,0
pay_410d134da7ec48,not_received,electronics,1041,0,28163.55,True,False,0
pay_aa2fc30d89b440,not_received,digital_services,7,2,2701.91,False,True,0
pay_fd94a995d9b747,damaged,electronics,969,1,24831.42,True,False,0
pay_9d8b621924c341,fraud,apparel,936,0,2530.43,True,False,0
pay_97cfae89857245,fraud,electronics,617,0,24991.77,True,False,0
pay_3451e3d9bf0740,damaged,digital_services,185,0,4317.93,True,False,0
pay_aec56b33318f44,not_received,apparel,8,2,2428.8,False,True,0
pay_1a1825156a8044,not_received,digital_services,1475,0,869.74,True,False,0
pay_c4700b3bff1146,not_received,apparel,873,1,4329.44,True,False,0
pay_ce4ee329b1284f,not_received,apparel,799,0,2155.32,True,False,0
pay_e7502deb411f4b,damaged,digital_services,1086,0,2316.12,True,False,0
pay_dc711e0184f84a,damaged,electronics,280,0,25452.37,True,False,0
pay_9e9a72358e3845,not_received,apparel,1051,0,1225.49,True,False,0
pay_c9bca90f32884b,fraud,electronics,2,3,31503.79,False,True,1
pay_0933aa33ed4745,damaged,apparel,411,0,3994.27,True,False,0
pay_428792751d4e46,fraud,digital_services,682,0,2324.51,True,False,0
pay_22e279b0ef3448,fraud,digital_services,849,0,3111.99,True,False,0
pay_e9a21ad7190749,damaged,electronics,1354,0,28377.19,True,False,0
pay_985ccf74addd48,fraud,electronics,9,4,23673.88,False,True,1
pay_36bed3b561134e,fraud,electronics,221,0,17112.44,True,False,0
pay_bcb17666f12145,fraud,electronics,1301,0,25761.21,True,False,0
pay_5accf8d0674041,damaged,electronics,13,6,28040.27,False,True,1
pay_f59065d63d0042,not_received,electronics,796,0,29329.13,True,False,0
pay_95ac8bdcaa0d47,not_received,digital_services,1137,0,2696.14,True,False,0
pay_e3181d6e8ed540,fraud,apparel,716,1,4722.75,True,False,0
pay_f8a10aacab954d,not_received,apparel,392,0,3147.64,True,False,0
pay_79b9ec493e1647,not_received,apparel,1474,0,1932.92,True,False,0
pay_5ed219f3a92c45,fraud,apparel,648,0,2712.23,True,False,0
pay_ca093a3cb52840,not_received,digital_services,3,4,2828.14,False,True,1
pay_1d91fbb726c544,fraud,apparel,165,0,4059.84,True,False,0
pay_15fadd16297246,damaged,electronics,641,0,22927.54,True,False,0
pay_944f54a60a4b44,not_received,apparel,1291,0,2129.64,True,False,0
pay_f0c069c16da142,damaged,digital_services,894,0,1963.16,True,False,0
pay_3c4a3e36666246,fraud,electronics,643,0,24582.72,True,False,0
pay_d5976a8186d84f,not_received,apparel,8,5,3578.33,False,True,1
pay_36af386068e94e,not_received,electronics,1071,0,33788.38,True,False,0
pay_eee8e7f8955947,not_received,electronics,1073,0,24004.24,True,False,0
pay_e8bf2c7fd1d245,damaged,digital_services,613,1,1415.27,True,False,0
pay_d2fb864add6f4b,fraud,electronics,645,0,26253.27,True,False,0
pay_7c9d4f5b070d46,fraud,electronics,7,4,25619.7,False,True,0
pay_9ef62020a8274c,not_received,electronics,13,4,25458.63,False,True,1
pay_f6bdf0ffbf804a,not_received,digital_services,629,0,1236.91,True,False,0
pay_cf89d9c79dbf4d,not_received,electronics,926,0,17793.18,True,False,0
pay_0c2953d95be74f,fraud,digital_services,401,0,3481.67,True,False,0
pay_de7de1d4f3b34e,not_received,electronics,1,6,16172.43,False,True,0
pay_b244ec8a82b349,fraud,digital_services,899,0,4871.96,True,False,0
pay_fbdf5d6194cc45,not_received,digital_services,872,2,3426.67,True,False,0
pay_02a0e2a59af74c,not_received,electronics,1095,0,28002.12,True,False,0
pay_9e635d2deece42,not_received,electronics,773,0,14981.64,True,True,1
pay_23cc08035ce148,fraud,electronics,902,0,33496.08,True,False,0
pay_2593f6a1380a49,not_received,apparel,516,0,4850.73,True,True,1
pay_8a5e9939149a48,fraud,electronics,1480,0,36041.78,True,False,0
pay_2fa73f7e3fbd48,fraud,electronics,1,5,30819.27,False,False,0
pay_dc3bfb983c3444,not_received,electronics,1458,0,15962.53,True,False,0
pay_d7273a03b80641,damaged,electronics,6,6,19424.69,True,False,0
pay_5d99c4378fba41,fraud,electronics,491,0,18581.44,True,False,0
pay_afff564041ba49,not_received,digital_services,527,0,2495.09,True,False,0
pay_c10af6d47b6641,damaged,digital_services,916,2,2175.92,True,False,0
pay_6a0b9915410b4b,damaged,apparel,1377,0,3392.3,True,False,0
pay_b5468168cbeb4d,fraud,apparel,560,0,3739.13,True,False,0
pay_019712c639f84f,damaged,apparel,1201,0,3790.56,False,False,0
pay_e85b9aedc7e148,fraud,apparel,141,0,2835.62,True,False,0
pay_8d2130cf51924e,fraud,apparel,601,0,1877.72,True,False,0
pay_2b9f5557af0a46,fraud,apparel,785,0,2888.26,True,False,0
pay_a7ed8b3bc8344a,not_received,apparel,1446,2,3488.86,True,False,0
pay_b13657df1bf045,fraud,apparel,516,0,3236.46,True,False,0
pay_ed31b26c5fd04d,fraud,electronics,447,0,22186.97,True,False,0
pay_7b4b3731140842,fraud,electronics,199,0,21828.94,True,False,0
pay_8532599fb4054f,damaged,electronics,1322,0,20887.81,True,False,0
pay_98c5baa3848b44,damaged,apparel,750,0,3631.56,True,False,0
pay_8b07c7b70bd04f,fraud,electronics,1398,0,20867.39,True,False,0
pay_d171c67eec214a,damaged,apparel,299,0,1754.44,True,False,0
pay_4f6a23cbda9844,damaged,apparel,34,0,3795.48,True,False,0
pay_c5ff9a7308cf48,not_received,digital_services,9,4,2296.3,False,True,0
pay_9816e2b9b82945,fraud,electronics,917,0,26546.87,True,False,0
pay_3b61a72a1c524f,not_received,apparel,1303,0,2576.37,True,False,0
pay_f9e10daff1d746,damaged,apparel,747,2,3796.43,True,False,0
pay_49b8664908c142,not_received,electronics,8,5,32937.35,False,False,0
pay_dc70159bc4bf4a,fraud,apparel,1129,0,3449.38,True,False,0
pay_bf4485fd401a43,not_received,digital_services,721,0,2089.6,True,False,0
pay_18d0548befe743,not_received,electronics,213,0,19790.09,True,True,1
pay_94230abb376d42,not_received,digital_services,35,0,3107.44,True,False,0
pay_72ff109527e64f,fraud,digital_services,13,6,3807.59,False,True,1
pay_09e884773c994c,fraud,apparel,887,0,3488.44,True,False,0
pay_36ae25d3e16944,damaged,apparel,11,6,3151.61,False,True,1
pay_5616d5e7c89647,damaged,apparel,342,1,2330.19,False,False,0
pay_cdca2c85550848,fraud,apparel,879,0,1611.75,True,False,0
pay_6c6992def7ae4e,damaged,digital_services,892,0,2058.5,True,False,0
pay_d61424bc106b48,fraud,electronics,3,2,24179.01,False,True,1
pay_f1f97069cb6d47,not_received,electronics,143,0,30811.18,True,True,1
pay_8cd6e6b2240645,not_received,electronics,1362,0,26999.05,True,False,0
pay_7930b0fa2c2f4d,damaged,apparel,953,0,3644.32,False,False,0
pay_864a2578b3c24c,damaged,electronics,196,0,22072.45,True,False,0
pay_819b28ea810140,fraud,digital_services,10,5,3296.72,False,True,1
pay_8c5255aae85f4f,damaged,apparel,433,0,3289.88,False,False,0
pay_f27def3c367c4b,fraud,digital_services,127,0,4224.89,False,False,0
pay_43fcf62675d841,not_received,electronics,719,0,26912.93,True,False,0
pay_c064eb0d163a4c,not_received,electronics,171,0,27378.74,True,False,0
pay_070d8a7f466d42,not_received,electronics,300,0,26421.52,True,False,0
pay_a8bdb759a7814e,fraud,electronics,1455,0,27128.1,True,False,0
pay_4b1e46d6697441,damaged,apparel,1335,2,3188.4,True,False,0
pay_c0a55a0245e642,fraud,digital_services,649,0,2524.01,True,False,0
pay_38fc8faf6f794f,fraud,electronics,1392,0,29845.61,True,False,0
pay_18656279510945,not_received,apparel,1309,0,4771.36,True,False,0
pay_cf6fee10d06e48,not_received,apparel,10,2,2042.21,False,True,1
pay_997212675ce845,damaged,electronics,1249,1,21372.94,False,False,0
pay_a1d50555796c4d,fraud,apparel,12,5,3151.98,False,True,1
pay_84da5fe543444f,fraud,electronics,864,0,29597.52,True,False,0
pay_3d80c40b68a048,damaged,digital_services,1422,0,3014.35,False,False,0
pay_66c7954c566448,not_received,apparel,329,2,5559.13,True,False,0
pay_8c8f82121c4c4b,fraud,electronics,728,0,18723.63,True,False,0
pay_bad7639e900548,not_received,apparel,1436,0,3609.64,True,False,0
pay_d202d174f2cf42,not_received,electronics,1193,2,21011.07,True,False,0
pay_2784a78e25d64c,not_received,apparel,1,6,3588.24,False,True,1
pay_5c98a70d1f4a49,not_received,digital_services,644,0,2730.72,True,False,0
pay_577480704c6d4b,damaged,digital_services,415,0,1240.43,True,False,0
pay_40bf927bdc2341,damaged,electronics,284,0,22390.71,True,False,0
pay_06e6bfdf32dd4c,not_received,electronics,153,1,26939.27,True,False,0
pay_8976818a20134a,fraud,apparel,71,0,3216.48,False,False,0
pay_b77e437e182941,damaged,digital_services,191,0,5367.89,False,False,0
pay_1a06c7c1ea814e,not_received,digital_services,1378,0,3527.29,True,False,0
pay_61d4cb976c5545,not_received,electronics,433,0,23614.86,True,False,0
pay_4d2cdc7a172a42,fraud,apparel,1347,0,3297.98,True,False,0
pay_0b50675139784e,damaged,digital_services,616,0,2267.37,True,False,0
pay_9cdd2e7ea47d4b,not_received,electronics,636,0,26066.99,True,False,0
pay_3cb795032fbb42,fraud,digital_services,921,0,4383.63,True,False,0
pay_f4bc5a89a7da44,not_received,electronics,4,3,16867.5,False,True,1
pay_58dbee78235843,damaged,electronics,417,0,26221.74,True,False,0
pay_c78e901002124e,fraud,electronics,626,2,17059.42,True,False,0
pay_4842d51dfd3d4f,damaged,apparel,1371,0,2242.72,False,False,0
pay_767ba11e623945,not_received,digital_services,1414,0,2841.25,False,False,0
pay_ec4853a7c0d341,not_received,apparel,967,2,2761.16,True,False,0
pay_4a02810588f542,fraud,electronics,720,0,18359.13,False,False,0
pay_a053ff585c3b45,fraud,electronics,1,6,24019.56,False,True,0
pay_058643d2671840,damaged,apparel,1346,0,3924.09,True,False,0
pay_6c259ae830634a,fraud,apparel,456,0,3966.96,False,False,0
pay_f6eb125c1d7040,not_received,apparel,786,0,1847.55,True,False,0
pay_fcf865ec95c840,fraud,electronics,1499,0,14873.06,True,False,0
pay_a1fd799978bc4a,fraud,apparel,336,0,4799.56,True,False,0
pay_b4ba93623c634b,fraud,digital_services,542,0,2717.7,True,False,0
pay_0783455f4ffb4f,not_received,apparel,477,2,2637.9,False,False,0
pay_a3077f6be93e4a,damaged,apparel,1311,0,4649.68,True,False,0
pay_2e93ef09861d49,fraud,digital_services,159,0,1860.67,True,False,0
pay_46aff38750b747,fraud,apparel,9,6,3227.46,False,True,0
pay_7ad1030bf48c46,fraud,apparel,46,0,2707.12,True,False,0
pay_e29125f89a7944,not_received,apparel,243,2,3808.75,True,False,0
pay_c3ac6a96b3ec43,not_received,electronics,237,2,20224.42,False,False,0
pay_c3b921069a9f4a,damaged,apparel,3,5,1388.13,False,True,1
pay_69d0147c572440,not_received,digital_services,1423,0,2391.86,True,False,0
pay_87bb8280dc3443,not_received,electronics,7,6,26104.47,False,True,0
pay_67f6811b078646,fraud,digital_services,1,4,2082.68,False,False,0
pay_ca6d52bc340646,damaged,apparel,1004,0,3144.69,False,False,0
pay_e41a2f7ffe454f,fraud,apparel,605,0,3340.2,True,False,0
pay_6f1db93e001f4d,fraud,apparel,9,3,4846.32,False,True,0
pay_00cc6011954148,not_received,apparel,884,0,3033.53,True,False,0
pay_bb074c18b9f245,not_received,digital_services,1222,0,2946.8,False,False,0
pay_3c716aa526284e,not_received,apparel,523,0,4404.9,True,False,0
pay_d9a00ec877b649,not_received,digital_services,763,0,3333.23,True,False,0
pay_31fb7218dcc243,not_received,apparel,1000,0,5046.59,True,True,1
pay_e3728d729e2543,fraud,apparel,12,5,4268.85,False,True,0
pay_9852cdb380ea4a,damaged,digital_services,311,0,2473.56,True,False,0
pay_5e2defa8cdf943,not_received,electronics,7,2,20300.32,False,True,0
pay_049622faa8cf49,not_received,apparel,608,0,3363.07,True,False,0
pay_cd673512d6904f,not_received,electronics,11,3,28089.85,False,True,1
pay_e8ab416fa37845,fraud,digital_services,246,0,3750.95,True,False,0
pay_163002d775ec43,not_received,apparel,236,1,1719.87,True,False,0
pay_fe76d2be0cf244,not_received,digital_services,792,0,4211.09,True,False,0
pay_57361dc628244a,fraud,digital_services,562,0,2732.04,True,False,0
pay_6bbf1f0f8cf640,not_received,electronics,71,0,14177.9,False,True,1
pay_58434ed1611f4b,damaged,electronics,3,5,26003.32,False,True,1
pay_cf603722a74c4e,not_received,apparel,1494,0,3476.54,True,False,0
pay_1049ec5a4ca54b,damaged,apparel,338,0,3045.55,True,False,0
pay_ff22ab3ff57946,fraud,electronics,795,0,28854.19,False,False,0
pay_9cfaa9d622ae44,fraud,electronics,489,0,18278.28,True,False,0
pay_8d92424cef7347,fraud,apparel,696,0,1925.67,True,False,0
pay_3d4237e3757543,not_received,electronics,987,0,26952.2,True,False,0
pay_ee47fe57896544,fraud,digital_services,236,0,1985.69,True,False,0
pay_4a34a4df289a4d,fraud,digital_services,229,2,2079.7,True,False,0
pay_0b0fa60860a84b,damaged,apparel,1456,0,3150.15,True,False,0
pay_5bb5737171574d,damaged,electronics,9,4,29341.85,True,True,1
pay_62f5d0d05e954d,not_received,electronics,1074,2,28028.64,True,False,0
pay_2b68c30940d54d,fraud,apparel,888,0,3044.02,True,False,0
pay_4b7fb143c0394c,fraud,digital_services,325,1,2177.84,False,False,0
pay_5dfcc8adf7b446,fraud,electronics,1127,0,22558.08,True,False,0
pay_952f763e5e424f,not_received,electronics,1234,1,21227.72,True,False,0
pay_b5d32d68567e49,damaged,electronics,12,2,13973.75,False,False,0
pay_d5ee3beeb56149,not_received,apparel,3,2,3283.97,False,True,0
pay_b6b14ec9b37644,fraud,apparel,149,0,1941.02,True,False,0
pay_ca50e0392bb444,not_received,electronics,6,4,27396.54,False,True,1
pay_640414b4f60a43,fraud,apparel,1,4,1286.73,False,False,0
pay_1ed2e6d4fe344f,fraud,apparel,1310,0,2556.81,True,False,0
pay_2c0f03d9115046,not_received,apparel,1464,0,3092.94,True,False,0
pay_c790f53558f041,not_received,apparel,1486,0,1956.09,True,False,0
pay_be39735718cc4e,fraud,digital_services,653,0,2299.57,True,False,0
pay_15a7c615647349,fraud,apparel,343,1,3918.1,True,False,0
pay_dccd51c6d00644,damaged,apparel,8,3,2033.69,False,True,1
pay_863005ce9c724f,fraud,digital_services,633,2,2968.22,True,False,0
pay_0df1be5863c94f,fraud,digital_services,311,0,3195.63,True,False,0
pay_0f61944f49354d,fraud,electronics,817,0,28690.32,True,False,0
pay_ee178c8adda241,fraud,electronics,368,0,23211.53,True,False,0
pay_cff2cc80025448,fraud,digital_services,1195,1,2946.9,True,False,0
pay_3a5fad2f83044e,damaged,electronics,783,0,23200.63,True,False,0
pay_045f227de0534a,fraud,digital_services,663,0,4202.16,True,False,0
pay_f1f558eedc8440,not_received,electronics,1217,0,25928.94,True,False,0
pay_511b7208696349,not_received,digital_services,185,0,1985.17,True,False,0
pay_aa2c409ca80842,not_received,apparel,549,0,4239.96,True,False,1
pay_bb1e7d2d10e94e,damaged,apparel,1358,0,3234.95,True,False,0
pay_3357aff2832644,damaged,electronics,12,2,26761.24,False,True,1
pay_6bbc40bb0c2f47,fraud,digital_services,286,0,2517.28,True,False,0
pay_85bf7502e29b40,not_received,electronics,155,0,32307.29,False,False,0
pay_10dfe3b4c5ea44,not_received,electronics,891,0,36508.22,True,False,0
pay_899ce7de8de948,damaged,electronics,1186,1,22121.36,True,False,0
pay_be7a17c4a61946,not_received,digital_services,614,0,4525.06,True,False,0
pay_a0a32c88e27240,damaged,apparel,421,0,3815.32,True,False,0
pay_f18b352706de4f,not_received,apparel,373,0,4518.77,True,False,0
pay_b50e5e4f510f48,fraud,apparel,1014,0,3579.56,True,False,0
pay_0e50bc730ec24d,not_received,digital_services,1428,0,3060.32,True,False,0
pay_57b4d2776f6943,damaged,apparel,1222,0,1069.42,True,False,0
pay_a1cb3309ba2041,damaged,apparel,11,3,3142.04,False,True,1
pay_5ee941e4a2ca4d,fraud,apparel,387,0,525.78,True,False,0
pay_b531723d6f324b,not_received,apparel,1056,0,2964.98,True,False,0
pay_101928217fee4d,fraud,electronics,324,2,21541.96,True,False,0
pay_511c2c407c594d,fraud,electronics,1118,0,28585.25,True,True,1
pay_1f4260b3d14449,not_received,electronics,227,0,27959.63,True,False,0
pay_c4d78e5fc7ba4a,fraud,electronics,1378,0,32650.73,True,False,0
pay_e4c5455e4f6847,damaged,apparel,4,2,4606.13,False,True,0
pay_d1fe5e3515204e,fraud,apparel,306,0,3194.97,True,False,0
pay_146c68bdc9044c,damaged,digital_services,1402,0,3495.2,False,False,0
pay_b0c1ab98c6144e,fraud,electronics,859,0,36591.28,True,False,0
pay_9e325b75b97f4a,fraud,apparel,956,1,3719.9,True,False,0
pay_5da2d48fdfcd41,fraud,apparel,160,0,2362.96,True,False,0
pay_ad1d268694c74f,fraud,electronics,1347,2,24824.37,True,False,0
pay_0445ec3473a447,fraud,apparel,1497,0,2249.14,True,False,0
pay_00bc81d324d44e,fraud,digital_services,7,4,5539.17,False,True,1
pay_0359e4d97a9746,not_received,electronics,1017,0,27824.81,True,False,0
pay_48fdaaedc1c640,fraud,apparel,734,0,3990.63,True,False,0
pay_733c0a2ab22c42,not_received,electronics,1385,0,15379.5,True,False,0
pay_76e6116df0db49,fraud,electronics,685,0,22495.8,True,False,0
pay_89dcbd68dae943,damaged,apparel,1398,0,4623.32,True,False,0
pay_02b27e2ab43e42,damaged,digital_services,11,4,2216.48,False,True,1
pay_de6811833abf40,not_received,apparel,867,0,2333.96,True,False,0
pay_23422b3891fa49,fraud,apparel,8,3,3141.34,False,True,1
pay_48a17990969347,fraud,digital_services,1,5,2088.12,False,True,1
pay_5cb6eadf2d0c4c,damaged,electronics,943,0,27432.18,True,False,0
pay_2324d65be8244a,fraud,apparel,251,0,3299.84,False,False,0
pay_f7e6ee31cdfc41,fraud,apparel,239,0,2549.48,False,False,0
pay_e4c4f218779c42,fraud,digital_services,1338,0,3755.63,True,False,0
pay_12946006b43347,fraud,apparel,744,2,2359.16,True,False,0
pay_6cd6849979a14b,fraud,digital_services,288,0,4713.48,True,False,0
pay_ef5202d02d1448,not_received,electronics,1425,0,22453.4,True,False,0
pay_aa3b60c2f34d4a,fraud,apparel,377,0,3854.0,True,False,0
pay_7df77cdfb3c64c,not_received,apparel,1442,0,4518.06,False,False,0
pay_19e3f55ad09e4a,fraud,apparel,6,6,1044.39,False,True,0
pay_5e204b66d72745,fraud,apparel,3,6,1974.77,False,True,0
pay_610ae04a28ed49,damaged,electronics,687,0,27432.9,False,False,0
pay_8d137c22817744,fraud,electronics,735,1,22976.43,True,False,0
pay_0eb943e6fb0142,damaged,electronics,163,0,23308.29,False,False,0
pay_ba58fc6f40fc41,not_received,digital_services,1293,0,3093.38,True,False,0
pay_4ca9071e68854a,fraud,digital_services,791,0,2088.38,True,False,0
pay_8de8f40098b048,damaged,electronics,896,0,27822.27,True,False,0
pay_592c054e2f7e45,fraud,digital_services,1320,0,5241.71,False,False,0
pay_d7c292ca869743,damaged,electronics,1475,0,24239.03,True,False,0
pay_dd0f4087be554e,fraud,apparel,1246,0,4910.63,True,False,0
pay_d3664482ab9141,damaged,electronics,3,5,25346.39,False,True,1
pay_9ca8dfc36bd849,fraud,digital_services,9,4,1461.41,False,True,0
pay_c62dff1f74e14f,not_received,apparel,1280,1,1509.98,False,False,0
pay_e0972b6da3c14a,not_received,electronics,662,0,29134.97,True,False,0
pay_9077eb447f514c,damaged,apparel,1317,0,5096.09,True,False,0
pay_82f97c55f33b41,damaged,electronics,146,1,21753.22,True,False,0
pay_1bc911100c4c4a,damaged,electronics,889,0,14769.31,False,False,0
pay_74e792e95a494c,damaged,electronics,2,5,15853.31,False,True,1
pay_e6dfc9e340fe4f,fraud,electronics,218,0,17967.31,True,False,0
pay_0f19483f5b614d,fraud,digital_services,1025,1,3029.34,True,False,1
pay_1d6bc787f2a245,fraud,apparel,336,1,3026.49,True,False,0
pay_442a516f63714a,fraud,electronics,454,1,31566.34,True,False,0
pay_fa41e67f1b924d,fraud,electronics,235,0,25884.01,True,False,0
pay_231a55da68184f,not_received,electronics,789,0,26022.05,True,False,0
pay_a025b2574cc043,fraud,electronics,4,2,18193.4,False,True,0
pay_28a94d42147e4d,not_received,apparel,13,3,2500.92,False,False,0
pay_c31de8bcc4084a,fraud,electronics,5,3,32288.78,False,True,0
pay_c2d6e6e97a9849,fraud,apparel,1251,0,2406.14,True,False,0
pay_005b5b812c474a,not_received,apparel,106,0,4439.67,True,False,0
pay_7b2b221200e347,not_received,electronics,1408,0,26303.37,True,True,1
pay_793a2aef223548,not_received,digital_services,1419,1,4898.17,False,False,0
pay_52a5f7af6c3f44,not_received,electronics,6,3,29453.23,False,False,0
pay_dcb56d3a26bc4f,fraud,electronics,829,0,30069.16,True,False,0
pay_c1ded7e6f0c344,not_received,electronics,639,0,19731.63,True,False,1
pay_05d99885188546,fraud,electronics,800,0,29073.14,False,False,0
pay_52f48ed649f94d,fraud,electronics,690,0,25147.25,True,False,0
pay_a2aa418fcb6140,not_received,electronics,186,0,25841.08,False,False,0
pay_1ee0d9f71bba4a,fraud,digital_services,1313,0,3434.16,True,False,0
pay_3f1c3036d74e47,fraud,apparel,670,1,3068.75,True,False,0
pay_865e0da8e55142,damaged,apparel,1,2,1660.7,False,True,1
pay_ab107a05b70d4d,damaged,apparel,458,0,2689.42,True,False,1
pay_04e57f71afc34b,fraud,apparel,366,0,1402.4,False,False,0
pay_4eccd72acdd94d,fraud,electronics,356,0,25391.05,False,False,0
pay_95165ec5447544,fraud,electronics,1053,2,26150.15,False,False,0
pay_4a612354680745,fraud,electronics,585,0,28535.2,True,False,0
pay_3a9107cc3ca541,damaged,apparel,1345,0,3059.41,True,False,0
pay_e177aac17c4543,fraud,electronics,308,1,41985.05,True,False,0
pay_3675c79ead4a45,not_received,electronics,9,6,23053.77,False,True,0
pay_2245d9de411948,fraud,electronics,1031,0,22955.2,True,False,0
pay_0d3a11b14a4442,damaged,electronics,13,2,30226.99,False,True,1
pay_92a4f5b1669043,fraud,electronics,1409,0,30370.33,True,False,0
pay_775b63537b5f48,not_received,electronics,738,1,21564.95,True,True,1
pay_27a0c7033e2044,fraud,electronics,4,5,27132.18,False,False,0
pay_805519e79ddb44,not_received,electronics,828,0,21388.58,True,False,0
pay_bc6da821a9d34f,fraud,electronics,1321,0,31697.76,True,False,0
pay_23c34b9f30b14c,fraud,electronics,1035,0,27619.1,True,False,0
pay_6890769e29154d,damaged,electronics,775,0,22449.59,False,False,0
pay_0c5fd309a9314c,damaged,apparel,953,0,3161.18,True,False,1
pay_46cb1eae32e047,damaged,electronics,3,4,17682.84,False,False,0
pay_adca61e6b1c040,not_received,electronics,825,0,25247.97,True,False,0
pay_3b50ef960f044f,damaged,electronics,11,4,30823.22,False,True,1
pay_572c12884e614e,fraud,electronics,848,0,20199.76,True,False,0
pay_e1cd3e1a7b724b,fraud,electronics,12,2,30812.9,False,True,0
pay_0bcb32cdfdaa4b,fraud,digital_services,8,3,3585.57,False,True,0
pay_06e754a776764d,not_received,digital_services,235,0,3341.27,True,False,0
pay_bc655da4e2e04f,fraud,electronics,552,0,20317.69,True,False,0
pay_e0b55389fd8540,fraud,apparel,12,2,3098.86,False,True,0
pay_f5cb2fcd5a5a49,not_received,electronics,199,0,21310.02,True,False,0
pay_0922ee80812d46,damaged,electronics,1188,0,27622.02,True,True,1
pay_70b79b95a8654d,fraud,apparel,843,0,3807.32,True,False,0
pay_47fcf83d4add4c,fraud,electronics,586,0,25045.09,True,False,0
pay_4da8f04a64b049,fraud,apparel,1184,0,5865.26,False,False,0
pay_e823f73429fd48,fraud,apparel,5,6,1244.18,False,True,0
pay_919c1d8b9ec44f,fraud,apparel,11,5,3668.04,False,True,0
pay_142349be3e1a4b,not_received,digital_services,398,0,2226.78,True,False,0
pay_512db4dc07f246,not_received,apparel,1211,0,3759.73,True,False,0
pay_444725f5253d41,not_received,apparel,284,0,1915.21,True,False,0
pay_aaa38323b3b44e,fraud,electronics,1282,0,29760.56,False,False,0
pay_582e95c86b254c,damaged,electronics,1361,0,23000.1,True,False,0
pay_d3b34ec0b30743,fraud,apparel,1262,0,3792.31,True,False,0
pay_aa92de38c5284a,not_received,digital_services,851,0,3417.83,True,False,0
pay_9a85a8f61d7c4a,damaged,apparel,845,0,3684.54,True,False,0
pay_755386072d964b,fraud,digital_services,632,0,1990.14,True,False,0
pay_17c9118df11f46,fraud,electronics,1201,0,23113.92,True,False,0
pay_74ea99bc63ef47,damaged,electronics,1314,0,30456.26,False,True,1
pay_6cba609c823d4c,fraud,electronics,239,0,25389.93,True,False,0
pay_32a97cd0abbf4a,not_received,apparel,240,0,2801.8,False,True,0
pay_59eb35452a3649,fraud,apparel,1283,0,3793.54,False,False,0
pay_9ffc4a0d54994e,not_received,electronics,430,0,26851.71,True,False,0
pay_7554ad078b5742,fraud,digital_services,1012,0,6228.28,False,False,0
pay_20a8d8d64a424c,fraud,apparel,392,0,3291.57,True,False,0
pay_549c891e1f2242,not_received,apparel,543,1,2359.47,True,False,0
pay_347b92b0728849,fraud,apparel,208,0,2817.02,True,False,0
pay_ba85fd1020d047,fraud,electronics,1302,0,11663.29,True,False,0
pay_06425bef77114e,fraud,apparel,414,0,3724.48,True,False,0
pay_a9b79a23c6994c,fraud,electronics,683,0,24381.26,False,False,0
pay_183f9d1ee5e244,fraud,electronics,901,0,23781.51,True,True,1
pay_e615e88ca84544,fraud,apparel,863,1,3598.74,True,False,0
pay_b181c4f8004248,damaged,digital_services,914,0,2689.13,True,False,0
pay_160f9b9f570547,fraud,apparel,6,5,2651.18,False,True,1
pay_2160e20dd66c42,not_received,apparel,837,1,3612.91,True,False,0
pay_f397926f7e344f,fraud,apparel,1217,0,3482.08,True,False,0
pay_fb4113d439a543,fraud,electronics,746,0,17787.02,True,False,0
pay_062f82fcccc648,damaged,digital_services,793,0,4141.93,False,False,0
pay_b789c3a01d7849,fraud,apparel,343,0,2139.93,True,False,0
pay_a4796981a93042,damaged,electronics,1092,0,29908.32,True,True,1
pay_e9029780882f4e,fraud,electronics,1,5,28912.81,False,False,0
pay_0df7bea217d247,not_received,electronics,1474,0,27771.8,True,False,0
pay_d1d8655552254a,not_received,electronics,1451,0,24865.7,True,False,0
pay_705fe336b81046,damaged,electronics,1373,0,27737.81,True,False,0
pay_21063cf0f1bc4b,not_received,electronics,804,0,25487.58,True,False,0
pay_76a6733215694c,not_received,apparel,633,0,1880.87,True,False,0
pay_9a1613c75d394f,fraud,apparel,12,3,286.99,False,True,1
pay_b14b379776e144,fraud,apparel,546,0,1682.48,True,False,0
pay_3a6ece25208c48,damaged,electronics,3,3,27224.68,False,True,1
pay_62fa808d0fae45,fraud,apparel,1302,0,2061.47,False,False,0
pay_d001ba85fd0144,fraud,electronics,65,0,33378.01,False,False,0
pay_dd00d70184004a,not_received,apparel,1166,0,3083.08,True,False,0
pay_233ea6dce13b42,fraud,electronics,1496,0,31330.48,True,False,0
pay_131f924b1a7e4b,damaged,apparel,662,0,2507.3,True,False,0
pay_1a77a9455ab345,not_received,electronics,1307,0,19864.47,True,False,0
pay_a6958ce317c94c,not_received,apparel,416,0,1605.13,True,False,0
pay_3a451870e3a24d,damaged,digital_services,603,0,2797.03,True,True,1
pay_6903f31f111643,fraud,apparel,765,0,1418.63,False,False,0
pay_82c82ed6e9164c,fraud,electronics,1475,0,25853.47,False,False,0
pay_8afd90c43a7b45,not_received,electronics,13,3,13355.71,False,True,1
pay_a4e4b01d269f48,fraud,digital_services,149,0,2836.28,True,True,1
pay_74169476ca844a,not_received,apparel,236,0,2983.15,True,False,0
pay_97139344be9144,damaged,digital_services,778,1,3525.67,True,False,0
pay_d75a5ca837534d,not_received,electronics,1074,0,17782.45,True,False,0
pay_8983a893a4db43,fraud,digital_services,1073,0,1863.82,True,False,0
pay_c384b9232d104b,damaged,digital_services,1265,0,4420.9,True,False,0
pay_e270a11195c249,not_received,apparel,790,0,3671.48,True,False,0
pay_e71086f1050b4c,not_received,electronics,1426,1,23291.16,True,False,0
pay_39a3b05096a64e,fraud,apparel,1043,0,3335.56,False,False,0
pay_849c310fcf3743,damaged,digital_services,1482,0,2479.62,True,False,0
pay_7408935739514c,not_received,digital_services,1373,0,2798.24,True,False,0
pay_bfc50e11c6d849,not_received,electronics,346,0,24341.07,True,False,0
pay_33968e6a56a947,damaged,electronics,338,0,32550.42,True,False,0
pay_41238342725641,fraud,digital_services,764,0,2943.32,True,False,0
pay_9794887cbcc847,not_received,apparel,225,0,3269.47,False,False,0
pay_e877594e6c9545,damaged,digital_services,3,2,4176.95,False,True,1
pay_6e20f18558b144,fraud,digital_services,122,1,2777.84,True,True,1
pay_5d04c49eac704f,not_received,digital_services,1408,0,5466.68,True,False,0
pay_2251a08fed124c,damaged,electronics,12,5,24243.5,False,False,0
pay_fde787555a2b4c,not_received,electronics,471,1,24076.1,True,False,0
pay_42abea4ba13644,not_received,electronics,1346,0,18752.29,True,False,0
pay_05d769113b9244,damaged,digital_services,918,0,2573.32,True,False,0
pay_3bf98a88ed0d47,damaged,apparel,10,4,3909.39,False,True,1
pay_6053eb967bbc4c,fraud,electronics,574,0,18185.95,False,False,0
pay_6113f397d35e46,fraud,electronics,782,0,30520.79,True,False,0
pay_aa6c4ac2c6594e,not_received,electronics,1154,0,25103.28,True,True,1
pay_46a2618579bf48,not_received,digital_services,479,1,2158.85,True,False,0
pay_5fa5877e1fa246,not_received,apparel,1161,0,2648.44,True,False,0
pay_15add702a21d4e,not_received,apparel,634,0,2740.55,True,False,0
pay_d588fd6192ac40,fraud,electronics,1485,0,22672.83,False,False,0
pay_57b6907065e24f,not_received,digital_services,1093,0,3257.26,True,False,0
pay_ecf503dfd73848,fraud,electronics,1305,0,32606.84,True,False,0
pay_77d4627f9daa44,not_received,apparel,12,5,3207.8,False,False,0
pay_d1fc1c08830140,not_received,electronics,1473,0,28304.01,True,False,0
pay_2e10e13f3c684e,fraud,electronics,180,0,34212.14,True,False,0
pay_904f4968929e4d,fraud,electronics,3,4,26603.48,False,True,0
pay_77c3921e5a4b4c,not_received,apparel,8,3,3404.85,True,True,1
pay_cd64407c5fbb43,not_received,apparel,1235,0,3298.52,False,False,0
pay_d25e9b95fd7540,fraud,electronics,479,0,20884.48,True,False,0
pay_eafddf2aae2c44,damaged,electronics,1100,0,23278.63,True,False,0
pay_9dfdc1413a7148,not_received,digital_services,112,1,3404.7,True,False,0
pay_c4942e8e972f47,damaged,electronics,101,0,31798.95,True,False,0
pay_a251713509e74a,not_received,electronics,238,1,32309.53,True,False,0
pay_77dd6d3c54df44,not_received,apparel,1378,0,4614.97,True,False,0
pay_065d787b85b34c,damaged,digital_services,487,0,4863.38,True,True,1
pay_e953782fb3934b,not_received,electronics,160,0,21189.01,True,False,0
pay_5f8dc5557bca46,not_received,digital_services,8,2,4364.71,False,True,1
pay_690d6af9d0b842,fraud,electronics,8,6,14573.25,True,True,1
pay_416734c6645f48,not_received,electronics,888,0,28769.14,True,False,0
pay_12862f422ffb49,fraud,electronics,67,0,23661.84,True,False,0
pay_5dbbb1ec3c9647,fraud,apparel,11,6,1823.63,False,True,1
pay_abcb1a8718e446,fraud,electronics,1050,0,27154.68,True,False,0
pay_1b203044732842,fraud,apparel,813,0,4156.99,True,False,0
pay_b7054909666348,damaged,electronics,613,0,27186.63,True,False,0
pay_4fbd93fc674544,fraud,electronics,1028,1,27473.02,True,False,0
pay_b514ac4848d54e,not_received,digital_services,13,5,1772.25,False,True,1
pay_98c87c269c734b,damaged,apparel,11,2,2635.27,False,True,1
pay_6061b841a7394e,not_received,electronics,473,0,27637.1,True,False,0
pay_e75a5515387a47,fraud,apparel,1461,0,2780.28,True,False,0
pay_c2da9c3ec90a4e,not_received,apparel,226,0,2794.4,True,False,0
pay_0adb10c025a64a,not_received,electronics,6,5,12139.1,False,True,1
pay_b7c7c4e03f784f,not_received,apparel,1236,0,4232.12,True,False,0
pay_40d90ef3f9174e,not_received,electronics,1334,0,25145.87,True,False,0
pay_f4ac66a5cb1549,damaged,apparel,164,0,1628.68,True,False,0
pay_5d270865de4446,not_received,apparel,1212,0,4160.63,True,False,0
pay_75430334697842,fraud,electronics,32,0,21380.54,True,False,0
pay_e73ad36a8f924a,not_received,electronics,239,0,37205.52,True,False,0
pay_7af6f5289a7b49,fraud,electronics,1117,0,26648.71,False,False,0
pay_d9fc21ccbc4844,damaged,digital_services,350,0,3127.13,True,False,0
pay_94d021b4284f44,fraud,apparel,1168,0,1554.73,True,False,0
pay_83d53dcf2a2e46,fraud,electronics,954,1,28167.35,True,False,0
pay_ee05af785c2d4e,damaged,apparel,540,0,4170.56,True,False,0
pay_2736738cedd049,not_received,electronics,1349,0,19942.62,True,False,0
pay_07a59c44615c45,fraud,apparel,1,2,3715.27,False,True,0
pay_70b2cca64d6242,not_received,apparel,10,4,2445.95,False,False,0
pay_7f56f5f8b09f49,damaged,digital_services,780,0,1909.52,True,False,0
pay_ea403ef8660848,fraud,electronics,64,0,22426.14,True,False,0
pay_fac8e5b2b36c4c,damaged,apparel,524,0,3517.05,True,False,0
pay_f9cd672b899242,fraud,apparel,612,1,4321.35,False,False,0
pay_021dba73b29040,not_received,digital_services,1406,0,2907.39,True,False,0
pay_7236b21737fa43,damaged,apparel,225,0,4221.17,False,False,0
pay_94a100e1fd4d41,fraud,apparel,576,0,1581.77,True,False,0
pay_71aec813e9b845,not_received,electronics,1127,2,19995.51,True,False,0
pay_9019e2bce4e748,fraud,apparel,770,0,3409.01,True,False,0
pay_cc1f3be3e7084e,not_received,digital_services,689,0,2407.57,True,False,0
pay_ab3ef1ecd72a4e,not_received,digital_services,73,1,3536.01,True,False,0
pay_664b6ba718a34c,not_received,apparel,1262,1,2017.02,False,False,0
pay_a61b59aece404d,fraud,electronics,379,0,22467.86,True,False,0
pay_9dcae22de54b4d,fraud,digital_services,819,0,3084.45,True,False,0
pay_beb37c59cb8a4f,fraud,electronics,296,0,28846.38,True,False,0
pay_3f9d13f1781b42,fraud,electronics,564,0,22522.59,True,False,0
pay_f75821d310a947,not_received,apparel,103,0,3202.98,True,False,0
pay_ed62c84835ce42,damaged,electronics,1337,0,18618.66,True,False,0
pay_8768e5e0d87144,not_received,digital_services,6,5,2944.83,False,False,0
pay_0f852765e4944e,not_received,apparel,11,2,2800.0,False,True,1
pay_079d810fd2f647,damaged,apparel,718,0,1658.61,True,False,0
pay_5b78b4f15ba043,not_received,apparel,931,1,5011.18,True,False,0
pay_aff9e3a9a8e840,damaged,apparel,9,2,4431.75,False,True,0
pay_06afa1c1635e4f,not_received,apparel,1463,0,1956.67,True,False,0
pay_cc35e766b83940,fraud,electronics,793,0,29212.4,True,False,0
pay_790a5eb1b0b84b,fraud,apparel,202,0,2691.75,True,False,0
pay_28a84d45bdf147,not_received,electronics,298,0,28849.89,True,False,0
pay_82e961356e5342,fraud,electronics,1091,0,23227.32,True,False,0
pay_8e505e11064e40,fraud,apparel,1280,0,2870.63,True,False,0
pay_73f2fd019a3f4a,not_received,electronics,285,0,25852.82,True,False,0
pay_abb735083ab346,not_received,digital_services,667,0,3566.05,True,False,0
pay_bc3409d2bba34e,not_received,apparel,697,0,3131.91,True,False,0
pay_40e1aa86a93544,fraud,digital_services,1136,0,2451.71,True,False,0
pay_4902e793a88d43,fraud,electronics,816,1,22614.7,True,False,0
pay_7cae63ec16e141,not_received,digital_services,462,0,5145.91,False,False,0
pay_a3326eb0705343,damaged,electronics,10,2,22037.07,True,True,1
pay_416381d184774b,not_received,electronics,1323,0,18186.07,True,True,1
pay_a2c9e114b8b44f,damaged,electronics,1408,0,20378.87,True,False,0
pay_503bb90b956d4d,not_received,apparel,157,0,3297.5,False,True,1
pay_9807d46feecc4a,not_received,electronics,910,0,30463.09,False,False,0
pay_10a09df923db46,fraud,apparel,95,0,3484.64,True,False,0
pay_b372fd8733e24a,not_received,electronics,309,0,24101.51,True,False,0
pay_75f4ed0ede6d47,not_received,electronics,1324,0,24168.33,True,False,0
pay_ba24de4549b749,not_received,apparel,770,0,2474.88,True,False,0
pay_7ce9c78c552f49,not_received,electronics,1056,0,34085.58,True,True,1
pay_3deeeed87e774e,not_received,apparel,271,0,3439.22,True,False,0
pay_2c9e6e49d1b044,fraud,apparel,10,6,3363.53,False,False,0
pay_c44cdfb4173947,not_received,digital_services,612,1,1149.91,True,False,0
pay_1a66b48f425a41,fraud,electronics,546,1,27401.71,True,False,0
pay_87f5eeca26074d,damaged,digital_services,946,0,2794.85,False,False,0
pay_c4cee9396a3049,fraud,apparel,691,0,3265.24,True,False,0
pay_27613e6c539b4e,fraud,digital_services,381,0,2034.08,True,False,0
pay_2c20260ef12349,not_received,electronics,579,2,24216.84,True,False,0
pay_49dafced42f749,not_received,apparel,12,4,2440.32,False,True,1
pay_d3f75d8448c547,not_received,digital_services,887,0,2967.63,True,False,0
pay_85508a2db08e47,fraud,electronics,888,0,21523.65,True,False,0
pay_c60a1326970740,not_received,apparel,978,0,4182.11,True,False,0
pay_9bc916a6ac4a4d,fraud,digital_services,978,0,4992.33,True,False,0
pay_e7691886aba241,damaged,apparel,8,2,4080.4,False,False,0
pay_6e2c9bd77bfc43,damaged,electronics,673,0,25048.27,True,False,0
pay_72568aaead844d,not_received,apparel,2,5,2522.11,False,True,1
pay_f34d50fe3f4042,fraud,electronics,1439,0,28545.25,True,False,0
pay_f75ebb6a36304d,not_received,digital_services,215,2,4599.2,False,False,0
pay_a2c3811023c048,fraud,electronics,446,0,19545.56,True,True,1
pay_71a0d8d045704c,not_received,electronics,1374,2,20628.15,True,False,0
pay_fb796c64585a46,fraud,electronics,648,0,25610.21,True,False,0
pay_6e0863ad9fed43,damaged,apparel,921,0,2007.47,True,False,0
pay_0c135ad41b7d40,fraud,digital_services,1116,2,1945.1,False,False,0
pay_464ac9b0764d44,not_received,electronics,502,0,31721.63,False,False,0
pay_ffcd94a01a484d,not_received,electronics,1084,0,21333.55,True,False,0
pay_57792c666fc044,not_received,electronics,237,0,22791.88,True,False,0
pay_7315009107de42,fraud,digital_services,42,0,2430.28,True,False,0
pay_0eea6a4626b247,damaged,apparel,184,0,2313.73,False,False,0
pay_34c3ccdb1d8e48,not_received,electronics,342,0,17011.83,False,True,0
pay_a0ac4e5ecac347,not_received,apparel,1195,0,3862.98,True,False,0
pay_6df1ba6c617c4a,fraud,electronics,81,0,26600.33,True,False,0
pay_f3d6234c07a941,not_received,apparel,11,5,2026.09,False,True,0
pay_8ba7c3c1d70e45,not_received,electronics,1133,1,34945.99,True,True,1
pay_69b5e30852d04b,fraud,digital_services,251,0,3632.19,True,False,0
pay_bed3ea3d1e5d43,fraud,digital_services,1446,0,2673.51,True,False,0
pay_b73f505abf5b41,damaged,apparel,196,0,3929.46,False,False,0
pay_ef920e581a1e4e,fraud,apparel,1400,0,2972.49,True,False,0
pay_08d57bfaeee04f,fraud,apparel,11,3,3348.92,False,True,1
pay_519364cbec0b49,not_received,electronics,1008,0,25197.87,False,False,0
pay_dc10d188cd3f41,not_received,apparel,493,0,4333.08,True,False,0
pay_1f84e51bea2a49,fraud,apparel,1170,0,4466.5,True,False,0
pay_fc3d06ba742942,not_received,digital_services,1453,0,3018.91,True,False,0
pay_72535b4fa9314f,fraud,electronics,844,0,26992.53,True,False,0
pay_9623719499f34f,fraud,apparel,732,0,3034.96,True,False,0
pay_5bf6cff9a48940,fraud,apparel,762,0,2845.28,True,False,0
pay_c6e840d109ea4b,damaged,electronics,1156,1,17094.46,True,False,0
pay_5f106222b0ce4c,fraud,apparel,125,0,1569.04,True,False,0
pay_91680378ec0141,fraud,digital_services,1202,0,3628.58,True,False,0
pay_5bffee6d808849,not_received,digital_services,1476,1,2571.35,True,True,1
pay_133334a016c743,damaged,apparel,1069,2,3391.84,True,False,0
pay_06e0e9607ab94b,fraud,electronics,1482,0,18398.96,True,False,0
pay_aee1a63204e54e,not_received,digital_services,1012,0,2384.44,True,False,0
pay_581617fcb0ec44,fraud,apparel,1124,0,3519.38,True,False,0
pay_c41703f19c2a4a,not_received,electronics,61,2,25096.67,True,False,0
pay_5778157225f048,not_received,electronics,1029,0,34813.16,True,False,0
pay_504a9f3f253744,not_received,electronics,200,0,32993.98,True,False,0
pay_d252483a41204a,fraud,electronics,443,0,33610.96,True,False,0
pay_2a99c6839ac147,fraud,apparel,1191,1,2249.18,True,False,0
pay_41ce0babc29e40,fraud,electronics,1194,0,33880.63,True,False,0
pay_9b97aa62a2a843,fraud,electronics,658,1,28014.88,True,False,0
pay_8ca903f8635a4b,fraud,electronics,1367,0,26783.03,True,False,0
pay_57646fb9bea148,not_received,apparel,627,0,2748.38,True,False,0
pay_c4571869a85543,damaged,electronics,900,0,19538.44,True,False,0
pay_e3069fb4cffc4d,damaged,electronics,564,1,18902.92,True,False,0
pay_67e46688f6974e,damaged,electronics,594,0,22447.41,False,False,0
pay_698d078fba964f,not_received,apparel,831,0,1511.44,True,False,0
pay_d8dd110bee7649,not_received,electronics,1469,0,27658.78,True,False,0
pay_2d740fce03ca4d,fraud,apparel,1257,2,2640.8,True,False,0
pay_b239672e939c40,not_received,electronics,1152,0,16862.12,False,False,0
pay_4c149ff39fde47,not_received,electronics,478,0,21481.48,True,False,0
pay_5665b6d0764949,not_received,electronics,1289,0,30565.69,True,False,0
pay_a0584e3d752546,not_received,electronics,1462,0,22636.78,True,False,0
pay_d5c70ab3130146,fraud,electronics,807,0,24909.68,True,False,0
pay_5abb593485944d,fraud,electronics,1342,1,21170.12,False,True,0
pay_f753203307704c,damaged,electronics,598,0,29618.74,True,False,0
pay_c5371decc14445,fraud,apparel,711,0,3972.7,False,False,0
pay_5c46f9f733ce47,not_received,electronics,5,5,29305.11,False,True,0
pay_a6ef8178f15b4b,damaged,digital_services,668,1,1777.69,True,False,0
pay_5b5a27df2e8b4a,not_received,digital_services,92,0,3144.1,True,False,0
pay_e7062aa1428f4a,not_received,apparel,10,6,2883.88,False,True,1
pay_36b09f5f58ed40,fraud,electronics,8,3,29771.9,False,True,0
pay_c4c29dc1f40345,fraud,digital_services,2,5,2709.0,False,True,1
pay_62dda159695445,damaged,electronics,287,0,20588.74,True,False,0
pay_2fb91431874941,not_received,electronics,160,0,25686.52,True,False,0
pay_29a6dacb697740,not_received,electronics,822,0,24654.53,True,True,1
pay_456aa056815b41,fraud,digital_services,449,0,2543.97,True,False,0
pay_49909b57e85648,fraud,electronics,1262,0,32507.85,True,False,0
pay_f400222cc4734f,damaged,digital_services,796,0,3027.75,True,False,0
pay_6dd576fac1b145,fraud,electronics,48,1,27717.3,False,False,0
pay_420212690be046,not_received,digital_services,10,4,4029.91,False,True,0
pay_a6f5dd74793541,fraud,digital_services,219,0,2482.27,True,False,0
pay_328871f2f4354b,not_received,digital_services,721,0,2042.28,True,False,0
pay_6442e8d429af49,damaged,apparel,282,0,2916.96,True,False,0
pay_7d74f07263564a,not_received,digital_services,770,0,2599.97,True,False,0
pay_483aa06bd08643,fraud,digital_services,257,0,2444.66,True,False,0
pay_bf52e33181b84a,not_received,electronics,1083,0,25758.99,True,False,0
pay_efd6de04be754b,not_received,apparel,806,0,2543.21,True,False,0
pay_6da03252066847,not_received,apparel,146,0,4120.17,False,False,0
pay_e0f07bf6c99542,damaged,electronics,127,1,30670.55,True,True,1
pay_384d912e20784b,not_received,apparel,177,0,1523.01,True,False,0
pay_3ad71723054a42,damaged,electronics,210,0,29352.15,True,False,0
pay_413a6b57cadb47,not_received,apparel,1258,0,3524.46,True,False,0
pay_9dafeff84c4d4d,fraud,electronics,865,1,27614.46,True,False,0
pay_473bc2b7e39540,fraud,electronics,1,6,24342.11,False,True,0
pay_f9bafa4220ec4c,fraud,electronics,1290,0,29659.67,False,False,0
pay_96745052e6a342,damaged,digital_services,1161,1,3979.37,True,False,0
pay_b1a5e0123a1349,not_received,electronics,521,0,29865.81,True,False,0
pay_dc9a300e882e41,not_received,digital_services,351,1,1553.07,True,False,0
pay_afc899e615f148,fraud,apparel,411,0,3903.56,True,False,0
pay_43e6e2d0caec4c,fraud,apparel,284,0,3478.99,True,False,0
pay_fe5f93eeffb244,not_received,electronics,1492,2,27274.24,True,False,0
pay_efbc5894681545,not_received,electronics,679,1,34123.92,True,False,0
pay_3ce035eb084d43,fraud,apparel,95,0,4077.54,True,False,0
pay_85e82ccd8df24b,not_received,electronics,996,0,25579.64,True,False,0
pay_b4981805fc904c,fraud,apparel,1420,0,3339.05,False,False,0
pay_114ada644d094a,fraud,digital_services,12,2,3413.14,False,True,0
pay_10f04c80f6d546,not_received,electronics,10,2,27642.1,False,True,0
pay_476d1f36d56b4f,fraud,apparel,1274,0,1465.57,True,False,0
pay_484761b026af47,damaged,digital_services,1189,1,2692.34,True,False,1
pay_5f316e08e63345,fraud,digital_services,41,0,2088.72,True,False,0
pay_135c3ec8c3d548,fraud,digital_services,1183,0,2642.11,True,False,0
pay_d16e5953bd0b42,fraud,digital_services,868,0,1079.66,True,False,0
pay_bb03ffa3c3f947,not_received,electronics,954,2,30485.02,False,False,0
pay_3f82253cb96f41,not_received,digital_services,1405,0,4295.76,True,False,0
pay_30f8a111c4e54c,not_received,digital_services,881,0,2828.88,True,False,0
pay_20e9ffc8f2ed46,fraud,apparel,692,1,4462.34,True,False,0
pay_2b4cd3ed3d0346,fraud,electronics,502,0,18442.41,True,False,0
pay_ef4c0e6c24e84c,not_received,apparel,620,0,2796.48,True,False,0
pay_d76914e2252546,damaged,electronics,574,0,30050.27,True,False,0
pay_75dd0f3303694b,damaged,electronics,1025,0,16902.68,True,False,0
pay_bf9c576c250d40,fraud,apparel,173,0,2627.2,True,False,0
pay_aee9d48efb9242,not_received,apparel,9,5,4070.05,False,True,0
pay_28b2d54639a84d,damaged,apparel,212,0,4489.63,True,False,0
pay_f9c01e307b814d,fraud,electronics,143,1,25725.69,False,False,0
pay_b6831818292440,damaged,apparel,2,2,2298.12,False,False,0
pay_b07fb449865549,fraud,electronics,1067,0,17976.94,True,False,0
pay_ed1e602116d245,damaged,electronics,286,0,25561.64,True,False,0
pay_328932f2a82649,not_received,apparel,592,0,3079.68,True,False,0
pay_d137b5380a6646,damaged,electronics,77,0,23969.79,True,True,1
pay_8a1f2067666446,not_received,electronics,531,0,19271.31,True,False,0
pay_eb2c525943254d,fraud,electronics,198,2,24046.01,True,False,0
pay_7cd6ce7b275c4d,damaged,apparel,1298,0,3926.93,True,False,0
pay_b3585139afb142,fraud,apparel,742,0,4347.16,True,True,1
pay_ccc92552df9041,fraud,electronics,938,1,19659.06,True,False,0
pay_2a87f977cb0b4d,not_received,electronics,10,4,30229.79,False,True,1
pay_687df9a1b6224c,not_received,apparel,1196,0,2834.91,True,False,0
pay_981ce22c321146,damaged,digital_services,8,6,1871.37,False,True,1
pay_b8506ff33b534d,fraud,apparel,777,0,1804.71,True,False,0
pay_d38e4e07c5b14c,not_received,digital_services,621,0,2810.93,True,False,0
pay_a3eafff0a15548,not_received,apparel,174,0,3301.92,True,False,0
pay_7b05dc5b7ab746,fraud,apparel,13,6,2606.31,False,True,1
pay_78fcad2692a54f,fraud,digital_services,138,0,2336.58,True,False,0
pay_51250cff9db64e,fraud,apparel,5,6,1951.84,False,True,0
pay_b81e8586f79b42,fraud,digital_services,1063,0,3544.7,True,False,0
pay_0e79b938760f47,damaged,apparel,64,0,4310.04,False,False,0
pay_2dafa0049d6b46,not_received,digital_services,1414,0,3992.78,True,True,1
pay_208c626aec5248,not_received,apparel,13,4,3288.82,False,True,1
pay_65cc69a680da46,damaged,digital_services,1252,0,2950.03,False,False,0
pay_33a9299c0c5a49,fraud,electronics,383,2,13799.86,True,False,0
pay_e394da36229b49,damaged,apparel,1378,0,2247.33,True,False,0
pay_16cba7bb965f44,not_received,digital_services,77,1,2454.8,True,False,0
pay_63d6ba7b7f1846,damaged,electronics,11,6,24085.24,False,True,1
pay_862930bd5b9641,fraud,apparel,1099,0,4002.73,True,False,0
pay_da003e9d5c1b41,damaged,digital_services,1151,0,1949.98,True,False,0
pay_739284a8245f48,fraud,electronics,1292,0,21501.49,True,False,0
pay_373187d314764a,fraud,apparel,1103,0,4374.39,True,False,0
pay_614a348509f749,not_received,apparel,857,0,2940.44,True,False,0
pay_f14d119477334f,fraud,apparel,901,0,2617.51,True,False,0
pay_5638a60163304a,not_received,electronics,1082,0,24936.59,True,False,0
pay_d7441cb4cb7f4b,not_received,electronics,1073,0,27235.31,True,False,0
pay_b45acee714444f,not_received,electronics,1082,0,29155.44,True,False,0
pay_30685080ebfa41,fraud,electronics,45,0,21730.21,True,False,0
pay_6393dc38f68f4f,fraud,electronics,3,6,30250.43,True,True,1
pay_3d46192f814b4f,fraud,apparel,3,6,2024.48,False,True,1
pay_a3253d995d9046,not_received,apparel,12,2,2881.33,False,False,0
pay_1f65f692b7f340,fraud,apparel,373,0,2971.52,True,False,0
pay_deee229e35f547,fraud,electronics,430,0,27215.19,True,False,0
pay_4bd43cfb64bc4b,fraud,apparel,1029,0,2638.31,True,False,0
pay_2547dd660d5e43,fraud,electronics,614,0,31418.51,True,False,0
pay_ea419d95825540,not_received,digital_services,177,0,2422.94,True,False,0
pay_0298834d2d5e4b,damaged,apparel,9,6,2744.41,True,True,1
pay_18996bce91ef4a,fraud,digital_services,455,0,2788.14,True,False,0
pay_e0e37ac04e1842,not_received,electronics,1,3,28500.85,False,True,1
pay_091d3af9c2d349,not_received,apparel,7,4,4292.97,False,True,1
pay_29b67dd35be84d,not_received,apparel,1028,0,2231.22,True,False,0
pay_709d78d96f2240,not_received,digital_services,316,1,3054.65,True,False,0
pay_bcf8d97a751943,not_received,apparel,962,0,2093.62,False,False,0
pay_6b2078a80ca74c,not_received,apparel,42,0,3895.63,True,False,0
pay_257cccab2aca4e,fraud,electronics,378,0,30483.31,True,False,0
pay_c62166e95bf243,not_received,apparel,1022,2,2820.68,True,False,0
pay_1b8df712a7284e,not_received,electronics,108,2,24109.17,True,True,1
pay_c14557bbd1574f,fraud,electronics,299,0,28796.28,True,False,0
pay_2d6784f6c46242,fraud,electronics,445,1,16784.81,True,False,0
pay_eace3e432a7c44,damaged,digital_services,231,0,2430.87,True,False,0
pay_042f8f83fc7642,not_received,electronics,4,4,22797.25,False,True,0
pay_5c83ccb46fd347,not_received,digital_services,352,1,3863.99,True,False,0
pay_20277c9eff0541,damaged,digital_services,13,6,4083.94,False,False,0
pay_b0a122ff30124a,not_received,digital_services,542,0,1658.56,True,False,0
pay_e00b708cda9c44,not_received,digital_services,387,1,1256.43,True,False,0
pay_d64f3e27338847,not_received,digital_services,1162,0,4644.39,True,False,0
pay_e0dcbc5abd0241,damaged,electronics,8,6,19780.81,False,True,1
pay_c583fa63939641,not_received,electronics,8,4,27208.9,False,True,0
pay_eafdc860166648,not_received,apparel,918,1,3692.26,True,False,0
pay_21397a71ca7846,fraud,apparel,1392,0,2824.41,True,False,0
pay_60f978462a944d,damaged,electronics,972,0,29632.75,True,False,0
pay_59f2667d648a45,not_received,apparel,620,0,3176.11,True,False,0
pay_a9eab86a02254a,fraud,apparel,277,0,2643.71,True,False,0
pay_4f429e5da4c249,damaged,digital_services,34,1,2597.56,True,False,0
pay_398ef78795c64a,not_received,apparel,939,0,5080.24,True,False,0
pay_c8ab466bcdfc46,fraud,apparel,4,4,3912.38,False,True,1
pay_90933d5f54264b,not_received,apparel,40,0,4290.05,True,False,0
pay_535d79fabc4c4d,not_received,apparel,56,0,4933.92,True,False,0
pay_307aeadb5ac344,damaged,digital_services,836,0,5006.39,True,False,0
pay_0a2a234f71a54e,fraud,electronics,292,0,16593.3,True,False,0
pay_8ea7397f97ab4c,damaged,apparel,1230,0,3902.22,True,False,0
pay_8d6b8326a9d14c,not_received,apparel,1095,1,3102.11,False,False,0
pay_713f9680c1b64e,fraud,apparel,50,0,2580.78,True,False,0
pay_808a136fa50949,damaged,electronics,1012,0,15342.64,True,False,0
pay_6be446cefaca41,not_received,electronics,670,0,28654.82,False,False,0
pay_0d9a7243b55e43,fraud,electronics,314,0,31304.53,True,False,0
pay_b931a17d160b42,not_received,electronics,1216,0,14213.23,True,False,0
pay_3a36ad7b3cba4c,damaged,digital_services,578,0,2873.54,True,False,0
pay_79ae711e92334c,fraud,apparel,1484,0,1993.44,False,False,0
pay_b4362d0c84a445,fraud,electronics,687,0,25770.22,True,False,0
pay_fe7938f8136b4b,fraud,electronics,1406,0,25929.36,True,False,0
pay_ac185e7b618146,fraud,electronics,8,3,21917.36,False,False,0
pay_8bd24a92723d44,not_received,digital_services,441,0,3258.08,True,False,0
pay_72b3cc026c8046,not_received,apparel,599,0,2579.9,False,False,0
pay_5f835993988a4b,fraud,digital_services,873,0,2871.58,False,False,0
pay_9d796d53ade54a,fraud,electronics,1249,0,26204.36,True,False,0
pay_99934cbec64847,fraud,digital_services,142,0,4085.96,True,False,0
pay_516fbf4f59024c,damaged,electronics,566,0,19568.33,True,False,0
pay_ce0d59d60ded4c,fraud,electronics,241,0,29219.27,True,False,0
pay_c6433954b9ed45,damaged,electronics,13,3,30095.6,False,True,1
pay_12240e5e63284d,not_received,apparel,73,0,2633.95,False,False,0
pay_f63dae777fd842,fraud,electronics,613,0,21137.97,True,False,0
pay_59add3db1fe34c,damaged,apparel,1286,0,2797.86,True,False,0
pay_5b7160814cf34f,not_received,digital_services,1303,0,3341.0,True,False,0
pay_e6c8f2fb24db49,not_received,electronics,494,0,26030.64,True,False,0
pay_0be0cfcdb1294d,damaged,electronics,8,4,28199.99,False,True,1
pay_1ac40ec26ec644,fraud,digital_services,13,3,1339.94,False,True,0
pay_010f28b778c24e,fraud,apparel,918,0,2731.74,True,False,0
pay_b14b9e35d60744,not_received,digital_services,6,6,2276.1,False,True,0
pay_e20af41f456b42,fraud,electronics,1004,0,22982.53,True,False,0
pay_c36eee9c812a47,fraud,electronics,225,0,14474.21,True,False,0
pay_c2c80c71e8674d,fraud,electronics,2,3,21572.29,False,True,0
pay_c02087584f0548,fraud,digital_services,1162,0,2267.44,True,False,0
pay_2984a1b658f648,not_received,digital_services,355,1,4279.85,True,False,0
pay_ab12a4b419c74f,fraud,digital_services,167,0,4553.14,True,True,1
pay_00a2e8d3231b44,not_received,apparel,12,3,2008.1,False,False,0
pay_5d13b10eda5243,not_received,digital_services,1129,1,2943.4,True,False,0
pay_07d244720c9645,not_received,apparel,728,0,4076.3,True,False,0
pay_7e51cbfb63b446,fraud,apparel,53,2,2940.63,True,True,1
pay_80e3af47be9942,not_received,digital_services,1126,0,4538.58,True,False,0
pay_366e0c5b8cd94c,fraud,electronics,8,5,23908.67,False,True,0
pay_459e83fe91924d,not_received,electronics,815,0,28246.89,False,False,0
pay_d0bc5d5c25d447,damaged,electronics,957,1,24666.24,False,False,0
pay_558bdebbdef74c,not_received,apparel,154,0,1962.35,True,False,0
pay_c239cf51dd9c49,not_received,electronics,816,0,23965.26,True,False,0
pay_532f0eb12e024b,not_received,electronics,8,6,30264.74,False,False,0
pay_a2f39fbb882b43,fraud,digital_services,1202,0,2877.55,True,False,0
pay_be080b1ef97041,damaged,electronics,981,1,27064.08,True,False,0
pay_ca8a42b1a96841,damaged,electronics,342,0,21860.06,True,True,1
pay_a7a51fd190e445,fraud,apparel,846,0,2664.31,True,False,0
pay_0502336fa2954f,not_received,digital_services,596,2,2155.46,False,False,0
pay_e624ca2c430849,damaged,electronics,31,0,21372.8,True,False,0
pay_e1efe35c15334a,damaged,apparel,1262,0,1947.34,True,False,0
pay_ed195b12fd6e4f,not_received,electronics,1,6,24142.29,False,True,1
pay_5ef553bb0df44a,not_received,apparel,1296,0,2839.95,True,True,1
pay_c5629c0ab2dd4f,fraud,electronics,1083,0,28944.73,True,False,0
pay_961e8cc871ca45,damaged,electronics,911,0,20853.65,False,False,0
pay_0493979181614d,fraud,apparel,1,3,2743.83,False,False,0
pay_d014c79b4a194a,not_received,digital_services,40,1,4236.67,True,False,0
pay_b1f7858f190b45,fraud,apparel,448,0,2158.67,True,False,0
pay_ec0508dcd1aa48,fraud,digital_services,998,0,813.14,True,False,0
pay_e57ef1b3dcc242,not_received,apparel,1142,0,2500.43,True,False,0
pay_20f0a437c9d841,damaged,electronics,677,1,27443.31,True,False,0
pay_74d693bb83a04f,fraud,electronics,1376,0,23554.79,True,False,0
pay_ecf13f203a3542,not_received,digital_services,1015,2,1988.24,True,False,0
pay_dd50935c247745,fraud,apparel,899,0,3103.05,True,False,0
pay_474f983897c94c,fraud,digital_services,1139,0,3356.79,True,False,0
pay_b0c486aec74948,not_received,electronics,1180,1,30672.17,True,False,1
pay_2240e43acc4e4c,not_received,electronics,1,2,28338.45,False,True,0
pay_70d1c5828a3046,fraud,electronics,1197,1,23981.94,True,False,0
pay_f19eedd929234d,fraud,electronics,7,3,20865.79,False,False,0
pay_183467484a934a,fraud,electronics,961,0,18452.18,True,False,0
pay_200fd51b2bae47,fraud,apparel,9,3,3311.5,False,True,1
pay_de5e10e5644d4a,damaged,apparel,888,0,2829.35,True,False,0
pay_101281bf1aa94d,damaged,electronics,302,0,35488.66,True,False,0
pay_a8bd9c910aab4a,fraud,electronics,1000,0,25405.5,False,False,0
pay_0db0935d689d4b,not_received,apparel,13,3,3567.71,False,True,1
pay_cb9f2de171db41,damaged,apparel,13,5,2614.25,False,True,1
pay_550d23907b024d,fraud,apparel,748,0,4297.59,False,False,0
pay_638f1125b3434e,damaged,apparel,5,6,1500.95,False,True,1
pay_db45ff3e2c474e,damaged,digital_services,1256,2,4835.71,False,False,0
pay_8e4fdce5655044,fraud,apparel,1032,2,2741.75,True,False,0
pay_24a49c2cb17e4c,fraud,digital_services,1199,0,2327.93,False,False,0
pay_0d3a91d5e82544,damaged,apparel,1355,0,2039.01,True,False,0
pay_3e82f3a3c7bc4f,not_received,electronics,258,0,25482.27,True,False,0
pay_6d786833e44f44,fraud,electronics,12,6,27170.21,False,True,0
pay_6dad6447758745,fraud,apparel,911,0,3237.86,True,False,0
pay_0b66b9d1ab234b,not_received,apparel,1183,0,2868.67,True,False,0
pay_ff4b075481b746,not_received,apparel,388,0,2260.71,True,False,0
pay_6ae4cd8914c840,not_received,electronics,568,0,27247.47,True,False,0
pay_c253199e33c349,damaged,apparel,1416,1,3499.18,True,False,0
pay_3e84d69132694f,fraud,apparel,1401,0,4202.3,True,False,0
pay_32526e2879c249,not_received,apparel,1081,0,2493.42,True,False,0
pay_88c94e91b02a4e,not_received,apparel,538,0,1587.81,True,False,0
pay_2710d04ac79640,not_received,digital_services,1102,0,4287.56,True,False,0
pay_97d2bc8d0aef49,fraud,apparel,11,5,4167.97,False,True,1
pay_60fbd9c9411e4f,damaged,electronics,136,0,28073.52,True,False,0
pay_7f8c7dd1b3864a,damaged,digital_services,1144,0,4606.04,True,False,0
pay_f8ecd65ec84047,not_received,electronics,2,4,22429.68,False,True,0
pay_919b2a953b0546,not_received,apparel,1052,0,2381.4,True,False,0
pay_38567e81c3fe4f,fraud,electronics,1057,0,18266.47,True,True,1
pay_aa358495dcc549,not_received,electronics,721,1,29723.74,True,False,0
pay_71396a84477948,not_received,electronics,854,0,24821.02,True,False,0
pay_e489ee0dc53945,not_received,electronics,1359,0,24420.24,False,False,0
pay_1737b540e87041,damaged,electronics,309,0,22809.45,True,False,0
pay_a29ca667082b43,not_received,electronics,407,0,21317.11,True,False,0
pay_9f606d74b35c4b,fraud,apparel,978,0,3741.93,True,False,0
pay_d698911372b049,not_received,apparel,814,0,2421.14,False,False,0
pay_fdb614991ccf4f,fraud,digital_services,1085,0,2888.32,True,False,0
pay_dd0bed22b9f446,fraud,digital_services,401,0,3248.21,True,False,0
pay_c96aec47bbb44b,fraud,apparel,595,0,3123.98,True,False,0
pay_8e4253d4cd8a49,not_received,digital_services,345,0,4381.54,True,True,1
pay_3d990e88a5fa46,not_received,apparel,84,0,2041.87,True,False,0
pay_f016fc98f08e49,not_received,apparel,393,0,2973.13,True,False,0
pay_f25a04df7ed149,not_received,apparel,1034,0,2333.17,True,False,0
pay_e943737798d84d,not_received,electronics,987,0,34663.3,True,False,0
pay_4c580da625f14f,fraud,apparel,984,1,2109.81,True,False,0
pay_f90d9f3c2f4b44,damaged,apparel,1001,0,1988.29,True,False,0
pay_c2c98811ca2341,fraud,electronics,931,0,29085.77,True,False,1
pay_e0fea0d1304d4b,fraud,electronics,1469,0,18408.32,True,False,0
pay_4e7b70bad4ea4e,not_received,electronics,664,0,26272.49,True,False,0
pay_a96d720dd42344,fraud,digital_services,685,0,4765.07,True,False,0
pay_1b66d10d300343,fraud,digital_services,1418,0,3954.77,True,False,0
pay_e39d435cc28b4c,not_received,electronics,724,0,19677.07,False,False,0
pay_42d2704b70cd4b,not_received,electronics,409,0,29837.18,True,False,0
pay_e11f272f455348,not_received,electronics,120,1,25733.38,True,False,0
pay_b57459cdc94740,damaged,digital_services,97,0,2770.37,False,False,0
pay_232f7bdf89854a,not_received,electronics,1209,0,28944.89,True,False,0
pay_1634d4e9690243,damaged,digital_services,76,0,3933.81,True,False,0
pay_2564d3f8a96b45,fraud,apparel,1418,0,2213.63,True,True,1
pay_e9900328ffd541,not_received,digital_services,295,0,3906.52,True,True,1
pay_79747080c2d64f,damaged,apparel,1306,0,3169.53,True,False,0
pay_2018e838ecea42,not_received,apparel,730,2,3488.25,True,False,0
pay_4b00c0900be244,not_received,apparel,1391,2,2543.41,True,False,0
pay_effa3362a9ba49,fraud,digital_services,114,0,1765.76,True,False,0
pay_d14b2dfa4be045,fraud,digital_services,856,0,4395.43,True,False,0
pay_d0673d95b05f40,not_received,apparel,887,0,3333.96,False,False,0
pay_c146edfc5df541,fraud,apparel,13,6,2821.26,False,True,1
pay_88606fa1fa8548,damaged,digital_services,1217,0,3962.1,True,False,0
pay_b8057bde287140,fraud,digital_services,6,3,3520.08,True,True,1
pay_999e315cf6814f,damaged,apparel,768,0,1761.83,True,False,0
pay_6a4f10cf3b7540,damaged,electronics,836,0,23536.47,True,False,0
pay_1e450d28184c4f,fraud,electronics,1042,1,27520.88,True,False,0
pay_4bb009cd56454e,fraud,digital_services,1090,0,3556.88,True,False,0
pay_7e856034bc9e49,damaged,electronics,1238,0,28856.79,True,False,0
pay_a8e1654d9afb4b,damaged,electronics,1330,0,27921.23,True,False,0
pay_4ee6dbc47fec48,not_received,electronics,1293,0,28129.05,True,False,0
pay_1d5938c550cd42,fraud,apparel,1150,0,2560.71,True,True,1
pay_bf0abd2bd8764e,not_received,apparel,3,4,2154.96,True,False,0
pay_1d9243ada6664d,not_received,electronics,7,6,20477.01,False,True,1
pay_86369c2c89d74e,fraud,electronics,3,2,25125.03,False,True,0
pay_f0eb21ad07eb48,not_received,apparel,5,3,1321.76,False,False,0
pay_d6c4325da8f34f,fraud,digital_services,1139,1,2250.45,True,True,1
pay_79c8333f216d45,fraud,electronics,148,0,22350.09,True,False,0
pay_f25b33628a8d48,fraud,electronics,1110,0,20824.91,True,False,0
pay_cd71558b720d4b,fraud,apparel,675,0,3164.04,False,False,0
pay_8943b0d89dbc48,fraud,digital_services,376,0,1668.16,False,False,0
pay_e9c87707dc4a43,not_received,apparel,1140,0,4401.29,True,False,0
pay_122789ee1a8f4c,fraud,apparel,123,0,4034.79,True,False,0
pay_df32642850ad46,fraud,digital_services,1248,0,3730.22,True,False,0
pay_9ab38a4804eb4a,fraud,electronics,369,0,24303.76,True,False,0
pay_dd4dc539e8284e,damaged,electronics,656,0,20003.23,True,False,0
pay_dc642c0a242548,not_received,apparel,1458,0,5031.06,True,False,0
pay_c75743179ba647,not_received,digital_services,1452,0,4068.35,True,False,0
pay_f99c390dcdad47,not_received,apparel,974,0,1866.07,True,False,0
pay_5c1b8230ce2643,damaged,digital_services,1428,1,4565.13,True,False,0
pay_6db6f4ba440e42,fraud,apparel,1231,0,3236.96,True,True,1
pay_6563602cd80a45,not_received,apparel,1484,2,3538.22,True,False,0
pay_bbf4409130cd47,not_received,electronics,8,3,25493.06,False,False,0
pay_905325a6ad9148,not_received,electronics,582,0,14753.4,True,False,0
pay_9f86663af73445,fraud,apparel,1137,0,3334.96,False,False,0
pay_5f8b1f5f2d1a42,not_received,electronics,307,0,21577.69,True,False,0
pay_235b56c0533d42,fraud,electronics,536,0,20045.88,True,False,0
pay_e680ba16e2974b,not_received,digital_services,404,0,4223.17,True,False,0
pay_e0932020d7c54b,not_received,digital_services,377,0,4800.57,True,False,0
pay_1c01d5f3ff854a,fraud,electronics,278,0,22975.67,True,False,0
pay_46f375a3d72749,damaged,apparel,632,1,2852.87,True,False,0
pay_748a1c06e40640,fraud,electronics,490,0,12208.78,True,False,0
pay_83fbcb43e20443,damaged,electronics,987,0,26245.75,True,False,0
pay_839df6d7673d47,not_received,apparel,747,0,3013.61,True,False,0
pay_da1d440acb8f4c,fraud,apparel,679,1,2176.66,True,False,0
pay_43f0cc367ee940,fraud,electronics,999,0,22833.12,True,False,0
pay_55456ab7ac054d,damaged,electronics,10,4,23423.04,False,True,1
pay_b5281189cb9b4d,fraud,electronics,176,0,29740.98,False,False,0
pay_5a4f8b6543214e,fraud,digital_services,5,4,3434.34,False,False,0
pay_265fbcb4792b41,fraud,apparel,1286,0,1331.75,True,False,0
pay_e076bdeb377e4a,not_received,apparel,584,1,2952.42,True,False,0
pay_43a834245a9e4d,not_received,electronics,350,0,22150.2,False,False,0
pay_696c24fc807e4b,fraud,apparel,824,1,3936.17,True,False,0
pay_992b17069a4040,fraud,apparel,677,0,3939.45,True,False,0
pay_c9b54ba0580243,fraud,digital_services,1491,0,1824.0,True,False,0
pay_70e479c1016e4c,fraud,electronics,57,0,19301.73,True,False,0
pay_d2f637010cfb48,not_received,digital_services,585,0,5517.8,True,False,0
pay_1bbd1e50b83749,not_received,apparel,504,0,1539.29,True,False,0
pay_41a72b03d3a447,fraud,electronics,437,0,21973.86,True,False,0
pay_a1618419b52244,fraud,electronics,1246,1,27410.71,True,False,0
pay_37c2c54532c849,fraud,apparel,1417,0,3086.44,True,False,0
pay_9843186afe694d,damaged,digital_services,293,0,3897.51,True,False,0
pay_e95a3a4a968e4c,damaged,apparel,522,0,2398.59,True,False,0
pay_a38cbe8054a946,damaged,apparel,669,0,3310.71,False,False,0
pay_f12c09e80ddb4b,fraud,electronics,31,0,20545.39,True,False,0
pay_248ec1eac7084a,fraud,electronics,6,6,34143.21,False,True,1
pay_32b2f5088c2849,fraud,apparel,175,1,2347.13,True,False,0
pay_9015191d1e4e48,fraud,apparel,492,0,4169.08,True,False,0
pay_f4ed24a7cd7e40,not_received,apparel,9,5,3250.18,False,True,1
pay_cef687c8ccc249,not_received,electronics,1242,0,23894.31,True,False,0
pay_fa448a4eaa0448,damaged,electronics,453,0,20474.57,True,False,0
pay_79bc9e2a44614e,damaged,electronics,33,0,20373.7,True,False,0
pay_e838479ad5b64f,fraud,digital_services,1373,0,3169.02,False,False,0
pay_b5c1e197840c44,not_received,apparel,196,0,3257.72,True,False,0
pay_9cf53762119342,fraud,electronics,748,0,25467.71,False,True,0
pay_8822be2d945d49,fraud,electronics,9,2,28851.09,False,True,0
pay_a548ca110a514f,not_received,electronics,295,0,25171.53,True,False,0
pay_2b22fecb35cd4b,fraud,apparel,1431,0,3083.26,False,False,0
pay_27ab3407885949,not_received,apparel,5,2,3581.14,False,True,0
pay_7b1894a704d74f,fraud,digital_services,1,6,1480.61,False,True,0
pay_68d3021e114e4a,not_received,apparel,447,0,1194.41,True,False,0
pay_6d29f8fd12b240,not_received,electronics,760,0,27111.55,True,False,0
pay_4588e23ddb4c40,fraud,apparel,527,0,2555.72,True,False,0
pay_3384f07de3f147,damaged,apparel,5,2,2302.55,False,False,0
pay_579089cb8e5c4c,fraud,electronics,1168,0,27313.37,True,False,0
pay_26f662dd858c43,not_received,digital_services,1063,0,4134.92,True,False,0
pay_6622f47b05f84f,not_received,digital_services,1429,0,2570.73,True,False,0
pay_41c84f5f242c41,not_received,apparel,234,0,3246.65,True,False,0
pay_2344040012d840,damaged,apparel,11,5,2343.73,False,True,1
pay_1bcf1904a9ef41,fraud,apparel,905,0,1968.17,True,False,0
pay_47b5df88fb4f41,not_received,apparel,834,0,3185.98,True,False,0
pay_1b8cb9bde68549,not_received,electronics,398,2,17915.66,True,False,0
pay_9bb8e28d040741,damaged,electronics,731,0,19313.9,False,False,0
pay_02b439fc50c243,fraud,electronics,5,2,25079.21,False,True,0
pay_0c1ca56f6f0641,not_received,apparel,1426,0,2636.38,True,False,0
pay_a3905c47078d42,not_received,apparel,1120,0,2768.53,True,False,0
pay_56e7d8db1b0b4d,fraud,apparel,1057,0,3551.45,True,False,0
pay_3d30516aab4d48,not_received,apparel,1082,0,2985.52,True,False,0
pay_aeb6bbc958be43,fraud,electronics,7,2,25069.13,False,False,0
pay_6f387adfa3704e,not_received,apparel,473,0,4189.7,True,False,0
pay_475fcfa7c41344,damaged,apparel,51,0,1962.18,True,False,1
pay_fd8453848cc543,not_received,electronics,10,4,21788.65,False,True,0
pay_bedc87658dcb48,not_received,electronics,201,0,24270.48,True,False,0
pay_397de772500a48,not_received,digital_services,665,1,2772.15,False,False,0
pay_6684df70410743,fraud,apparel,960,0,2469.44,True,False,0
pay_78592259fb9146,fraud,electronics,425,0,25256.55,True,False,0
pay_fa646ec9119d4d,not_received,digital_services,1414,0,2308.8,True,False,0
pay_1d627137484941,fraud,apparel,887,0,4041.05,False,False,0
pay_9f6bf6fe80ee41,fraud,electronics,1270,0,27701.31,True,False,0
pay_984ff9e74e3943,not_received,electronics,4,4,37094.61,False,True,0
pay_6eda9e21d6844d,fraud,electronics,1155,0,17890.99,True,False,0
pay_441732ac878744,fraud,apparel,1245,0,1012.58,True,False,0
pay_25b240d4f3f940,not_received,apparel,984,0,4087.45,True,False,0
pay_8b581830a74a43,fraud,electronics,989,0,22215.87,True,False,0
pay_ae46fdaa4c5f4e,damaged,apparel,1408,0,5771.92,True,True,1
pay_e6995e19883849,damaged,electronics,205,0,20518.19,True,False,0
pay_dbbced2621d045,not_received,electronics,850,0,16539.93,False,False,0
pay_89b72bd5cb134f,fraud,apparel,1213,0,4537.32,True,False,0
pay_ca87b0bbdad440,not_received,electronics,8,6,25696.59,False,True,1
pay_513214443c1748,damaged,apparel,390,0,2072.5,True,False,0
pay_2b491fe10b6d4b,not_received,digital_services,864,0,3472.68,True,False,0
pay_a989d4cd967645,fraud,electronics,635,0,17059.63,True,False,0
pay_9de8f4da7b424d,not_received,electronics,777,0,22754.24,False,False,0
pay_47e82bf6dd5c46,damaged,electronics,1216,0,30184.93,True,False,0
pay_aa210d9174cf49,not_received,apparel,855,0,2269.54,True,False,0
pay_b917a5c9af6b4f,not_received,apparel,1275,0,2988.04,True,False,0
pay_c4173160527d42,not_received,apparel,158,0,3285.59,True,False,0
pay_8e056a1f7fd942,not_received,apparel,550,2,2869.83,True,False,0
pay_c1c1d73c781b40,fraud,electronics,407,0,25852.59,True,False,0
pay_b58089595dc04f,not_received,electronics,334,1,26312.3,False,False,0
pay_9ade287c91b44c,fraud,electronics,1377,0,34126.57,True,False,0
pay_13cf622f0f2349,not_received,apparel,459,0,3158.01,True,False,0
pay_ab5609c8e73447,fraud,electronics,753,0,22440.56,True,False,1
pay_c9d9dc5bf1e94c,not_received,apparel,13,6,5202.86,False,False,0
pay_32a4d1312e624e,fraud,apparel,393,0,2994.73,True,False,0
pay_06d97717696b47,not_received,electronics,362,0,24036.67,True,False,0
pay_22f80e86241d41,not_received,apparel,110,2,3937.07,True,False,0
pay_7d5d7492753949,fraud,digital_services,2,4,1127.46,False,True,0
pay_a7080ce3eacd45,fraud,electronics,1476,1,23082.96,True,False,0
pay_8d546f7c872a4c,fraud,electronics,7,2,19713.13,False,True,0
pay_44d8354edbd14d,damaged,apparel,1301,0,2070.65,True,False,0
pay_837ae4fb391c45,not_received,apparel,2,5,4044.75,False,True,0
pay_1a53d08a2b214f,not_received,electronics,1018,2,25860.13,True,False,0
pay_5a5d9f67a8ba4b,fraud,digital_services,485,0,4244.79,True,False,0
pay_37ea717804b141,not_received,apparel,1107,2,2986.3,True,False,0
pay_55c6676353084a,damaged,digital_services,5,4,4966.9,False,False,0
pay_e94c5665217645,damaged,electronics,4,5,18964.04,False,True,1
pay_ff62d3682e3447,not_received,digital_services,974,1,3471.94,True,True,1
pay_ba413fd7e2df46,fraud,electronics,542,0,23910.42,True,False,0
pay_fc64428cfe9243,fraud,electronics,61,0,26933.03,True,False,0
pay_bace76584d154b,fraud,digital_services,8,3,2825.69,False,True,0
pay_54e19604b20649,fraud,electronics,1337,0,25807.7,False,False,0
pay_1cf7569f7f2b48,fraud,digital_services,1477,0,1251.45,True,False,0
pay_ae2c285e0c444a,fraud,apparel,1208,0,2911.5,False,False,0
pay_88511dfcc1c34d,fraud,digital_services,1433,0,2111.87,True,False,0
pay_06d4e22419bc4c,damaged,apparel,1324,0,2163.98,True,False,0
pay_b529a0a80d1c4e,not_received,apparel,730,0,3334.66,True,False,0
pay_859077b148ff48,damaged,electronics,786,1,16515.68,True,False,0
pay_8fdef2e6e04246,not_received,apparel,475,0,1994.43,True,False,0
pay_654263b12e7449,fraud,apparel,158,0,3771.38,True,False,0
pay_8716555e60934a,not_received,apparel,1044,0,4394.44,True,False,0
pay_d031f9cec96b4d,fraud,electronics,263,0,26902.27,True,False,0
pay_178b1f03cd314d,not_received,apparel,1185,0,5539.43,True,False,0
pay_9e2168b53bff40,fraud,apparel,964,0,2622.35,True,False,0
pay_a5d2a41b95bd44,damaged,electronics,188,0,17477.91,True,False,0
pay_582198cf16304e,fraud,apparel,592,0,1706.0,True,False,0
pay_a4e2186781114b,fraud,digital_services,6,2,2366.13,False,True,0
pay_80c3572b8a754d,damaged,electronics,1009,0,33657.49,True,False,0
pay_09a0dd00328f47,fraud,apparel,732,0,4277.19,True,True,1
pay_1974a1e3f1014c,not_received,digital_services,1141,0,2970.21,True,False,0
pay_29c7f23042af40,not_received,electronics,494,2,29668.02,True,False,0
pay_e8f16681f34e46,damaged,apparel,187,1,3294.59,True,False,0
pay_0b7921df3ae44a,damaged,apparel,1412,0,2565.8,False,False,0
pay_9c28c0bc992848,damaged,apparel,1444,0,4536.52,True,False,0
pay_22d633e5805240,fraud,apparel,723,2,4512.17,True,False,0
pay_458d083ed0d54e,damaged,apparel,344,0,3558.02,True,False,0
pay_d60f481b3ac742,not_received,electronics,135,0,22341.11,True,False,0
pay_50148d1ba1e24e,not_received,apparel,993,2,2766.72,True,False,0
pay_98c7027630c14a,fraud,apparel,95,2,3800.72,True,False,0
pay_f2042a6c2e074c,not_received,electronics,391,0,28180.29,True,False,0
pay_46f92075205e43,damaged,electronics,1466,0,22126.07,True,False,0
pay_d3db2c37f26c41,damaged,digital_services,600,0,3540.75,True,False,0
pay_8b08966a0f1a46,not_received,apparel,191,0,2852.5,True,False,0
pay_2d3e1dc482014c,fraud,apparel,1490,0,3825.86,False,False,0
pay_fbfd177acd4b4a,fraud,digital_services,110,0,2380.29,True,False,0
pay_8f4acf3122434a,damaged,apparel,197,0,1525.29,True,False,0
pay_dbcc75b69e1e40,not_received,digital_services,1239,0,2597.74,True,False,0
pay_2308e8a401ff43,not_received,digital_services,698,0,5589.99,False,False,0
pay_133d3739c1694c,fraud,apparel,1309,0,4101.32,True,False,0
pay_877632c7d5424a,not_received,apparel,1,6,2746.18,False,True,1
pay_00b81d0ea0a045,not_received,apparel,8,6,3228.01,False,False,0
pay_872d331f4cf445,damaged,digital_services,10,3,3480.82,False,False,0
pay_278d5f8c0f3549,not_received,apparel,2,2,2921.32,False,True,0
pay_583a19049b7e43,fraud,electronics,6,3,18382.19,False,True,1
pay_3a3e93e68b7744,not_received,electronics,7,2,23404.65,False,True,0
pay_ad354037078946,fraud,electronics,548,0,40219.35,True,False,0
pay_ee442edd254947,damaged,digital_services,1155,0,3162.68,False,False,0
pay_ef956177762b42,fraud,digital_services,1123,0,3019.98,False,False,0
pay_ec5402ce811346,not_received,apparel,895,0,2443.5,True,False,1
pay_ea3f51ebab524e,fraud,apparel,1,2,4288.14,False,True,0
pay_df7ede8c41c148,not_received,digital_services,507,0,4281.01,True,False,0
pay_dd41157d8ef746,not_received,electronics,12,6,23621.22,False,True,1
pay_14fc9b481cd643,not_received,electronics,13,6,21828.45,False,True,0
pay_48bf447917fb48,fraud,apparel,1351,0,2450.95,True,False,0
pay_df8fbb969f3d4a,fraud,digital_services,573,0,1789.71,True,False,0
pay_114129e6835346,fraud,apparel,1341,0,1403.53,True,False,0
pay_438ccee2e92d4f,not_received,electronics,291,0,19816.22,True,False,0
pay_d730b24fad7f4b,fraud,electronics,2,2,23758.76,False,True,1
pay_66004616548c44,not_received,apparel,1438,0,1659.56,True,False,0
pay_e3351611fd0a44,damaged,digital_services,376,0,4172.68,True,False,0
pay_eaa49459d54e4e,damaged,apparel,997,0,4994.21,True,False,0
pay_d2ec4450bcc84b,not_received,apparel,1386,0,3070.24,True,False,0
pay_600b994501a045,not_received,electronics,706,0,25782.09,True,False,0
pay_69c4dc9a97f747,fraud,digital_services,1218,0,2570.67,True,False,0
pay_e1b4f9a86c8744,not_received,electronics,1168,0,15670.21,True,False,0
pay_87e83a6beec54a,damaged,electronics,775,0,23315.7,True,False,0
pay_937c00b725a64a,fraud,digital_services,7,4,3516.44,False,True,0
pay_200d779d795048,not_received,digital_services,454,0,3856.92,False,False,0
pay_284b6a20d19d48,damaged,apparel,645,0,4936.81,True,False,0
pay_1a38b117cc3c48,damaged,apparel,1,4,2392.47,False,True,1
pay_131d0a2f942445,fraud,electronics,199,0,21840.33,True,False,0
pay_861d56707d1c44,not_received,electronics,89,0,26748.8,True,False,0
pay_baca95b3366047,fraud,electronics,629,0,23344.11,True,False,0
pay_86b02a21b7964a,fraud,apparel,1184,0,3262.79,True,False,0
pay_a52cd56170b64c,damaged,electronics,42,1,23077.92,True,False,0
pay_12658aa785b04e,damaged,digital_services,6,2,2694.71,False,True,1
pay_8128bba580c145,not_received,electronics,9,2,24752.18,False,True,0
pay_23699990c58647,fraud,apparel,13,6,4046.94,False,True,1
pay_8667d049a0c048,damaged,apparel,478,0,914.8,False,False,0
pay_48992e96c57047,not_received,apparel,255,0,2900.5,False,False,0
pay_67e9670044154f,fraud,electronics,3,6,19629.52,False,True,1
pay_16800a04804749,not_received,digital_services,4,2,4659.92,False,True,0
pay_205057fcdafc4d,fraud,apparel,946,0,1874.55,True,False,0
pay_13915c69335544,not_received,apparel,242,0,3348.65,True,False,0
pay_6ef6d96d6af044,not_received,apparel,979,0,2569.5,True,False,0
pay_78e1bf6ac49a40,fraud,electronics,1452,0,31055.39,True,False,0
pay_8ab6f61b21b54b,fraud,apparel,428,0,2480.08,True,False,0
pay_5a33d47a230c4a,fraud,apparel,1418,0,3828.0,True,False,0
pay_8e8452b3a60746,fraud,digital_services,1420,0,2373.24,True,False,0
pay_c68263d54a7240,not_received,digital_services,1318,0,3556.85,False,False,0
pay_13482fc7186846,damaged,electronics,105,0,26354.47,True,False,0
pay_69036f6cda1645,fraud,electronics,612,0,27406.08,True,False,0
pay_2764b25d437e44,fraud,electronics,629,1,25709.17,True,False,0
pay_de90205398ee4a,not_received,digital_services,934,2,3617.45,False,False,0
pay_9a0bea7c73a94f,damaged,electronics,1021,0,19194.54,True,False,0
pay_74e429e080e541,fraud,apparel,9,5,5241.75,False,True,0
pay_e8790612c1b348,fraud,apparel,1365,0,2527.52,False,False,0
pay_456efa222a244c,not_received,apparel,914,0,2611.07,True,False,0
pay_b485b4a0f4bf4d,fraud,electronics,1304,0,35148.24,True,False,0
pay_8ded4f22d8d542,fraud,electronics,1365,2,23031.28,True,False,0
pay_b57d3fbdd44149,not_received,apparel,530,1,3751.55,True,False,0
pay_8baa9a4ee9ad4b,not_received,electronics,128,2,25374.21,True,False,0
pay_a9f3c92c9c4646,not_received,electronics,8,3,17892.31,False,True,1
pay_b6b28ac61bc945,not_received,electronics,1251,0,27138.56,True,False,0
pay_0f6058a3984346,not_received,apparel,13,6,4155.83,False,True,1
pay_cbc772ca528948,fraud,electronics,868,1,23779.37,True,False,1
pay_6e52280b327f43,fraud,electronics,1320,0,18971.66,True,False,0
pay_4600997f684e4e,fraud,electronics,1440,0,22424.95,True,False,0
pay_91d461d0242440,fraud,electronics,1215,0,23443.89,True,False,0
pay_3f6c61ae16fb4b,not_received,apparel,11,5,5342.4,False,True,1
pay_c7ec7b738e0c40,damaged,electronics,882,0,22354.73,True,False,0
pay_158be8ac2fec46,damaged,apparel,506,0,5331.41,True,False,0
pay_59080624fd6b4b,not_received,electronics,676,0,18161.01,True,False,0
pay_5547f57ca97f40,fraud,digital_services,1448,0,2886.51,True,False,0
pay_991f4fdd61de4a,fraud,electronics,1306,1,25548.67,True,False,0
pay_7e012de8a0854c,damaged,digital_services,725,0,4264.26,True,False,0
pay_b8cc40813c2345,not_received,digital_services,644,0,3974.5,True,False,0
pay_b9858d152e494c,not_received,apparel,12,6,3797.67,False,True,1
pay_f88071701ea043,not_received,digital_services,1493,0,2282.64,True,False,0
pay_2a16899d277b4c,not_received,electronics,925,0,21030.45,True,True,1
pay_d778ee48834a47,damaged,electronics,1214,0,26513.88,True,True,1
pay_58d5bc45729b44,fraud,electronics,3,2,19751.24,False,True,0
pay_85492a9aac8243,not_received,electronics,7,4,26109.67,True,True,1
pay_014c79f7542a4d,damaged,electronics,1169,0,24814.19,False,False,0
pay_5e0c89d0a55a42,fraud,apparel,541,0,1947.35,True,False,0
pay_3fdc79ba8cf44f,not_received,electronics,86,0,24841.53,False,False,0
pay_88bf7703893044,fraud,electronics,849,2,31931.18,True,False,0
pay_d0397226f12a42,damaged,electronics,256,0,24148.03,True,False,0
pay_235413eef04b4e,fraud,apparel,174,0,2744.68,True,False,0
pay_2dbc0451632046,not_received,digital_services,8,5,3013.0,False,False,0
pay_22674276170547,fraud,apparel,71,0,4155.72,True,False,1
pay_062b3d2109ac44,not_received,apparel,10,4,2810.04,False,True,1
pay_7b12fe617fd74f,fraud,electronics,1485,0,23553.43,False,False,0
pay_879ccea2a79f43,fraud,apparel,174,0,2381.27,False,False,0
pay_7cf6955dee284b,not_received,electronics,383,0,38400.22,False,False,0
pay_c0018523290242,damaged,digital_services,2,6,3605.5,False,False,0
pay_a9abcd4d22ef46,fraud,apparel,1253,1,2718.52,True,False,0
pay_f29887a7cd0345,fraud,electronics,7,2,25123.96,False,True,0
pay_e4325a6561e34f,not_received,digital_services,1118,0,3074.31,True,False,0
pay_fbc1b6a0c7a94c,not_received,digital_services,1181,0,3955.14,True,True,1
pay_f1ce8ae4fc5246,damaged,apparel,261,0,2749.02,True,False,0
pay_7ba964b366054b,fraud,electronics,454,0,29762.14,True,False,0
pay_ef5188ead52244,not_received,apparel,913,0,3414.4,False,False,0
pay_c41c7f44534e48,fraud,electronics,941,0,28801.3,False,False,0
pay_6b3eaa986d7d4f,fraud,electronics,271,0,24629.98,True,True,1
pay_508ad3cc753941,not_received,electronics,1247,0,16865.81,True,False,0
pay_60ee69dae9584c,not_received,apparel,273,0,3994.27,False,False,0
pay_2d30fc5d36604b,not_received,apparel,741,2,1887.59,True,False,0
pay_f1229db871a242,fraud,electronics,919,0,29497.4,True,False,0
pay_a0f3d768bbbd48,not_received,digital_services,1237,1,1547.05,True,False,0
pay_4da48d9d7de549,not_received,electronics,7,5,21046.74,False,True,1
pay_95333de8094f45,damaged,electronics,1071,0,20059.95,True,False,0
pay_f28a291c82d54b,fraud,apparel,348,0,3339.83,True,False,0
pay_98391a445dbe47,fraud,digital_services,5,3,2187.47,False,False,0
pay_51bf7250e12b43,fraud,digital_services,1,5,3612.08,False,True,1
pay_c8ae105c5f494f,not_received,apparel,951,0,2904.3,True,True,1
pay_41eaf68e48cd40,fraud,electronics,1459,0,20452.64,True,False,0
pay_ace19aad3c974b,damaged,digital_services,798,0,2542.03,True,False,0
pay_3c566dafe9364a,fraud,digital_services,253,0,3649.71,True,False,0
pay_403ce2be169640,damaged,electronics,1483,0,23748.13,True,False,0
pay_a0065222cf3343,fraud,apparel,568,0,4289.2,True,False,0
pay_5543f26901ff43,not_received,apparel,713,0,2835.01,False,True,1
pay_51be252f2b2e4e,damaged,apparel,1051,0,5278.13,True,False,0
pay_c96aae085a424a,fraud,digital_services,112,0,2939.21,True,False,0
pay_50fa609765ec4b,damaged,electronics,6,5,25234.68,False,True,1
pay_933bf249ea7e4b,not_received,apparel,1178,0,4265.48,True,False,0
pay_7592bf3bcf8345,damaged,electronics,723,0,30668.32,True,False,0
pay_ab3b084e4a8846,not_received,apparel,182,0,4352.89,True,False,0
pay_6620db8ecc6a4a,fraud,apparel,35,0,4303.0,True,False,0
pay_17089ce1f7e74e,fraud,electronics,1485,2,30072.59,True,False,0
pay_87128b3da83044,fraud,electronics,796,0,30261.76,True,False,0
pay_4b92c7d1985741,fraud,digital_services,281,0,2904.7,True,False,0
pay_0c54194e637049,fraud,apparel,122,1,3493.15,True,False,0
pay_6e881a904cb74a,fraud,apparel,89,0,635.86,True,False,0
pay_9f7fe2efed1749,not_received,electronics,1499,0,25247.83,True,False,0
pay_68942aaff0284e,not_received,apparel,489,0,3887.26,True,False,0
pay_a9fe8448df9b4e,fraud,apparel,984,0,2866.43,True,False,0
pay_ee32b618f4004b,fraud,digital_services,323,0,2179.99,True,False,0
pay_a772466832384e,not_received,electronics,1452,1,26162.14,False,False,0
pay_90ca9dfa32d844,fraud,apparel,1212,0,2216.57,True,False,0
pay_216d3dc7845b43,fraud,electronics,1167,0,19167.57,False,False,0
pay_0fe7fd0bd9f04e,fraud,electronics,7,6,26620.44,False,False,0
pay_49472d6ac41f4c,damaged,apparel,1457,0,5422.91,True,False,0
pay_4598acb02a254a,damaged,electronics,1466,0,25296.58,True,False,0
pay_5a0f9e22466844,fraud,electronics,872,1,33886.35,True,False,0
pay_f4846de30dac40,not_received,apparel,8,6,1949.71,False,True,1
pay_5d62050890eb43,not_received,apparel,486,0,3987.6,True,False,1
pay_755c33bf91504e,not_received,apparel,685,0,3174.81,True,False,0
pay_2f705a26287149,not_received,apparel,3,3,2060.21,False,True,0
pay_7c536886342a48,not_received,apparel,1328,2,3620.77,True,False,0
pay_5f318c35e8e343,fraud,electronics,591,0,25873.69,True,False,0
pay_dc353c39d21040,fraud,electronics,1205,0,25868.1,True,False,0
pay_04f54a2fc06341,not_received,apparel,1422,0,2488.84,False,False,0
pay_b5616fbecc434c,damaged,electronics,829,0,19212.4,True,False,0
pay_6ce9655b1b6241,not_received,digital_services,662,0,2627.7,True,False,0
pay_ca0786d86b604e,damaged,apparel,170,0,3399.54,True,False,0
pay_c5635f55c19a49,damaged,electronics,116,0,16342.24,True,False,0
pay_365dfe9472da4c,fraud,apparel,297,0,2540.52,True,False,0
pay_2216fad5fb6841,not_received,digital_services,1027,0,3598.66,True,False,0
pay_1fee6979ef8142,not_received,electronics,309,0,29054.81,True,False,0
pay_6b20328dccf84e,damaged,electronics,238,0,22054.33,True,False,0
pay_b46a08f98e954e,damaged,digital_services,556,0,4405.34,True,False,0
pay_5bd6e8e1481942,not_received,electronics,8,2,21905.98,False,False,0
pay_402fa9b15ac744,fraud,electronics,7,2,23522.76,False,False,0
pay_03cdab5bb89f41,not_received,electronics,629,1,25535.38,True,False,0
pay_a5c9ad15c91e41,fraud,apparel,381,0,4320.27,True,False,0
pay_fa858331a89342,not_received,apparel,1248,0,3762.83,True,False,0
pay_5f3623914ec049,damaged,apparel,538,0,2695.23,True,True,1
pay_5b92cc2414f346,fraud,digital_services,401,0,3206.96,True,False,1
pay_bbe86d311f1e47,not_received,apparel,714,0,2550.23,True,False,0
pay_331b8248e56843,not_received,digital_services,990,0,3317.63,True,False,0
pay_052838b8561541,not_received,apparel,1073,0,4267.09,False,False,0
pay_f7594af3594f4f,fraud,electronics,1330,0,16915.25,True,False,0
pay_b7a4999f678d4f,not_received,digital_services,1449,0,2974.85,True,False,0
pay_f356fc0c9c0e4a,damaged,electronics,789,0,27817.97,False,False,0
pay_dc1e2fe2cc0c4a,damaged,apparel,129,0,2830.45,True,False,0
pay_3eaab589f14248,fraud,electronics,393,0,19446.06,True,False,0
pay_fa99f5389ce944,damaged,apparel,2,2,2933.11,False,True,1
pay_e7e7d3de87694b,not_received,digital_services,2,6,1519.39,False,True,0
pay_e2e4cd32bb044e,fraud,electronics,10,5,19799.72,False,True,1
pay_4465cfb2253940,fraud,electronics,7,5,18763.04,False,True,0
pay_742c1ddf086848,fraud,electronics,1474,0,27257.51,True,False,0
pay_963d061c408f44,damaged,apparel,1319,0,4785.36,True,False,0
pay_5037bbb7af254c,not_received,electronics,9,5,22746.1,False,True,0
pay_f57ed9b5c4a94d,not_received,apparel,7,4,2219.51,False,True,0
pay_4976eeb454584c,fraud,electronics,922,0,17545.09,True,False,0
pay_5a82830702aa4f,not_received,electronics,1309,0,28692.3,True,False,0
pay_27fe9779e27f4b,fraud,apparel,443,0,3100.58,False,False,0
pay_221c62c5798e40,fraud,apparel,1323,0,1586.34,True,False,0
pay_d6f2863b53d249,not_received,electronics,34,0,25248.0,True,False,0
pay_b4464cffeb1e41,fraud,apparel,1386,1,3533.15,True,False,0
pay_d85c7ae185d44c,damaged,digital_services,343,2,3314.68,True,False,1
pay_6744457d77794f,fraud,electronics,682,0,32189.41,True,False,0
pay_5cb6d46adfa542,not_received,electronics,1402,0,21575.33,True,False,0
pay_983429bac74b4c,not_received,apparel,132,1,3174.7,True,False,0
pay_b0a5dede029e41,not_received,electronics,933,0,30199.02,True,False,0
pay_8761fb57c1044a,fraud,electronics,11,5,27797.67,False,True,0
pay_2c7416e3c21945,fraud,apparel,1229,0,3248.92,False,False,0
pay_566a995063e445,damaged,electronics,32,1,30551.66,True,False,0
pay_06db95a7299742,fraud,electronics,1162,2,25165.3,True,False,0
pay_d0a8c7112d9e48,damaged,digital_services,11,4,2237.78,False,False,0
pay_f093d01bca3449,damaged,electronics,1104,0,29741.49,True,False,0
pay_6adde3c3c05c40,fraud,digital_services,598,1,3876.82,True,False,0
pay_67fd205c617048,fraud,electronics,1095,0,21337.83,True,False,0
pay_43fd83bd8e2b47,not_received,digital_services,58,0,2226.38,True,False,1
pay_52aa4d3f0b8342,damaged,apparel,115,0,3641.82,False,False,0
pay_fff6f5b890c04c,damaged,electronics,390,0,24567.93,True,False,0
pay_42441f78fd7548,not_received,apparel,1032,0,2209.55,True,False,0
pay_4c32178e182b4a,not_received,digital_services,1279,2,2265.33,True,False,0
pay_864e12a47ad34c,fraud,electronics,724,0,27698.69,True,False,0
pay_4ce8d1ea912440,damaged,apparel,227,1,3809.78,True,False,0
pay_dffdd8ff54df4f,damaged,apparel,760,0,2658.79,True,False,0
pay_8218bf1082d141,fraud,apparel,462,0,2524.64,True,False,0
pay_13462fc4f97b4f,fraud,apparel,6,6,1688.93,False,True,1
pay_971b1386edf34e,fraud,electronics,113,0,25911.21,True,False,0
pay_da723b62066642,fraud,electronics,7,3,33353.59,False,True,0
pay_7105a0d62fdb4e,damaged,apparel,416,0,2039.94,True,False,0
pay_7b636de319a749,fraud,digital_services,110,0,3763.05,True,False,1
pay_f80e87cb3d4149,fraud,electronics,225,0,18903.79,True,False,0
pay_06864aa7bb1f4b,fraud,apparel,839,0,2883.32,True,False,0
pay_5c77bf2d778345,damaged,electronics,10,4,34634.62,False,True,1
pay_4f40c8379b6d45,not_received,apparel,926,0,3538.73,True,False,0
pay_86400130a03a4c,not_received,apparel,8,4,2034.37,False,True,1
pay_c84d72e4f9a84e,fraud,apparel,262,1,1893.55,True,False,0
pay_28886cf07aed46,damaged,digital_services,96,0,2718.87,True,False,0
pay_36638e49065440,damaged,electronics,3,6,22630.74,False,True,1
pay_d7a5ef39010048,fraud,electronics,1415,0,20413.65,True,False,0
pay_1d9ac3ec286f45,fraud,digital_services,1112,0,1689.41,True,False,0
pay_6b5273829b9a40,fraud,electronics,414,0,27904.2,True,True,1
pay_bb8c70f2596847,fraud,apparel,299,0,3965.33,True,True,1
pay_e9b794f4cc6e41,not_received,apparel,1,4,4117.37,False,True,1
pay_8a6aa191c40e49,damaged,apparel,1435,0,1881.46,True,False,0
pay_638275833a4d45,not_received,electronics,1050,0,21258.28,True,False,0
pay_7500a55260004f,damaged,electronics,581,0,21397.75,True,False,0
pay_804c827487ae4e,not_received,apparel,1031,1,5321.32,False,False,0
pay_c94bd42be99940,not_received,electronics,866,0,29402.85,False,False,0
pay_88164132817545,not_received,apparel,438,0,3469.53,False,False,0
pay_c42f6668067349,fraud,apparel,733,0,2020.18,True,False,0
pay_7a641a2ce1f94c,fraud,electronics,12,3,20443.78,False,True,1
pay_7a9933544fdb41,not_received,electronics,290,0,25008.18,False,False,0
pay_d89ee0f9eaf041,fraud,digital_services,1156,0,3646.57,True,False,1
pay_3490c72d4dcd48,fraud,apparel,1,6,3850.66,False,False,0
pay_2a19efefc4c241,not_received,apparel,301,0,3461.63,True,False,0
pay_f30487988e6047,damaged,digital_services,802,0,2516.36,True,False,0
pay_b477d530c4b543,not_received,apparel,261,0,2039.82,False,False,0
pay_ff734e96a08045,damaged,digital_services,149,0,4034.87,True,False,0
pay_5a4686ce6b4941,not_received,electronics,909,0,24266.43,False,False,0
pay_0ce578b8b8634a,not_received,digital_services,13,3,4182.19,False,True,1
pay_1f74b7a4b24a41,not_received,electronics,1071,1,28841.08,True,False,0
pay_989c639219ef4e,damaged,digital_services,584,0,1541.4,True,False,0
pay_6dee0344586e4b,not_received,digital_services,772,1,607.57,True,False,0
pay_37c0321ce83c4b,not_received,electronics,5,4,25009.62,False,True,1
pay_023656a717914a,not_received,apparel,1,3,2178.13,False,False,0
pay_edb14e08279040,not_received,apparel,197,0,2816.04,True,False,0
pay_b0355adf2f8848,fraud,electronics,1,5,12134.05,False,False,0
pay_ab3d020e642e44,fraud,apparel,448,0,3250.98,True,False,0
pay_c267545ef2b347,fraud,electronics,1494,0,28376.03,True,True,1
pay_7809e30206b04e,damaged,digital_services,57,0,3926.92,False,False,0
pay_de5443a87e5143,fraud,electronics,1499,0,24281.14,True,False,0
pay_fd7dbee7e68a43,fraud,apparel,128,0,3188.47,True,False,0
pay_1ea42d715f914a,not_received,electronics,1140,0,26844.1,True,False,0
pay_180c17f9fb3d4b,fraud,electronics,556,1,16147.06,True,False,0
pay_4b581386068c4f,not_received,apparel,7,4,4525.96,True,False,0
pay_5f39bd0982ad4f,fraud,apparel,1068,0,3978.7,True,False,0
pay_e4f6c3c7862247,damaged,electronics,222,0,23201.34,True,False,0
pay_b0e30ac41a2740,damaged,digital_services,9,5,2790.03,False,True,1
pay_ac30377de70e49,damaged,electronics,87,0,30464.73,True,False,0
pay_31d95a6151a645,not_received,apparel,13,4,2136.33,False,True,1
pay_c3b8fbe584ea41,not_received,apparel,1476,0,1905.71,True,False,0
pay_f2ed38b505ef4e,fraud,apparel,9,5,3163.21,False,True,1
pay_4e168c55ad2941,fraud,electronics,380,2,14026.47,True,False,0
pay_5707fa5ad96148,fraud,apparel,1224,0,1329.61,True,False,0
pay_6256ab22b33247,not_received,apparel,1116,0,3740.97,True,False,0
pay_209fa12116ca49,not_received,electronics,1264,0,20225.24,True,False,0
pay_8c416eb981c04e,not_received,electronics,191,1,19657.97,True,False,0
pay_228c5dac221a45,fraud,electronics,6,3,31301.68,False,True,0
pay_2cb7369604744e,not_received,electronics,3,6,23064.18,False,False,0
pay_34603ec5b66a4a,not_received,electronics,511,1,12557.42,False,False,0
pay_4617628cc3a546,not_received,electronics,1374,0,31651.77,True,False,0
pay_fabae1d516de45,not_received,apparel,13,4,766.09,False,False,0
pay_f3bce817052645,fraud,electronics,1239,0,28411.17,True,False,0
pay_bda200b93e2b4d,damaged,electronics,935,0,25842.1,True,False,0
pay_ad8465951e224e,not_received,electronics,766,2,24854.4,True,False,0
pay_a6cd2e24ad1043,fraud,apparel,847,0,2921.89,True,False,0
pay_59d01a7b78624f,fraud,electronics,1329,0,31597.5,True,False,0
pay_c5bea0203c3040,not_received,apparel,922,1,3534.95,False,False,0
pay_c999c6ad713b40,damaged,apparel,1001,0,2536.72,True,False,0
pay_d2512cbca60f44,not_received,apparel,1400,0,2866.93,True,False,0
pay_531194bd1f8a40,fraud,electronics,424,0,23912.19,True,False,0
pay_a8a14cf60f7844,damaged,apparel,953,0,2771.0,True,False,0
pay_0a52e267c12e45,not_received,electronics,131,2,21522.03,False,False,0
pay_93d728af717c46,not_received,digital_services,1299,0,2159.81,True,False,0
pay_df2904570d7447,not_received,apparel,1055,0,2589.62,True,False,0
pay_cf6ebfa09b6249,fraud,apparel,171,0,4602.4,True,False,0
pay_f9c99f75250d4b,not_received,digital_services,1255,0,4179.21,False,False,0
pay_65491afa0a8644,fraud,apparel,107,0,2241.76,True,False,0
pay_158334ccd36946,damaged,electronics,879,0,26072.52,True,False,0
pay_85d72694367847,not_received,electronics,1279,0,20966.31,True,False,0
pay_7031609805364b,not_received,apparel,1262,0,1537.94,True,False,0
pay_c8d9e0fc251840,not_received,digital_services,10,2,2528.73,False,True,0
pay_14dcf2d775b149,damaged,digital_services,1404,0,2393.76,False,False,0
pay_fea1d5e33f724b,damaged,apparel,190,1,3933.33,False,False,0
pay_e837448a190d41,not_received,electronics,897,0,23940.07,True,False,0
pay_64d08353267a4c,not_received,apparel,529,0,2722.78,False,False,0
pay_72c5f72fdbd14b,not_received,apparel,83,0,3149.76,True,False,0
pay_c8370b37f53b41,not_received,apparel,274,2,3347.03,True,False,0
pay_4804da64498e43,fraud,apparel,1441,0,2145.64,True,False,0
pay_922611d2d9844d,not_received,apparel,11,2,668.18,True,True,1
pay_256254db26a34c,fraud,digital_services,1012,0,3948.01,False,False,0
pay_3359580ee23947,damaged,apparel,1202,0,3695.8,True,False,1
pay_9d144eb0184246,fraud,electronics,1334,0,26818.51,True,False,0
pay_2f3e40ae731e4a,damaged,electronics,336,1,17004.63,True,False,0
pay_583282cb997a45,not_received,digital_services,1387,2,2221.7,True,False,0
pay_df43980cda1641,not_received,digital_services,42,0,2353.65,True,False,0
pay_0fb3c6c85e3542,not_received,electronics,1295,0,22719.13,True,False,0
pay_17bcacf6547245,fraud,apparel,2,4,3446.43,False,True,0
pay_5ab1cab15e3643,fraud,digital_services,474,0,3212.48,True,False,0
pay_1887aaf0ed3345,fraud,digital_services,7,2,2951.77,False,True,0
pay_d488b9bc6bdb4a,not_received,apparel,1074,0,3059.12,False,False,0
pay_354f282f186d49,not_received,electronics,412,0,24980.13,True,False,0
pay_595f30eb834a4f,not_received,apparel,1114,1,2206.75,False,False,0
pay_6f18b9315a0843,fraud,electronics,565,0,34010.18,True,False,0
pay_905c778f94be4d,fraud,digital_services,5,3,3909.45,False,True,1
pay_6da578550d2842,not_received,electronics,1088,0,18500.07,True,False,0
pay_acdaf48e6ce945,damaged,apparel,308,0,3024.96,True,False,0
pay_4668a22f0baf43,not_received,apparel,1249,0,3916.79,True,False,0
pay_77b0379083f245,not_received,apparel,1108,0,2593.3,True,False,0
pay_10aa2b52488a4a,not_received,apparel,131,0,4147.5,False,False,0
pay_ffad6a25a23643,fraud,electronics,1181,0,20218.4,True,False,0
pay_f1596dc6df4642,damaged,apparel,11,6,4335.97,False,True,1
pay_4a295d8cc8ee42,not_received,electronics,346,0,24303.76,True,False,0
pay_de9adaafe09940,fraud,electronics,663,0,28371.39,True,False,0
pay_5aa60d17691d4e,not_received,digital_services,758,0,2527.0,True,False,0
pay_286782d9683d49,fraud,apparel,1061,0,2533.66,True,False,0
pay_40329d7c589248,damaged,apparel,921,0,2674.77,True,False,0
pay_634dd6133cdd4e,fraud,apparel,1298,0,3326.37,True,False,0
pay_aa5de41083c340,not_received,apparel,1052,0,2539.36,True,False,0
pay_50ad465eb27840,fraud,apparel,641,0,2650.63,False,False,0
pay_7106055d4e5e44,not_received,apparel,731,0,1781.8,True,False,0
pay_a8e525c04aa643,not_received,digital_services,3,5,3145.32,False,True,1
pay_52ae94000c5a45,not_received,apparel,1069,0,3072.4,False,False,0
pay_88a63c27e5fa4e,not_received,apparel,1038,0,4343.65,True,False,1
pay_f40e8a87945541,damaged,apparel,1202,0,4314.55,True,False,0
pay_64cc80dfcecf43,fraud,electronics,672,0,20869.93,False,False,0
pay_9a1773e4e76c45,fraud,apparel,478,0,1784.0,True,False,0
pay_b19dbca5991444,fraud,digital_services,356,0,2464.51,True,False,0
pay_540ccfb03cbc4e,damaged,electronics,821,0,28234.05,True,False,0
pay_72667341fb9f40,fraud,electronics,662,0,26086.07,True,False,0
pay_cf6c5cfa276b4d,not_received,apparel,10,2,4166.24,False,False,0
pay_4993f8c7e0de45,not_received,electronics,7,2,14186.05,False,True,0
pay_10d20cda9e1344,fraud,digital_services,10,6,1557.19,False,True,1
pay_534c68c3391849,fraud,electronics,997,0,25383.7,True,True,1
pay_dec6603a43f84e,fraud,electronics,145,0,21762.8,True,False,0
pay_53047902db8e48,not_received,digital_services,8,5,2597.58,False,False,0
pay_958e93baf7bb48,fraud,electronics,4,4,20448.81,True,True,1
pay_d78503bd61df45,fraud,apparel,322,0,4197.37,True,False,0
pay_5ce94f17988948,damaged,digital_services,858,0,3160.52,True,False,0
pay_b147b72c1f0445,damaged,apparel,1206,0,2699.29,True,False,0
pay_a937227a4e864b,fraud,apparel,6,6,1988.02,False,True,1
pay_60d40fc10c4042,fraud,electronics,751,0,25508.71,True,False,1
pay_b8b39c81318743,fraud,electronics,1470,2,38031.13,True,False,0
pay_669e127f85c146,not_received,electronics,190,0,22971.87,False,False,0
pay_cd2956b378e94f,damaged,electronics,386,0,19155.39,True,False,1
pay_33bfd06e6d5e41,fraud,apparel,6,4,1932.96,False,True,0
pay_eb495f96ec044c,fraud,electronics,425,0,25133.54,False,False,0
pay_957b4ad7d0ea4a,not_received,apparel,514,1,1391.89,True,False,0
pay_50cfa2c41e094d,not_received,electronics,235,0,17813.46,True,False,0
pay_3ddbc099e77340,fraud,apparel,945,0,2847.03,True,False,0
pay_8c801970c0204c,not_received,electronics,1051,0,32379.71,True,False,1
pay_afd5d21b811248,fraud,electronics,390,0,23711.7,True,False,0
pay_ad20e04d943c43,fraud,apparel,1295,1,2376.91,True,False,0
pay_916519de385b4a,not_received,apparel,2,2,1974.13,False,True,0
pay_8901763701e144,damaged,digital_services,814,0,4770.27,True,False,0
pay_a1dd7b35958345,not_received,digital_services,93,0,2625.67,True,False,0
pay_dbc17e0e96204b,damaged,apparel,1465,0,2383.78,True,False,0
pay_9cb5095143fc4c,not_received,apparel,514,0,5904.73,False,False,0
pay_6a9acff7fd8b4e,not_received,electronics,1475,0,26565.3,True,False,0
pay_7b09a6499e9b4e,not_received,electronics,12,2,26739.5,False,True,0
pay_f000533d651645,damaged,digital_services,1308,0,2171.15,False,False,0
pay_5bcef6198f3c4f,damaged,electronics,350,0,23420.92,True,False,0
pay_bf49f6a31b2e49,fraud,electronics,32,0,25922.26,True,False,0
pay_5ce5297199c744,damaged,electronics,1293,0,24354.05,True,False,0
pay_fbc2a90f72564f,damaged,electronics,13,3,27585.58,False,True,1
pay_a6106f41a78e44,not_received,apparel,995,1,3482.94,False,False,0
pay_d3503200c1a64a,fraud,electronics,502,0,18470.63,False,False,0
pay_1c12bcf3ef9240,damaged,apparel,832,0,3919.55,True,False,0
pay_c3c177b6dcdc48,damaged,electronics,816,2,25133.13,False,False,0
pay_8cea3352f5024e,fraud,apparel,1410,0,3037.42,True,False,0
pay_b0a75dc505714d,damaged,apparel,192,0,3175.85,True,False,0
pay_0819bf94b0c849,fraud,electronics,514,0,18917.11,True,False,0
pay_0aa622e0ab5a47,fraud,apparel,296,0,4981.62,True,False,0
pay_55b55a4219b64c,not_received,electronics,695,0,22332.46,True,False,0
pay_5d2095adfde844,not_received,apparel,1483,0,4215.44,True,False,0
pay_cc8bac5536254a,not_received,apparel,1209,0,2817.42,True,False,0
pay_d15aa8033e4448,fraud,digital_services,176,0,3028.73,True,False,0
pay_2e668d824e6148,damaged,electronics,9,5,31477.02,False,True,1
pay_90514ae2a15a4d,fraud,electronics,11,4,35088.91,False,False,0
pay_a8340834003749,fraud,electronics,1173,0,28440.26,True,False,0
pay_13e7e76bc3d649,fraud,electronics,303,1,29967.87,True,False,0
pay_e7edc913a6154a,not_received,electronics,1314,0,25126.93,True,False,0
pay_63e44625a50245,damaged,electronics,101,2,21824.79,True,False,0
pay_b5f1265c4a4841,not_received,apparel,1339,2,2268.38,True,False,0
pay_c0392eae58ec41,damaged,digital_services,1317,0,2969.55,True,False,0
pay_7ce3146d81cf4e,fraud,electronics,193,0,27280.12,True,False,0
pay_dac0289102284a,not_received,digital_services,1127,0,2412.39,False,False,0
pay_16c1e3a56d4c47,not_received,digital_services,666,0,3710.26,True,False,0
pay_ea9f35b0f5ef40,not_received,digital_services,390,0,2953.09,True,False,0
pay_fcc0d5b5114649,fraud,digital_services,9,2,2580.77,False,True,0
pay_63780cfa382745,not_received,apparel,1091,0,3474.71,True,False,0
pay_80c8e2897aa444,not_received,apparel,239,0,2748.3,False,False,0
pay_363ba1ac08e94d,not_received,apparel,324,0,3194.39,True,False,0
pay_b03602b6b02345,not_received,apparel,1427,0,782.05,True,False,0
pay_88ff7abeb9474a,fraud,digital_services,1035,0,2625.82,True,False,0
pay_e6cb238452db48,not_received,electronics,328,0,17683.67,True,False,0
pay_732df23efcf544,fraud,electronics,1422,0,18019.43,True,False,0
pay_1d39f68d8a5940,damaged,apparel,111,0,4221.89,True,False,0
pay_de74f4da09d947,not_received,apparel,704,0,4481.01,True,False,0
pay_923611493e9746,fraud,digital_services,835,0,3544.31,True,False,1
pay_e6153da569864c,damaged,electronics,120,1,21327.87,False,False,0
pay_cf6e4e31e7774b,not_received,apparel,101,0,2482.27,True,False,0
pay_b003d3b2cb3d4d,fraud,electronics,448,0,28511.17,True,False,0
pay_8b967adb304e4d,not_received,digital_services,9,3,4150.12,False,True,1
pay_ce43b02d7a664f,fraud,electronics,1062,0,27060.5,True,False,0
pay_70dc892997514b,damaged,digital_services,713,1,2074.25,True,False,0
pay_7e2f3f276e6448,damaged,electronics,37,0,19485.29,True,False,0
pay_fcba40f651294d,damaged,electronics,1182,2,20906.88,True,False,0
pay_d078482f417840,not_received,electronics,1,2,21394.27,False,False,0
pay_ee8b36042e7548,not_received,electronics,868,2,31360.32,True,False,0
pay_6329ac695f5649,not_received,apparel,987,0,3839.05,False,False,0
pay_2378a3fb876f48,fraud,electronics,909,0,21682.87,True,False,0
pay_98cc8c8f459345,not_received,apparel,522,0,2567.46,True,False,0
pay_15a60270611d40,not_received,electronics,922,0,27550.61,False,False,0
pay_e4b89ab28b1349,fraud,digital_services,1484,0,1236.18,False,False,0
pay_e24b3657a5ee45,not_received,electronics,213,1,14577.17,False,False,0
pay_1f3a8f4da0724b,damaged,electronics,781,0,22753.68,True,False,0
pay_248d835e1a4642,damaged,apparel,1350,1,2798.17,True,False,0
pay_d027174ce9f940,fraud,digital_services,1453,1,3599.61,False,False,0
pay_f854c1b6e78a49,fraud,digital_services,10,4,3614.43,False,True,1
pay_45261e2da2ad45,fraud,digital_services,710,1,1382.75,True,False,0
pay_84d988e3be1142,damaged,electronics,780,0,40980.69,True,False,0
pay_28c86b677abd48,fraud,digital_services,474,1,2060.24,True,False,0
pay_7546af8fe68742,not_received,apparel,2,6,4133.18,False,True,1
pay_d0727c89f9354a,fraud,digital_services,503,0,3977.16,True,False,0
pay_01ec1121a42d4d,not_received,electronics,1385,0,25254.49,True,False,0
pay_7a39bde75ae043,fraud,digital_services,327,0,3270.06,True,False,0
pay_c6dcd945614a44,not_received,apparel,662,0,2274.29,True,False,0
pay_05780bf43cff48,fraud,apparel,92,0,3557.81,False,True,0
pay_3dd25990107249,not_received,apparel,1404,0,3410.42,True,False,0
pay_d4e5378020d046,fraud,apparel,1475,0,2785.25,True,False,0
pay_9f8375069d3149,not_received,apparel,185,0,4766.47,True,False,0
pay_aa8d39ef516242,damaged,electronics,542,0,25196.59,True,False,0
pay_133d060d5c9749,fraud,apparel,607,0,2673.1,True,False,0
pay_fb9ea2afc28f46,damaged,apparel,1400,0,2386.28,True,False,0
pay_1dbad8f2808f40,not_received,apparel,711,0,2164.93,False,False,0
pay_cb7c48b13c5947,fraud,electronics,975,0,16185.71,True,False,0
pay_690c884139e648,not_received,digital_services,1361,1,1181.23,True,False,0
pay_8a0e012a57944b,fraud,apparel,552,0,1369.37,True,False,0
pay_c781743c69b546,not_received,electronics,545,0,19175.39,True,False,0
pay_611b00b62d5941,not_received,apparel,1437,0,2854.03,True,False,0
pay_07c1bfaf8b4c44,fraud,electronics,1090,1,28100.63,True,False,0
pay_0818633d29d649,not_received,electronics,1400,0,29994.87,True,False,0
pay_d71c4e73c4724d,damaged,apparel,1454,0,2096.25,True,False,0
pay_928d26d77ff64d,damaged,apparel,294,0,2928.99,True,False,0
pay_ed480f249a4846,not_received,electronics,652,0,25660.31,True,False,1
pay_f0ccf96b745f40,damaged,electronics,547,0,28147.66,True,False,0
pay_0e26534eb34941,not_received,digital_services,778,0,3422.6,True,False,0
pay_6631d996902b4f,fraud,electronics,1310,0,23988.71,True,False,0
pay_cbbc75992eaf47,damaged,electronics,788,0,23037.41,True,True,1
pay_39ad1861f9ce41,not_received,digital_services,815,0,3220.68,True,False,0
pay_087c2b8700e84b,not_received,electronics,1067,0,27130.47,True,False,0
pay_770f02f4ccc943,not_received,apparel,1449,0,2791.9,True,False,0
pay_e8a29a831d454f,damaged,electronics,101,0,28554.75,True,False,0
pay_2daf34d3ed424e,damaged,apparel,355,0,1091.71,True,False,0
pay_174b930c75c14e,not_received,electronics,497,0,18682.69,False,False,0
pay_855ddd61892e41,fraud,digital_services,11,5,3175.86,False,True,1
pay_f5fc3f18555b4b,not_received,apparel,878,0,4524.93,True,False,0
pay_2238a3a487ea47,not_received,apparel,82,0,786.5,False,False,0
pay_43a39afe2d574d,fraud,digital_services,1038,0,3854.38,True,False,0
pay_239450d788274b,not_received,digital_services,7,5,3692.67,False,True,0
pay_8c568cb3f4c046,not_received,electronics,941,0,24830.93,False,False,0
pay_ade324fccb8940,fraud,digital_services,664,0,2195.74,True,False,0
pay_539031c753e14e,fraud,electronics,1034,0,26607.5,True,False,0
pay_a3929e64333d4e,fraud,apparel,1101,0,2794.18,True,False,0
pay_d43e2af00b6f45,damaged,electronics,458,0,32820.69,True,False,0
pay_d9f44de9d6064b,fraud,apparel,4,3,1986.97,False,True,1
pay_d25aca12c3734a,fraud,electronics,552,1,30833.82,True,False,0
pay_acad0d4cb3ff48,not_received,apparel,596,1,3304.57,True,False,0
pay_ae391388bd424b,fraud,apparel,1150,0,2151.25,True,False,0
pay_a41162247b6046,fraud,electronics,1,2,25054.95,False,True,0
pay_dceeac3bcc1347,fraud,apparel,696,0,4224.39,True,False,0
pay_211ebda773ef41,not_received,digital_services,12,6,3250.24,False,True,1
pay_4b1529ef081340,not_received,apparel,553,0,4916.89,True,False,0
pay_95c8b60e225140,fraud,apparel,1036,0,2416.81,True,False,0
pay_9660847102f54e,not_received,digital_services,801,0,3868.24,True,False,0
pay_39acbb058b4649,damaged,apparel,1324,0,3043.19,True,False,0
pay_6a39bddd635b47,fraud,electronics,1273,1,25962.7,True,True,1
pay_17b14e172cfd44,fraud,apparel,588,0,3100.87,True,False,0
pay_259444d8a4424a,fraud,electronics,875,1,29213.95,True,False,0
pay_36605e25df404c,not_received,apparel,70,0,2624.73,True,False,0
pay_fabfe70fdfed45,not_received,digital_services,9,4,1859.94,False,True,0
pay_5a9869d2892d41,fraud,electronics,1453,0,24171.21,True,False,0
pay_4c693831ee4e44,not_received,apparel,1386,0,3592.95,True,False,0
pay_de0fbdc3ea464a,fraud,apparel,1279,0,2534.09,True,False,0
pay_114f4cc98f3a44,not_received,electronics,623,0,27270.93,True,True,1
pay_b68258f3b1d043,not_received,apparel,598,0,2888.85,True,False,0
pay_63d49c2406194e,fraud,apparel,582,1,1476.64,True,False,0
pay_daaed0526bbe4e,not_received,electronics,460,0,32089.19,True,False,0
pay_4190a387f9794b,fraud,digital_services,5,5,2671.32,False,True,0
pay_793706a1374e43,not_received,electronics,219,1,21384.49,True,False,0
pay_53f3017278594e,fraud,digital_services,961,0,1264.47,True,False,0
pay_ecf7c81cbfc742,damaged,electronics,13,6,25131.0,False,False,0
pay_708bc72cb0cb46,fraud,apparel,2,3,3078.13,False,True,1
pay_6851a026463949,damaged,electronics,47,0,22832.78,True,False,0
pay_4a89a0e3d60746,fraud,electronics,954,0,16820.39,True,False,0
pay_01fd3760d6db49,not_received,digital_services,7,6,2545.28,False,True,1
pay_0c37f1f449b54b,fraud,apparel,762,0,2624.0,True,False,1
pay_af8e273bcdd14b,damaged,digital_services,340,0,4434.11,False,False,0
pay_d0118b88a45447,fraud,apparel,10,2,3406.86,False,True,0
pay_2a92d1a4415145,fraud,digital_services,5,6,1737.8,False,False,0
pay_0072961984204f,not_received,digital_services,137,0,3058.48,True,False,0
pay_bde67fbaecc342,fraud,apparel,658,0,4593.56,True,False,0
pay_9aea1a39983a4d,fraud,apparel,373,0,4057.72,True,False,0
pay_27b52ede8f3a45,damaged,digital_services,5,4,2680.87,False,True,1
pay_3ea0ee95634d4f,damaged,electronics,1030,0,23800.44,True,False,0
pay_fb9b2edade9949,fraud,digital_services,372,0,2318.51,False,False,0
pay_05ea3c6649af4d,damaged,apparel,1053,0,2872.81,False,False,0
pay_3892fe8f2ffd40,not_received,apparel,11,3,2989.54,False,True,0
pay_fb5b4e50334349,fraud,electronics,681,0,32994.64,False,False,0
pay_c46941387efc40,not_received,apparel,608,0,1909.18,True,False,0
pay_85e33155b04647,not_received,electronics,757,0,29615.87,True,False,0
pay_f63d52b40a0b48,damaged,digital_services,11,5,2444.61,False,True,1
pay_8b3f1cbd6e3b46,fraud,apparel,1317,0,3254.81,True,False,0
pay_a5eac1f5b9324d,not_received,electronics,159,0,19235.67,True,False,0
pay_cccce906a7ba40,fraud,digital_services,1,6,2685.05,False,True,1
pay_7e7cf032619d41,fraud,apparel,983,0,3607.93,True,False,0
pay_8dbfa0112e0543,fraud,digital_services,66,2,2442.05,True,False,0
pay_bedd567c543844,damaged,electronics,857,0,20239.59,False,False,0
pay_779edd1e31ff4c,damaged,apparel,70,1,4093.54,False,False,0
pay_6b6d27e86b2c42,not_received,apparel,485,1,2576.64,True,False,0
pay_814efdf8fe484a,not_received,apparel,1089,2,3824.91,True,False,0
pay_c241935af69e4f,fraud,electronics,1259,2,30100.91,True,False,0
pay_6f6accfe15824c,fraud,electronics,1129,2,22810.77,False,False,0
pay_9cd217a288f642,fraud,digital_services,7,3,3341.14,False,True,1
pay_c2f4a42b6cd342,fraud,apparel,632,0,1829.95,True,False,0
pay_4ecb0c9824cf4a,not_received,digital_services,816,0,2910.54,False,False,0
pay_3f576736b4dd4b,not_received,electronics,784,2,17642.38,True,False,0
pay_069b66c4ddde42,fraud,digital_services,1,5,2212.41,False,True,1
pay_7e651d9dfb7a45,fraud,apparel,362,1,3487.11,True,False,0
pay_280a2b8f110d47,fraud,apparel,5,4,3531.25,False,False,0
pay_6214a02c146f4c,not_received,electronics,864,1,21609.76,True,False,0
pay_214ccac6081a44,damaged,digital_services,293,0,3570.72,True,False,0
pay_b561a890490843,not_received,apparel,218,0,4056.5,True,False,0
pay_5f0d39f8f07749,damaged,apparel,725,0,4159.72,True,False,0
pay_2001a26d03174a,not_received,electronics,151,0,18926.95,True,False,0
pay_6411e38b697945,fraud,apparel,1003,0,1338.57,False,False,0
pay_9761754f38c245,fraud,digital_services,676,0,3602.29,True,False,0
pay_1c8d7d3f23d04f,damaged,electronics,8,3,28535.4,False,True,1
pay_583aaaf2375041,not_received,apparel,586,0,3042.63,True,False,0
pay_a5a66ef543de45,fraud,electronics,681,0,24400.67,False,False,0
pay_c3e505405cf340,not_received,digital_services,764,1,2527.07,True,False,1
pay_e9a175873a9342,not_received,digital_services,998,0,4867.3,False,False,0
pay_7aae2f56fbf848,not_received,electronics,1444,0,30276.55,True,False,0
pay_d6b1ed4f103d47,damaged,electronics,1482,0,18150.61,False,False,0
pay_6fc96f3d72dd4b,not_received,apparel,3,3,3047.2,False,True,1
pay_0f4e0db5089146,not_received,electronics,583,0,23021.93,True,False,0
pay_85cbb925a3f744,fraud,apparel,31,2,1993.42,False,False,0
pay_73c33364663e40,fraud,electronics,384,0,29953.57,True,False,0
pay_051cd2f4ea7841,fraud,apparel,1133,0,3033.24,False,False,0
pay_cd875750c3e449,fraud,electronics,11,6,32692.2,False,True,0
pay_276ee08ea86144,not_received,electronics,1297,1,23464.13,True,True,1
pay_5c03b2d9aac641,not_received,electronics,1004,0,19020.6,True,False,0
pay_8cb5d8ee69ef42,fraud,apparel,4,5,4428.41,True,False,0
pay_06c62f9fc73548,damaged,apparel,41,0,2261.91,True,False,0
pay_06559fcd2c8d46,fraud,electronics,13,3,42160.43,False,True,1
pay_3e8775502b3446,fraud,apparel,396,0,2742.38,False,False,0
pay_4b123f97c0ba4b,fraud,digital_services,1267,0,2990.85,True,False,0
pay_ff6a8bc90d4d42,fraud,electronics,996,0,29585.79,True,False,0
pay_24aace7ee1414d,fraud,digital_services,493,0,3416.39,True,False,0
pay_b384f291fcf640,not_received,apparel,13,3,3579.25,False,True,0
pay_6524f124334240,not_received,electronics,5,5,19679.35,False,True,1
pay_359f2fee8e8e46,damaged,electronics,8,4,25605.83,False,True,1
pay_3e4c9dc21c814f,fraud,apparel,1227,0,4298.85,True,False,0
pay_601ed00873c74e,fraud,apparel,317,0,3195.88,True,False,0
pay_a60ad495342949,fraud,electronics,1392,0,22897.77,True,False,0
pay_bcb557dae51443,not_received,digital_services,59,0,3219.89,True,False,0
pay_320658288b0548,fraud,apparel,1090,0,3525.5,True,False,0
pay_7b6e6bfec3774a,damaged,electronics,7,6,21294.05,False,False,0
pay_a2774b5e462e46,not_received,electronics,1407,1,22950.78,True,False,0
pay_cedabbc2f30742,not_received,electronics,3,4,25809.24,False,True,1
pay_bb232bec476d42,not_received,apparel,1389,0,3211.09,True,False,0
pay_eef3de60738548,fraud,apparel,1313,0,3515.25,True,False,0
pay_0235b752477044,fraud,apparel,609,0,2809.63,True,False,0
pay_880ba6fa423348,fraud,apparel,1050,0,2095.53,True,False,0
pay_c6929c63064a4b,not_received,electronics,292,0,30345.33,True,False,0
pay_0d0a26a0aaea49,fraud,apparel,653,1,3015.32,True,False,0
pay_2f46a73171484b,fraud,electronics,111,1,28607.61,True,False,0
pay_d9d5f0ea35874d,damaged,electronics,840,0,16559.84,True,False,0
pay_8c3bc6029f0447,fraud,apparel,194,0,3831.1,True,True,1
pay_0d590cc5f7d34c,damaged,electronics,75,0,25807.79,True,False,0
pay_d6bfb5aeef864e,not_received,digital_services,6,3,3271.77,False,True,1
pay_ea539dd28d2b40,fraud,digital_services,960,0,1602.29,True,False,0
pay_3d096b87034840,fraud,apparel,428,0,3959.22,True,True,1
pay_84a093d72fbe49,fraud,electronics,1424,0,27835.4,True,False,0
pay_57ac0c0aa8ed48,not_received,electronics,277,1,19600.41,True,False,0
pay_bf7f51815ea84f,not_received,electronics,877,1,16056.14,True,False,0
pay_50636a3ddf5143,not_received,apparel,1208,1,4149.18,True,False,0
pay_2cc607d0e8eb42,damaged,digital_services,1385,0,3223.97,False,False,0
pay_ab946d265eb647,not_received,apparel,2,6,3343.35,False,False,0
pay_2fa6f65c63ea46,fraud,apparel,1248,0,3928.65,True,False,1
pay_74622e90069241,fraud,apparel,5,2,3003.48,False,True,0
pay_4878c3dbb0db4c,damaged,digital_services,1195,0,3170.93,False,False,0
pay_51e92be5ea6d4d,fraud,electronics,11,3,22223.3,False,False,0
pay_fd704cf78a8d49,fraud,digital_services,557,0,4586.99,True,False,0
pay_1db2b339cc5047,not_received,apparel,400,0,2051.69,True,False,0
pay_d987f66d5da441,not_received,electronics,1444,0,30739.24,True,False,0
pay_a7802007b0ea40,damaged,digital_services,7,3,3432.42,False,True,1
pay_1ad8c947618f40,not_received,digital_services,61,0,2833.28,True,False,0
pay_fb644e84631440,fraud,apparel,1485,0,3687.63,True,False,0
pay_08b78edcfe9647,damaged,digital_services,9,5,3202.81,False,True,1
pay_de571d4afca74e,fraud,electronics,670,0,28625.76,True,False,0
pay_e1ebf00bfa274a,fraud,apparel,796,0,3913.98,True,True,1
pay_71381f7d917d4c,not_received,electronics,431,1,21162.07,True,False,0
pay_9b0361556b3a49,fraud,apparel,507,0,1893.91,False,False,0
pay_3aa56e39e4d448,not_received,apparel,4,6,2762.96,False,True,0
pay_83aa572e880140,fraud,electronics,1081,0,27232.41,True,False,0
pay_84047ec8865947,not_received,apparel,1435,0,3387.92,True,False,0
pay_017d013cad984f,fraud,electronics,712,0,37494.57,True,False,0
pay_94b3fe7874364b,not_received,electronics,563,0,30672.9,False,True,0
pay_6e1d8bdc5df84d,damaged,electronics,1425,0,33384.33,True,False,0
pay_65a2223fd3f346,fraud,apparel,477,0,3898.63,True,False,0
pay_b40ea20ca72d49,fraud,electronics,1436,0,32448.68,False,False,0
pay_67c57a04f0f843,fraud,electronics,6,4,25381.22,False,False,0
pay_eef2fd86b1d441,fraud,electronics,1476,0,26454.78,True,False,0
pay_b623bf4bc33840,not_received,electronics,103,1,22159.09,True,False,0
pay_3af79a3867184b,not_received,apparel,5,3,3006.5,False,True,0
pay_9d5b469c3bf747,fraud,digital_services,8,4,783.45,False,True,0
pay_64f21adb6d5e48,fraud,electronics,921,0,26444.34,True,False,0
pay_6609b3dda19b4f,fraud,apparel,10,3,4821.62,False,False,0
pay_83c48f68425a48,not_received,electronics,435,0,25118.87,True,False,0
pay_1c87f5c3debf44,fraud,electronics,1201,0,20677.11,True,False,0
pay_5a29d584405a4e,damaged,electronics,546,0,27918.05,True,False,0
pay_013b89912c844e,not_received,digital_services,1052,0,3660.05,False,False,0
pay_03d50047038346,fraud,apparel,691,0,3599.35,True,False,0
pay_6ba78fdb98c54a,not_received,apparel,1006,0,4175.98,False,False,0
pay_4f18b1211a484a,damaged,apparel,943,0,4238.31,True,False,0
pay_5d63afce0a1e4a,not_received,electronics,364,0,21846.23,False,False,0
pay_7f26c07137574d,fraud,digital_services,379,0,3380.38,True,False,0
pay_1a48b055ae014d,fraud,electronics,1439,0,33111.39,True,False,0
pay_dd98a1cec9c849,damaged,electronics,260,0,18284.07,True,False,0
pay_6a2a4607831a49,not_received,electronics,1440,0,33884.72,True,False,0
pay_6b5c0726d82649,not_received,electronics,1353,0,16885.78,True,False,0
pay_8de33445895f4a,damaged,electronics,1387,0,22381.02,True,False,0
pay_43eba64da5ae4d,damaged,apparel,65,0,2131.99,False,False,0
pay_2360162dc48a49,damaged,electronics,1046,2,17755.43,True,False,0
pay_4792da66f96044,fraud,apparel,450,0,2299.21,False,False,0
pay_7757d828aa8147,not_received,electronics,8,4,15961.41,False,True,0
pay_9417c3b7ce644e,not_received,digital_services,1460,0,3602.04,True,False,0
pay_0eed46e828ab48,not_received,electronics,1490,0,24399.89,True,False,0
pay_b53a118f24574a,not_received,apparel,1132,0,3761.96,True,False,0
pay_fee034d0d1b348,fraud,apparel,1499,0,1459.82,True,False,0
pay_6426b156a3b343,not_received,electronics,13,2,23096.84,False,True,0
pay_0fd5c1dd47aa46,not_received,electronics,87,0,25630.29,True,True,1
pay_b0a3d85ece5f47,fraud,electronics,598,0,28288.25,True,False,0
pay_03d9533189514c,not_received,electronics,206,0,25626.26,False,False,0
pay_7d437e2d8d6445,fraud,electronics,361,0,26283.63,True,False,0
pay_e289531f64bc4a,fraud,apparel,208,0,3898.6,True,False,0
pay_6cbeb01a55b64a,fraud,apparel,87,0,2558.57,True,False,0
pay_6e3ab11d922743,not_received,apparel,10,5,2666.91,False,True,1
pay_36f72179d40c49,not_received,electronics,410,0,21702.99,True,False,0
pay_f74c13cc034846,not_received,digital_services,839,1,2952.64,True,False,0
pay_0d1c970738334e,not_received,electronics,785,0,24870.0,False,False,0
pay_fa900bba1a614e,damaged,electronics,1,6,31838.14,False,True,1
pay_866bae5c0e0542,fraud,electronics,1173,0,31550.14,True,False,0
pay_9f709c4ede944b,fraud,electronics,6,5,19649.58,False,True,0
pay_b2d098811d2c4d,damaged,apparel,1363,0,4480.32,False,False,0
pay_0f8317ca907b42,fraud,apparel,292,0,3198.98,False,False,0
pay_d02dfa1c677a44,damaged,apparel,11,3,480.42,False,True,1
pay_e67778aaa5dd49,damaged,apparel,769,0,3701.91,True,True,1
pay_782b48d295c147,not_received,digital_services,510,0,2993.91,True,False,0
pay_efdee3b089c34e,damaged,apparel,660,2,2746.87,True,False,0
pay_92e4d1caa93e41,fraud,apparel,362,1,1505.38,True,False,0
pay_fa00e65959b14f,fraud,electronics,701,0,23090.52,False,False,0
pay_eb12e9f0bd3441,not_received,electronics,1154,0,24867.02,True,False,0
pay_63467f6b264e47,fraud,apparel,991,0,660.27,True,False,0
pay_b7be14e50f5141,damaged,electronics,918,0,19454.34,True,False,0
pay_549eef25d8944f,fraud,apparel,7,5,3049.13,True,True,1
pay_f752b1892db147,not_received,electronics,963,0,22011.94,True,False,0
pay_30c251301a4a4a,not_received,digital_services,476,0,2314.6,True,False,0
pay_c4a9885139834b,not_received,digital_services,1211,0,3535.72,True,False,0
pay_7fd86777b73743,fraud,electronics,2,3,22791.19,False,True,1
pay_e2dfa47ecb2040,fraud,digital_services,483,0,2917.91,True,False,0
pay_8e638b7ed28045,damaged,digital_services,3,2,3161.08,False,True,1
pay_346f582163e74d,fraud,digital_services,763,1,2072.08,True,False,0
pay_c5905a3398694c,damaged,electronics,344,2,31968.48,True,False,0
pay_f1954da58e8f4f,not_received,apparel,786,0,4198.3,True,False,0
pay_55e382cae05740,not_received,electronics,5,2,25756.02,False,True,0
pay_20f9c96813c745,not_received,apparel,11,2,3227.72,False,True,0
pay_ad3a5319096b42,fraud,apparel,877,0,3849.99,True,False,0
pay_2f130127bd784d,not_received,apparel,1249,0,3447.59,True,False,0
pay_74036e84b7ac44,damaged,electronics,721,1,28601.68,False,False,0
pay_da09e2fcd28b44,not_received,digital_services,532,0,3872.35,True,False,0
pay_944df0bbdae842,damaged,apparel,861,0,4693.65,False,False,0
pay_a62d6d529ba14a,not_received,electronics,677,0,21466.42,False,False,0
pay_3bc9a544ffe342,fraud,apparel,1486,1,2601.46,True,False,0
pay_dfea9e61199749,fraud,digital_services,1492,0,4251.97,True,False,0
pay_f57df5a746514c,damaged,digital_services,887,0,2356.62,True,True,1
pay_deb37255732e47,fraud,apparel,166,0,1918.73,True,False,0
pay_6cca940c75064b,damaged,electronics,1302,0,23901.04,False,False,0
pay_231ed2bc52844c,damaged,electronics,297,0,16465.11,True,False,1
pay_78541e7e97834d,fraud,electronics,121,0,23980.87,True,False,0
pay_fdd447343ad549,fraud,electronics,266,0,24165.07,False,False,0
pay_62610922c19f46,not_received,electronics,1005,2,27842.91,True,False,0
pay_dec92217e0f848,fraud,electronics,403,0,28270.35,True,False,0
pay_25877785e1b044,not_received,electronics,11,3,24924.64,False,False,0
pay_8879d86a2e1346,not_received,digital_services,628,0,3053.81,False,False,0
pay_f9fddb4db1374e,not_received,apparel,9,4,3643.69,False,True,1
pay_24e13b5f758141,not_received,apparel,1071,1,3891.51,True,False,0
pay_ad5b18faaef648,fraud,electronics,567,0,28313.03,True,False,0
pay_3d3441d9f42246,not_received,apparel,1096,0,3979.53,True,False,0
pay_d2a3b3fd55194a,fraud,electronics,439,2,24918.5,True,False,0
pay_f64fda22d3ad44,fraud,apparel,11,3,2879.34,False,True,1
pay_afa555b5e6504c,not_received,apparel,9,6,1433.38,False,True,0
pay_3b76ab1e4b964c,damaged,apparel,1398,0,726.53,True,False,0
pay_e2866dee34ec4c,fraud,digital_services,227,0,2284.3,True,True,1
pay_4a67788a9cac4d,not_received,digital_services,8,2,5059.78,False,True,0
pay_50acf6946f2d49,not_received,apparel,1415,0,3237.54,False,False,0
pay_5792113c9b6240,fraud,electronics,818,0,17866.0,True,False,0
pay_8865dbdf150546,fraud,digital_services,1060,0,3300.76,True,False,0
pay_8d0cc69651664a,damaged,apparel,1277,0,2285.5,False,False,0
pay_a625e3bc70d245,not_received,apparel,517,0,3989.4,True,False,0
pay_2505c0aedd4849,not_received,apparel,453,0,5791.51,False,False,0
pay_f3a5c163d72942,not_received,electronics,799,0,24419.39,True,False,1
pay_92c4a7bac4924e,fraud,electronics,6,6,19157.79,False,True,0
pay_917398ec72294e,not_received,electronics,417,0,19779.25,False,False,0
pay_9ce25c2bec7a42,not_received,electronics,405,1,31348.04,False,True,0
pay_232bc24445c343,not_received,apparel,609,0,1980.78,True,False,0
pay_46b5488189a540,fraud,electronics,1335,0,21591.22,True,False,0
pay_3269b88f497240,fraud,digital_services,116,0,2245.7,True,False,0
pay_599ebada4b734b,fraud,apparel,1403,0,2739.55,True,False,0
pay_01b74322d87944,damaged,electronics,214,0,17503.12,False,False,0
pay_9ff3881cb4ed4a,not_received,electronics,8,4,21015.57,False,False,0
pay_59ef0c6bf84240,not_received,apparel,733,0,4287.92,True,False,0
pay_ed6a5e7dead84a,fraud,electronics,1261,0,22224.6,True,False,0
pay_604e21110fcd44,fraud,apparel,1424,0,2562.29,True,False,0
pay_c78f9f3203f94c,not_received,digital_services,230,0,2681.73,False,False,0
pay_d8c3583d914248,not_received,apparel,716,0,4786.29,True,False,0
pay_d3715a1c3d7d47,not_received,electronics,305,0,28026.08,True,False,0
pay_dfcb33e3473a43,fraud,apparel,12,2,1626.2,False,True,0
pay_61122afe224e49,not_received,electronics,646,0,20606.09,True,False,0
pay_c63041c715db49,fraud,electronics,986,0,14880.3,False,False,0
pay_c5c6f46bea2044,fraud,apparel,10,2,3235.2,False,False,0
pay_64f953128a4e4c,not_received,digital_services,94,0,1788.27,False,False,0
pay_f424277a084b4e,fraud,electronics,1382,0,18466.82,True,False,0
pay_0220907ae54e40,fraud,digital_services,325,2,3214.51,True,False,0
pay_88d38259f8ad40,not_received,electronics,3,4,22296.9,False,True,0
pay_fd9dc718f31b43,not_received,electronics,197,1,26350.84,False,False,0
pay_12bdc489bef040,damaged,apparel,3,2,3067.14,False,True,1
pay_b6eb6074b94a48,not_received,electronics,851,0,17635.44,True,False,0
pay_e3d3e706dc8c45,fraud,electronics,2,2,29083.8,False,True,0
pay_23af79a3ed9444,fraud,electronics,478,1,27971.69,True,False,0
pay_4e15a2bf5ad341,damaged,electronics,1473,0,24629.97,True,False,0
pay_eb911874c0b147,not_received,electronics,1109,0,24661.86,True,False,0
pay_6b1f0ab6a3a743,not_received,apparel,378,0,3538.12,False,False,0
pay_6a122282d0884e,fraud,apparel,244,0,2719.33,True,False,0
pay_d30ca67aaf394b,not_received,digital_services,716,1,2758.19,False,False,0
pay_e771a29f642949,fraud,apparel,1396,0,3313.56,True,False,1
pay_0e954424d08342,not_received,apparel,1223,0,3079.98,False,False,0
pay_dc806e88bb1446,damaged,apparel,376,0,1753.1,True,False,0
pay_53571e52cf3a44,damaged,digital_services,644,0,3176.28,True,False,0
pay_3492f5265ee247,not_received,electronics,760,1,25667.47,True,False,0
pay_35b72a33babe41,not_received,electronics,884,0,15482.05,True,False,0
pay_1658887d888e4b,damaged,apparel,626,0,2903.21,False,False,0
pay_47ecef51d0b74e,not_received,electronics,356,0,20852.79,True,False,0
pay_d24d69f0d05049,fraud,digital_services,1394,0,2326.64,True,False,1
pay_635a5dc5bbc049,not_received,apparel,1482,0,2753.89,True,False,0
pay_396e2e2e245a42,fraud,electronics,1428,0,30624.54,True,False,0
pay_b0389eb1ff1b40,not_received,apparel,1049,0,3718.76,True,False,0
pay_4e39f14a0d2844,not_received,electronics,3,2,27395.98,False,True,0
pay_cd324debcfc444,not_received,digital_services,61,0,1268.7,True,False,0
pay_cbf10b10398b40,fraud,digital_services,1491,0,4497.13,True,False,0
pay_2afc5fa5eece47,fraud,apparel,585,0,2393.76,True,False,0
pay_3fe6377ced5f41,not_received,electronics,2,3,26311.0,False,True,0
pay_edb83298fda241,damaged,electronics,739,0,21934.76,True,False,0
pay_8ca3ae7f07fb4a,not_received,apparel,623,0,2670.21,False,False,0
pay_1272f97b614046,fraud,digital_services,419,0,2846.2,True,False,0
pay_6678ae3de9ca49,damaged,electronics,805,0,20230.34,True,False,0
pay_53edfb2cdbbd4a,damaged,electronics,1039,0,17716.41,False,False,0
pay_50af06e90fe046,fraud,electronics,915,0,27948.72,True,False,0
pay_e739cab7f26c4f,fraud,apparel,607,0,2893.27,True,True,1
pay_2a08a4b6f94044,not_received,digital_services,325,1,2164.22,True,False,0
pay_fd45285c379442,damaged,electronics,907,1,28693.05,True,False,0
pay_1701af81965c40,damaged,electronics,1009,0,21428.55,True,False,0
pay_93227831f19f4b,damaged,apparel,665,0,4456.75,True,False,0
pay_8719e3f207fa4d,not_received,digital_services,9,3,2835.42,False,True,0
pay_1706ce94ae2144,not_received,digital_services,917,0,3986.8,True,False,0
pay_a1adad9bb61d42,fraud,apparel,1258,0,2785.23,True,False,0
pay_e5d6277ce02048,fraud,electronics,8,4,26366.37,False,True,0
pay_3fd43ff3bddc43,not_received,electronics,219,0,34458.07,True,False,1
pay_b19bdb26d13d41,not_received,digital_services,487,0,3343.15,True,False,0
pay_33f506cc73d448,not_received,digital_services,486,0,1235.27,True,False,0
pay_2b60fade41ba4c,not_received,apparel,5,5,3735.09,False,True,1
pay_5a104821dafb49,fraud,apparel,126,1,3986.64,False,False,0
pay_a02aba236df643,not_received,digital_services,72,0,3622.55,True,False,0
pay_2d1079468ddb4a,fraud,apparel,910,0,3241.21,False,False,0
pay_084e2a9dd12040,not_received,electronics,1066,0,22461.64,True,False,0
pay_ef5c9f9a35f540,not_received,apparel,1023,0,2991.81,True,False,0
pay_709d71d1217142,not_received,digital_services,1192,0,1492.12,True,False,0
pay_74111c2f919a49,damaged,apparel,524,0,3935.03,True,False,0
pay_bf659724dd8146,fraud,digital_services,269,0,4318.7,True,False,0
pay_878a3fd47d6a43,not_received,apparel,506,0,4779.27,True,False,0
pay_452f7a08fe794b,fraud,electronics,1304,0,21224.13,True,False,1
pay_274f3522795d48,not_received,electronics,140,0,29002.93,True,False,0
pay_5194dd7be6da49,damaged,digital_services,1,5,3261.23,False,True,1
pay_4d5d52d9d2c346,not_received,apparel,579,0,2992.32,False,False,0
pay_3389db6513284e,damaged,electronics,246,0,21640.34,True,False,0
pay_70e7ab27344142,fraud,digital_services,133,0,4559.42,True,False,0
pay_e0a13216ae174a,damaged,apparel,556,0,1829.42,True,False,0
pay_f4ff975adf604d,fraud,digital_services,1451,0,3489.62,True,False,0
pay_0af9a145db7e42,damaged,apparel,1067,0,3458.04,True,False,0
pay_6a9c10a90dc24a,fraud,electronics,916,0,26071.22,True,False,0
pay_a9f643de511a4a,fraud,apparel,1433,1,2762.58,True,False,0
pay_4397cbcd04e04a,not_received,digital_services,1205,0,2518.96,False,False,0
pay_832b4e1f08044f,damaged,electronics,930,0,27393.91,True,True,1
pay_7b184ef0320d4e,fraud,digital_services,1343,0,2536.41,True,True,1
pay_2c032d501fe34f,fraud,electronics,7,3,25690.16,False,True,0
pay_78d59a38b22d4b,damaged,electronics,1401,0,29725.73,True,False,0
pay_76606323976b48,fraud,electronics,75,0,29457.45,False,False,0
pay_22c88f95ae5c47,fraud,digital_services,490,0,2225.22,True,False,0
pay_a55bb2ff181848,not_received,apparel,1069,0,2557.03,True,False,0
pay_3de7f9e1a92546,fraud,apparel,1075,0,2455.59,True,False,0
pay_615a09a6f8044c,damaged,digital_services,3,6,1326.8,False,True,1
pay_9d4e831acf334d,not_received,electronics,829,0,25591.33,False,False,0
pay_f07a1fc0c0fe46,not_received,electronics,489,0,25707.66,False,False,0
pay_70d4811a432e46,damaged,electronics,12,2,22093.07,False,True,1
pay_4b00ce2e0ab34e,not_received,apparel,11,5,916.41,False,False,0
pay_ff439d5ad89847,fraud,apparel,10,6,1734.61,False,True,0
pay_4fb0e34cfdd349,fraud,digital_services,948,1,2109.88,True,False,0
pay_9a81fc3bb91949,not_received,apparel,118,0,3774.44,True,False,0
pay_c38c46d8d3ec48,fraud,electronics,13,4,19260.06,False,True,0
pay_875baecec93f4d,damaged,digital_services,268,0,4376.62,True,False,0
pay_2462f09d5fbb49,not_received,electronics,968,1,24860.09,True,False,0
pay_e3510325d09c4a,fraud,digital_services,74,0,2272.84,True,False,0
pay_165e16342ac949,not_received,electronics,2,2,35404.74,False,True,0
pay_ffa49d75df1e4b,not_received,electronics,123,0,31795.35,True,False,0
pay_7a40fc4a888546,damaged,apparel,1494,0,5015.05,True,False,0
pay_9be4e2645c144d,damaged,electronics,13,6,35133.78,False,True,1
pay_7280a20fccc34a,not_received,electronics,8,6,26956.97,False,True,0
pay_446f41079f1d49,not_received,apparel,789,0,2273.94,True,False,0
pay_cb9574a14c834d,not_received,electronics,541,0,25527.4,True,False,0
pay_eee1d6a1154a42,not_received,electronics,468,1,25033.16,True,False,0
pay_bab96e59adbf41,fraud,electronics,700,0,24725.72,True,False,0
pay_72ff5cc7214742,fraud,apparel,1281,1,3311.13,True,False,0
pay_b2f6341b304a4b,not_received,electronics,1491,1,21078.23,True,False,0
pay_0a9a138cc62b45,fraud,electronics,555,0,19768.82,True,False,0
pay_150c0187be9544,fraud,apparel,5,2,1656.99,False,True,0
pay_aa35a32540d541,not_received,apparel,428,0,3994.92,True,False,0
pay_69e0d3a4cdf54e,fraud,apparel,1381,0,4456.22,True,False,0
pay_c7b09632a0ea4e,not_received,electronics,719,0,25582.42,True,False,0
pay_9e0aa084941649,not_received,electronics,565,0,29030.32,True,False,0
pay_c9be55569f194f,damaged,apparel,3,2,2738.68,False,True,0
pay_b5d6d06e3c1546,not_received,digital_services,1093,0,3160.15,True,False,0
pay_c5e3159d5e5c45,fraud,apparel,974,0,4610.22,False,False,0
pay_73488870b40045,not_received,electronics,766,0,22276.97,False,False,0
pay_41d2da6b14fd4b,damaged,electronics,356,0,27250.32,True,False,0
pay_23ac7d4815a245,damaged,digital_services,769,0,1611.71,False,False,0
pay_60a5025ebf5641,not_received,apparel,422,0,3205.18,True,False,0
pay_ac4de4955c7445,fraud,electronics,511,0,20353.92,True,False,0
pay_e66ea3869f8445,damaged,electronics,1181,0,22614.43,True,False,0
pay_1befe5222b3f4a,fraud,digital_services,1480,0,4048.91,True,False,0
pay_377770eb0b5248,not_received,electronics,9,4,21711.01,False,False,0
pay_a65b406b291847,not_received,apparel,253,0,4844.41,True,False,0
pay_f6fbd919451841,fraud,apparel,911,0,2688.38,True,False,0
pay_41c10c9424634b,fraud,electronics,562,0,22313.93,True,False,0
pay_16ee7ef504634d,fraud,electronics,90,2,28732.91,True,False,0
pay_a6ee0fcca5314a,not_received,electronics,319,0,22592.21,False,False,0
pay_15c38df8781645,damaged,digital_services,1,5,3733.82,False,True,1
pay_fa3d3ac75a5145,fraud,apparel,1251,0,1797.82,True,False,0
pay_ce7b7ab754394e,damaged,digital_services,446,2,4465.21,True,False,0
pay_a9a7f446f1a74d,fraud,apparel,492,0,4391.62,True,False,0
pay_9b2eeaebe32042,not_received,digital_services,879,0,3269.22,True,False,0
pay_0a1779f6d0ad4e,fraud,digital_services,5,6,3583.26,False,True,0
pay_598d37b5fdb842,damaged,apparel,356,1,2563.41,True,False,0
pay_4ba3937144754c,not_received,electronics,491,2,22653.75,True,False,1
pay_eb1a56c24fd743,not_received,apparel,2,4,3048.18,False,True,1
pay_2d6fae3f93fc42,damaged,apparel,8,3,3397.7,False,True,1
pay_e375d5b5971f4b,not_received,apparel,1309,0,4584.41,True,False,0
pay_a9a608b4249d47,damaged,digital_services,625,0,3138.87,True,False,1
pay_2cd70f7b013244,not_received,electronics,1407,1,37895.18,True,False,0
pay_e63ecdc1552f49,damaged,electronics,2,6,18280.32,False,True,1
pay_3fde5384034a4c,not_received,apparel,954,1,4244.9,True,False,1
pay_326f588a936147,fraud,electronics,1188,0,21741.31,True,False,0
pay_759a2348620743,not_received,apparel,1403,0,3428.61,True,False,0
pay_016dd7033a3244,fraud,digital_services,3,4,3158.06,False,True,1
pay_e1b08f97fc9a42,not_received,apparel,75,0,1837.67,True,False,0
pay_1f20d550177a4e,not_received,digital_services,13,4,3803.82,False,True,0
pay_25b9106b5e5345,not_received,apparel,738,0,4555.61,False,False,0
pay_5e5981ba8db047,fraud,apparel,635,0,1829.97,True,False,0
pay_9a8cec00bd1e4f,fraud,apparel,191,0,2486.19,True,False,0
pay_7a6439b7c3144c,not_received,electronics,1355,0,33796.19,True,False,0
pay_75ae933d2ead44,damaged,apparel,520,0,901.25,True,False,0
pay_88783f06c7cd48,fraud,electronics,59,0,40942.11,True,False,0
pay_37b46d6582d74f,not_received,digital_services,1317,0,3404.81,False,False,0
pay_cec953d189c14f,not_received,electronics,1139,0,18555.19,True,False,0
pay_b81719af15014d,not_received,electronics,1327,0,26263.55,True,False,0
pay_9aff1991e9dd43,fraud,apparel,1012,0,1990.17,True,False,0
pay_cc68e44cac7448,not_received,apparel,857,0,2221.34,True,False,0
pay_7bdc0c3c62214b,fraud,electronics,117,2,24450.65,True,False,1
pay_34de311f224241,damaged,electronics,841,0,29045.37,False,False,0
pay_e466b64ed73741,fraud,digital_services,9,6,2993.03,False,True,1
pay_18c2b152084040,fraud,apparel,1105,0,5671.08,False,False,0
pay_faa834bcb9ec4b,fraud,electronics,1419,2,34260.12,True,True,1
pay_d209f37ba3704e,fraud,apparel,549,0,3593.01,True,False,0
pay_61a4782093b04a,not_received,electronics,426,0,30539.64,True,False,0
pay_b3d70295600a47,fraud,electronics,967,0,28343.0,False,False,0
pay_4488c04794e448,fraud,digital_services,817,0,2379.87,True,False,0
pay_b9e2cc8fc1874e,not_received,electronics,1216,0,29616.06,True,False,0
pay_26de79ca6f9c42,fraud,electronics,869,0,18178.26,True,True,1
pay_d47f8ec715d140,fraud,digital_services,1025,1,2958.5,True,False,0
pay_11502cfed26e48,damaged,apparel,628,2,2956.37,True,False,0
pay_fc6d9ebcf5eb42,not_received,electronics,846,1,26779.62,False,False,0
pay_bcd2fe22d34140,damaged,apparel,223,0,4604.42,True,False,0
pay_d25dbba8004540,damaged,digital_services,1401,2,2235.32,True,False,0
pay_31601f5c458c4b,not_received,electronics,502,0,26872.1,True,False,0
pay_9851d58b537345,fraud,apparel,1438,0,2140.36,True,False,0
pay_3828130a48684d,not_received,apparel,208,1,2397.54,True,False,0
pay_a9a00ad4bfa74f,damaged,apparel,1395,0,2831.99,True,False,0
pay_d647b89c5a4446,not_received,apparel,2,2,1762.09,False,True,1
pay_0450c719e87040,not_received,apparel,595,0,3634.39,False,False,0
pay_af8efc97119c4c,fraud,electronics,1049,0,20411.93,False,False,0
pay_3375df8b811b4c,damaged,digital_services,1033,0,2136.79,True,False,0
pay_b2e9457c8cc84e,not_received,electronics,757,0,33514.53,True,False,0
pay_c1484cf6424444,damaged,apparel,1079,1,4423.11,False,False,0
pay_c3ea19fefd0d4a,fraud,apparel,875,0,2798.7,True,False,0
pay_75bfd17f7f054f,fraud,apparel,1,4,4560.77,False,False,0
pay_4bff854071cb41,fraud,apparel,504,0,3904.54,True,False,0
pay_1b951d338ed345,not_received,apparel,5,3,2898.53,False,True,0
pay_0e2edb75575647,fraud,electronics,206,0,19402.89,False,False,0
pay_6238ca28f4e44e,fraud,apparel,650,0,1546.97,True,False,0
pay_9819ca9b483545,damaged,digital_services,459,0,2139.11,True,False,0
pay_28c119e5c7674e,fraud,digital_services,1025,0,2447.46,True,True,1
pay_981214320b2949,damaged,apparel,11,6,3503.13,False,True,1
pay_45ff4a3a64ba47,fraud,electronics,905,0,21835.65,True,False,0
pay_34bb09d03d134e,damaged,electronics,635,0,23137.44,True,False,0
pay_d2003794f57c4b,not_received,electronics,9,4,28665.79,False,True,0
pay_a7c7d54926c344,damaged,apparel,498,0,2171.0,True,False,0
pay_0cd75c4d1ec844,damaged,electronics,218,1,18558.85,True,False,0
pay_daff4a1ebce34b,fraud,digital_services,1114,2,2821.53,True,False,0
pay_95057a3947514e,fraud,digital_services,77,0,3063.94,True,False,0
pay_308b54d261e541,fraud,electronics,786,0,21969.93,True,False,0
pay_4a3daf192ad341,not_received,apparel,843,1,2255.88,True,False,0
pay_3502d042c3b440,damaged,apparel,13,3,2831.73,False,True,1
pay_bef5888c46a747,not_received,electronics,1443,0,24259.24,True,False,0
pay_8c4a5e9f037049,not_received,apparel,442,2,3965.79,True,False,0
pay_298896c72cd843,fraud,apparel,92,1,1867.68,False,False,0
pay_e5cab654ea1149,damaged,electronics,896,0,23780.0,True,False,0
pay_53bacee9bb5a4d,damaged,apparel,763,0,3662.41,True,True,1
pay_ccef5d3ed55b46,fraud,digital_services,447,0,3489.12,True,False,0
pay_ad76902f854d41,not_received,electronics,369,0,31117.59,True,False,0
pay_e879e215ba6e48,fraud,apparel,12,5,2893.66,False,True,0
pay_a25c339a155149,not_received,electronics,359,0,23622.83,True,False,0
pay_46e87549eb4841,not_received,digital_services,1290,0,2879.63,True,False,0
pay_3d05384c620e49,fraud,digital_services,309,0,3856.47,True,False,0
pay_7537c0aeb55e4b,not_received,electronics,879,0,26761.04,True,False,0
pay_d9ec513cac5d46,fraud,digital_services,416,0,2130.42,True,True,1
pay_3729879c101043,not_received,electronics,1081,0,32019.86,True,False,0
pay_6c864093e0834d,not_received,electronics,975,0,32432.65,True,False,0
pay_17e0643213cb45,fraud,apparel,766,1,3991.16,True,False,0
pay_06d2cb9cff474b,not_received,electronics,1453,2,25614.32,False,False,0
pay_50e009006be148,not_received,apparel,974,0,3378.81,True,False,0
pay_7ae3cdd2d5f24c,fraud,apparel,12,3,3345.89,False,False,0
pay_a3c6b428cda143,fraud,electronics,702,0,31755.63,True,False,0
pay_77e9152e2b7c4c,not_received,electronics,757,0,21343.4,True,False,0
pay_20c8412cb2844f,damaged,apparel,286,0,1145.6,False,False,0
pay_5174004594bc4d,fraud,electronics,410,0,25450.01,True,False,0
pay_0bc0d9343fe549,fraud,electronics,519,0,26614.55,False,False,0
pay_3ed8a72a83db40,fraud,electronics,1003,0,30233.22,True,False,0
pay_6253e839ea8849,not_received,digital_services,11,6,1903.79,False,True,1
pay_6172da41892e4c,fraud,digital_services,1280,0,2458.77,True,False,0
pay_b45a1f36f95648,fraud,electronics,1254,0,28192.74,True,False,0
pay_e358d57c7b4e45,not_received,electronics,745,0,22651.58,True,False,0
pay_7384e3531d4448,not_received,apparel,444,0,3803.99,True,False,0
pay_720d19b5e4b84a,fraud,digital_services,1358,0,2596.36,True,False,0
pay_6064c43937cf43,not_received,electronics,1,5,25113.72,False,True,0
pay_5c5ae791d63a4e,not_received,digital_services,900,0,3094.89,True,False,0
pay_1abc5dc0e85d43,fraud,apparel,4,5,4114.86,False,True,0
pay_62e36a396b6740,fraud,digital_services,904,0,5763.04,False,False,0
pay_90c271226e3545,damaged,electronics,6,3,19105.5,False,True,1
pay_8c3df0995c7f4c,fraud,digital_services,129,0,4757.01,True,False,0
pay_29333a35da0644,not_received,apparel,886,2,1650.74,True,False,0
pay_50ecc4e27c3f4c,damaged,digital_services,209,0,1348.03,False,False,0
pay_25f7eb0deaa44e,fraud,apparel,2,6,3821.49,False,True,1
pay_766c6c395b7141,fraud,apparel,148,0,4056.31,True,False,0
pay_72a7e934f41a48,not_received,digital_services,1011,0,2083.74,True,False,0
pay_b8867dccf6d844,damaged,apparel,1157,0,3471.12,True,True,1
pay_9d027f06671645,damaged,apparel,1254,0,2462.54,True,True,1
pay_88fb0d52e83643,not_received,apparel,114,0,4646.2,True,False,0
pay_71647fcc0c064e,fraud,apparel,780,0,2827.24,False,True,0
pay_914b2a75e96240,not_received,digital_services,517,0,2152.28,True,False,0
pay_e83dbc29388b4e,not_received,electronics,1320,0,26991.96,False,False,0
pay_f023fada661545,not_received,apparel,618,0,3741.19,True,False,0
pay_62ab07c08efb4e,fraud,digital_services,177,0,3840.84,True,False,0
pay_afd0e16980bf47,fraud,apparel,103,0,2702.9,True,False,0
pay_35aaac3c57ad4b,not_received,digital_services,1238,0,2108.72,True,False,0
pay_ef62de41a31441,not_received,digital_services,6,6,3605.39,False,True,1
pay_3e3aa5f4ed4b4c,fraud,apparel,757,0,3438.46,True,False,0
pay_0c4e07a7ca8040,fraud,apparel,1481,0,3065.39,False,False,0
pay_a6909e478aeb41,damaged,digital_services,680,0,3228.13,True,False,0
pay_2b03a23d9a7c45,not_received,digital_services,4,3,2711.26,True,True,1
pay_9268a096e41549,fraud,digital_services,1027,1,3832.0,True,False,0
pay_a75cf4ccbb7145,fraud,electronics,3,4,22092.3,False,True,1
pay_5ba141055fc649,fraud,electronics,1368,0,22334.21,True,False,0
pay_da1fbc5747e24c,damaged,apparel,6,4,2643.79,False,False,0
pay_b399db5cc4804e,not_received,apparel,1290,0,3980.03,True,False,0
pay_f42dac176b7340,not_received,electronics,276,0,22346.21,True,False,0
pay_292987c655d54b,not_received,electronics,1102,0,27993.94,True,False,0
pay_6d6aca0388ef40,fraud,electronics,928,0,19731.74,True,True,1
pay_e2c9c296096249,damaged,apparel,1014,0,4864.18,True,False,0
pay_7a73e58f057641,not_received,digital_services,1395,0,2437.54,False,False,0
pay_dd3627c5621f4f,fraud,digital_services,168,0,3097.26,True,False,0
pay_1f6942ef363349,fraud,electronics,616,0,27799.94,True,False,0
pay_0abc3d2f978243,not_received,electronics,980,0,21800.84,True,False,0
pay_fd2426f5c42448,damaged,apparel,8,5,3212.09,False,True,1
pay_1596bee5841f4d,fraud,electronics,9,3,20834.27,False,False,0
pay_afac93a3c5d44c,damaged,apparel,1,6,2951.08,False,True,1
pay_20bd065e475c4d,not_received,electronics,1309,0,30998.4,False,False,0
pay_002c853d5db049,fraud,electronics,656,0,17933.0,True,False,0
pay_854e4d42009e47,fraud,apparel,1075,2,5221.02,False,False,0
pay_dada392238e043,fraud,electronics,599,0,31037.23,True,False,0
pay_f6f70a2fd7fc42,not_received,electronics,653,0,20241.29,True,False,0
pay_adbc838e16df46,fraud,apparel,744,0,2039.35,True,False,0
pay_70dd9896fa3548,fraud,electronics,12,3,26899.19,False,True,0
pay_4e3a40aa367547,not_received,apparel,9,4,3148.43,False,True,0
pay_609915a5cb2649,not_received,electronics,1231,0,18882.95,True,False,0
pay_8752ca9976a34e,fraud,apparel,1100,1,2276.37,False,False,0
pay_d9e837b7d6444c,not_received,digital_services,928,1,2773.38,True,False,0
pay_b386e1d6db584f,not_received,apparel,955,0,5837.18,True,False,0
pay_b578c67b127b46,not_received,apparel,820,0,3646.61,True,False,0
pay_a9e31ac4dc1740,damaged,digital_services,770,1,1751.28,True,False,0
pay_f92ccb7cdb7245,fraud,electronics,1489,0,21503.41,True,False,0
pay_cc5c12e990fc43,damaged,electronics,992,0,31252.7,True,False,0
pay_857705e9037c45,not_received,electronics,54,0,20142.45,True,False,0
pay_712f0f74c89d42,not_received,apparel,799,0,3580.38,True,False,0
pay_a95dc7035cbb44,not_received,apparel,215,0,4054.42,True,False,0
pay_063fbcd1c5c14d,not_received,electronics,243,0,28505.28,True,False,0
pay_ef0fb063c9d34a,fraud,digital_services,1126,1,2671.3,True,False,0
pay_47ef78a073b843,not_received,electronics,12,3,22384.04,False,False,0
pay_7387376930a54d,not_received,digital_services,685,0,3198.9,False,False,0
pay_21b7ac86e2e245,not_received,digital_services,12,3,3606.35,False,True,0
pay_afcc82bd9ce449,fraud,digital_services,584,0,3850.46,True,False,0
pay_0bbcbdb9519342,damaged,digital_services,713,0,3958.52,False,False,0
pay_1e454891bd9044,not_received,electronics,8,2,20806.51,False,True,0
pay_ef80044d979746,fraud,apparel,748,0,3502.45,False,False,0
pay_d2887aa5c1444f,not_received,electronics,548,0,21823.72,True,False,0
pay_8ce8733286d14a,not_received,digital_services,1208,0,3600.18,True,False,0
pay_24464d8bcbb24c,not_received,electronics,164,0,25328.95,True,False,0
pay_c8869604409449,not_received,electronics,1395,0,30548.49,False,False,0
pay_2266536412bd42,damaged,digital_services,90,0,4988.14,True,False,0
pay_b7b40b2fb72340,fraud,electronics,731,1,22300.16,True,False,0
pay_a69ba1bdc82d48,not_received,electronics,6,2,19401.29,False,True,1
pay_47038d28fa7840,damaged,apparel,298,0,2649.36,False,False,0
pay_0f8d8333bad040,damaged,apparel,344,0,2116.62,True,False,0
pay_12c0a360d16946,not_received,apparel,240,0,2926.23,True,False,0
pay_c9aa64f5615b47,damaged,apparel,1070,0,2570.77,True,False,0
pay_dbe16c85b6744c,fraud,digital_services,1,4,2059.33,False,True,1
pay_e6c80dc014b143,damaged,electronics,284,0,28990.34,True,False,0
pay_ab95e8b3ec264d,fraud,apparel,790,0,3087.25,True,False,0
pay_2d977924a66e43,fraud,apparel,470,0,2267.5,False,False,0
pay_a2b38565762d46,fraud,apparel,1051,0,2580.67,False,False,0
pay_b4b862372b0b40,not_received,apparel,810,0,3178.19,True,False,0
pay_726de62dc4a842,fraud,electronics,226,0,25183.5,True,False,0
pay_77fb98f45c8144,fraud,electronics,255,0,28621.46,True,False,0
pay_a0e7ff119ed442,fraud,electronics,1072,0,29667.09,True,False,0
pay_0412681097024e,fraud,electronics,1129,0,25914.77,True,False,0
pay_a538e1b937c242,not_received,electronics,149,0,16284.71,True,False,0
pay_f65494a224ae42,not_received,apparel,595,0,2831.14,True,False,0
pay_5d0bd65bbb5b44,fraud,electronics,10,6,26597.23,False,True,1
pay_0cc27e9577bc46,not_received,apparel,474,1,3574.04,True,False,0
pay_289ec6fca37445,damaged,digital_services,1019,0,2226.95,True,False,0
pay_b826c6ae835f4a,not_received,electronics,10,2,27379.86,False,True,1
pay_8e818ee9d6134d,fraud,apparel,984,0,2733.01,True,False,0
pay_24f4eca4b7be4f,not_received,digital_services,1076,0,3144.26,True,False,0
pay_10e5da8d361a4d,fraud,apparel,151,0,2436.26,True,False,0
pay_85ac826048444b,fraud,digital_services,786,0,3135.32,True,False,0
pay_3a49fc97a35847,fraud,electronics,1293,0,28023.34,True,False,0
pay_e38dc87819fa45,damaged,digital_services,926,0,3648.78,False,False,0
pay_f65d4261f6e549,fraud,apparel,13,4,3266.13,False,True,1
pay_a6097cff27864e,fraud,electronics,610,0,24590.42,True,False,0
pay_faf77ccd2ca64c,fraud,digital_services,333,0,4039.55,True,False,0
pay_9939600530f542,damaged,digital_services,267,1,3194.62,True,False,0
pay_e7d6ea9a08a546,not_received,electronics,968,0,25962.64,True,False,0
pay_4df40c992c6845,fraud,digital_services,299,0,3242.67,True,False,0
pay_e92269bfa36e44,not_received,electronics,1421,1,24001.29,False,False,0
pay_49aaa44845324b,not_received,apparel,1153,0,2583.63,True,False,0
pay_c472860c7c0345,not_received,electronics,6,3,25269.41,False,True,1
pay_2984a01529194a,fraud,electronics,3,5,31713.23,False,True,1
pay_6145044f80fe43,damaged,apparel,765,0,4003.82,True,False,0
pay_722e1dc22a6141,fraud,electronics,3,6,18723.39,False,True,0
pay_cf7814fbe72948,not_received,electronics,219,0,26391.81,True,False,0
pay_d2112d736ddd45,fraud,apparel,1318,0,3906.4,False,False,0
pay_3b0380a890394d,fraud,electronics,976,0,23698.68,True,False,0
pay_40bceafb976942,fraud,apparel,10,5,2312.66,False,True,0
pay_6c68aafec0ba4a,not_received,electronics,1231,0,20768.1,True,False,0
pay_427533ea1cb242,fraud,digital_services,134,2,2378.76,False,False,0
pay_cfcd6e18f76c45,not_received,electronics,1006,1,21786.41,False,False,0
pay_183700bd2eb74d,fraud,electronics,1308,0,20556.41,True,False,0
pay_42d431e04b114d,not_received,electronics,1173,0,26670.36,True,False,0
pay_bf719a9029d945,damaged,apparel,443,0,3646.16,True,False,0
pay_76df037e749449,not_received,electronics,823,0,22441.71,True,False,0
pay_26757f48f5f840,not_received,apparel,651,0,2238.69,True,False,1
pay_0a05fda3627c45,not_received,electronics,680,0,22029.93,True,False,0
pay_6cf60aeb851240,fraud,digital_services,928,0,2937.76,True,False,0
pay_0bf6f0f67fc042,damaged,electronics,723,0,26695.91,False,False,0
pay_0158179d40f34e,fraud,digital_services,1203,0,3848.73,True,False,0
pay_d377ea7a959947,not_received,electronics,1108,0,24591.13,True,False,0
pay_f63f057ee8194f,not_received,electronics,861,0,21614.19,True,False,0
pay_618398422f774b,fraud,electronics,885,0,21459.48,True,False,0
pay_e8bc9e2412974c,fraud,electronics,2,3,17045.64,False,True,1
pay_342ca7a540cc41,not_received,apparel,588,0,1958.64,True,False,0
pay_0ffe10c40c964d,damaged,digital_services,115,0,3432.28,True,False,0
pay_fc9ff8370ab14f,damaged,electronics,1205,0,15209.73,True,False,0
pay_5df95fbb539f4a,not_received,apparel,1097,0,3391.38,True,False,0
pay_784aca1e222a47,not_received,electronics,676,0,25934.37,True,False,0
pay_210fda1315d24b,damaged,electronics,3,5,19345.75,False,True,1
pay_c47aea41699b45,fraud,electronics,795,0,28849.92,True,False,0
pay_91421e0fc4d849,fraud,digital_services,1460,0,1836.08,False,False,0
pay_0ee8ff84ba234b,not_received,electronics,10,3,30215.52,False,True,0
pay_02f0d57c756c48,damaged,apparel,66,0,5034.3,True,False,0
pay_92fcc9526fe646,damaged,electronics,129,0,29273.79,True,False,0
pay_a8033fb9418045,not_received,electronics,610,0,32550.41,True,False,0
pay_7e94092a0c414d,fraud,apparel,820,0,2705.79,True,False,0
pay_54e5877b524d45,not_received,electronics,327,1,30843.92,False,False,0
pay_50644570bae348,fraud,electronics,1266,2,21054.24,True,False,0
pay_1d0e1b0f04fb44,fraud,electronics,300,0,23402.04,True,False,0
pay_e099ca26017749,not_received,electronics,1247,0,21095.7,True,False,0
pay_d80d178c372e4d,fraud,digital_services,143,0,2335.88,True,False,0
pay_4afe99313c3249,damaged,electronics,47,0,27104.22,False,False,0
pay_d13ef066352643,not_received,apparel,197,0,3344.5,True,False,0
pay_5ccefd23db5744,not_received,electronics,47,0,27636.97,True,False,0
pay_001e302626344e,fraud,digital_services,6,3,3753.58,False,True,0
pay_a7f6e1dc41d141,fraud,apparel,283,0,4247.72,True,False,0
pay_81441eb27bc141,fraud,electronics,12,3,33263.66,False,True,0
pay_9f4e9985131b4a,damaged,digital_services,489,0,1919.73,True,False,0
pay_a6ee59f2e34445,damaged,electronics,734,0,20499.15,True,False,0
pay_efacd7b798ea4c,not_received,apparel,1024,1,1609.86,False,False,0
pay_52e7b35a5f9746,fraud,apparel,920,0,4187.9,True,False,0
pay_6579897bb0cf4e,damaged,electronics,573,0,28042.75,True,False,0
pay_7279edb636ed4a,fraud,digital_services,1116,0,4409.81,False,False,0
pay_bf18aaa9197d4e,fraud,digital_services,423,0,4254.15,True,False,0
pay_3652e2a4e3314d,not_received,digital_services,1193,2,3375.42,True,False,0
pay_bc6bbb659ed242,damaged,digital_services,756,1,1988.36,False,False,0
pay_0d641343ea2340,fraud,apparel,120,0,2403.11,True,False,0
pay_cd9d0831bb3f49,fraud,electronics,798,0,26728.03,False,False,0
pay_5216765cac5049,damaged,apparel,638,0,3359.87,True,False,0
pay_50735a16f67446,fraud,electronics,11,5,32841.74,False,False,0
pay_51c146599b2740,fraud,electronics,560,2,21264.08,True,True,1
pay_73d5350016414c,not_received,apparel,915,0,3104.99,False,False,0
pay_50c7cdd3b23b42,damaged,digital_services,1460,0,3342.59,True,False,0
pay_a39a1c3c42854e,not_received,electronics,1064,0,23804.56,True,False,0
pay_a89910bdea0d4e,damaged,digital_services,1358,0,2967.25,True,False,0
pay_c01fc307ff924c,not_received,apparel,7,5,2992.26,False,False,0
pay_be6ae03047f646,fraud,electronics,410,0,18403.24,True,True,1
pay_0b3f327a41b04a,damaged,digital_services,864,0,4726.96,True,False,0
pay_00a1eb7b540643,not_received,digital_services,232,0,3802.53,True,False,0
pay_a9829e649d2e43,fraud,electronics,1485,0,35118.09,True,False,0
pay_4147c4582fc44e,not_received,electronics,934,0,20621.78,True,False,0
pay_633ab20046e44e,fraud,electronics,1333,0,25252.74,True,False,0
pay_fc7435e4887247,fraud,digital_services,6,5,1127.9,False,False,0
pay_ce827727d7914c,fraud,electronics,1318,1,21534.38,True,False,0
pay_40c37a88cd4243,not_received,electronics,812,0,32416.18,True,False,0
pay_8733b5ee439b4c,damaged,apparel,646,0,3423.06,True,False,0
pay_8fc8222daac447,not_received,apparel,542,0,3526.72,True,False,0
pay_a270c99112724b,damaged,electronics,1164,0,21249.19,True,False,0
pay_f8fa0f8a6f3648,fraud,digital_services,791,0,2209.6,False,False,0
pay_8ba8034d236b49,fraud,digital_services,1076,0,4099.75,True,False,0
pay_3a7bb5c54eea44,fraud,digital_services,550,0,2377.56,True,False,0
pay_8ca515cd31c540,fraud,electronics,595,0,27911.46,True,False,0
pay_24814342570f4a,fraud,digital_services,9,4,3599.28,False,True,1
pay_03bbdea704a14a,not_received,apparel,416,0,3664.02,True,False,0
pay_f782d5a129e142,damaged,electronics,1053,0,18890.1,True,False,0
pay_acc50fe94b2549,damaged,apparel,286,0,1776.49,True,False,0
pay_6377e7648ce34b,fraud,electronics,254,0,11743.36,True,True,1
pay_2db6ac45bc9d49,damaged,apparel,616,0,2819.47,True,False,0
pay_419c0ccabe8342,fraud,apparel,1371,1,3684.98,True,False,0
pay_fd32ced344844d,fraud,apparel,237,0,2837.4,True,False,0
pay_c777b8cde7614d,damaged,electronics,1184,0,18307.47,True,False,0
pay_390c46b0fd9045,not_received,apparel,6,4,5104.25,True,False,1
pay_b12f5d33a68348,fraud,electronics,13,3,20469.08,False,True,1
pay_27bbb2a2d8f94c,not_received,digital_services,11,5,3062.58,False,True,0
pay_eeeebb6f745b49,fraud,apparel,1400,0,1867.07,True,False,0
pay_7c8fff36d29a44,not_received,electronics,902,1,25197.71,True,False,0
pay_48c02a5442fd41,not_received,electronics,7,2,28754.69,False,True,0
pay_d7f3061c35554b,damaged,apparel,205,0,2937.95,True,False,0
pay_068afe2eec5646,fraud,apparel,461,0,2566.86,True,False,0
pay_0cd8399c23264b,fraud,apparel,297,0,3988.38,False,False,0
pay_96843491714b43,not_received,electronics,448,0,24595.92,True,False,0
pay_20559e0092274b,not_received,apparel,1200,0,4079.59,True,False,0
pay_a95ba5bf643944,fraud,electronics,686,0,27963.51,True,False,0
pay_5e79389c00e942,not_received,apparel,796,0,3543.06,True,False,0
pay_35da4223819c46,damaged,digital_services,541,1,2733.3,True,False,0
pay_6010f85937ed42,damaged,apparel,1446,0,1948.46,True,False,0
pay_9d445f1e2e6a49,damaged,electronics,1036,0,21148.2,False,False,0
pay_cb43b0aaf94c40,damaged,digital_services,186,0,2848.12,True,False,0
pay_3866a4eb9c3140,not_received,electronics,224,0,24096.82,True,False,0
pay_e3ac8f21025f43,damaged,apparel,768,0,3071.96,True,False,0
pay_e2d96bdd071943,fraud,apparel,215,0,4176.21,True,False,0
pay_2669ba76a93c49,fraud,electronics,1045,0,32152.82,True,False,0
pay_d52a60957a2a47,fraud,electronics,1297,0,19813.68,True,False,0
pay_d2fa3a98958549,not_received,electronics,1044,0,33489.22,True,True,1
pay_e0f41bfd6f3346,fraud,digital_services,11,2,3532.27,False,True,0
pay_92e61884b34a40,damaged,digital_services,11,3,3558.54,True,True,1
pay_07095b1bb07e4c,fraud,apparel,1280,0,3970.99,True,False,0
pay_6b9b8c826b8f4d,fraud,electronics,1153,1,19881.93,False,False,0
pay_6edd5b2d5bf742,not_received,digital_services,636,0,3303.36,True,False,0
pay_20c741918aa94d,fraud,apparel,362,0,2071.19,True,False,0
pay_811c8c23a44840,fraud,apparel,253,2,2917.09,True,False,0
pay_517a66f9201342,fraud,apparel,1,3,1882.91,False,True,0
pay_7244d4b8652647,not_received,electronics,1263,2,25543.42,True,False,0
pay_f0c1cacc87554c,not_received,apparel,265,0,2379.99,True,False,0
pay_32ae523c03554d,not_received,apparel,935,0,2289.75,True,False,0
pay_9f73f1a2d2084e,not_received,apparel,925,0,3798.77,True,False,0
pay_755875b64b774d,not_received,digital_services,395,0,2354.01,False,True,1
pay_ff7e0284d3804b,fraud,electronics,365,0,19850.28,True,False,0
pay_e82a752c27ec49,fraud,apparel,1468,0,2989.47,True,False,0
pay_d19abb379d3e4f,not_received,electronics,272,0,17907.67,True,True,1
pay_08ada3f2a8ed46,fraud,apparel,466,0,4083.02,True,False,0
pay_a09ec57a44a947,fraud,electronics,1466,0,25103.72,True,False,0
pay_b50ff9f730a248,not_received,electronics,590,0,26945.61,True,False,0
pay_858af671cb1443,not_received,digital_services,3,5,3258.75,False,True,0
pay_b89697171e9e44,fraud,electronics,86,0,21660.77,True,False,0
pay_90a50efff5dd4d,fraud,apparel,12,4,3256.77,False,False,0
pay_1de20c01901c40,damaged,digital_services,630,0,2677.44,True,False,0
pay_ee6ebf2bd4d34a,damaged,apparel,1474,0,2643.03,True,False,0
pay_635f0adf90964b,not_received,electronics,717,0,20593.78,True,False,0
pay_a87e9651cf044c,not_received,electronics,1392,0,17920.78,True,False,0
pay_40ee260c056d4b,not_received,digital_services,1298,0,3103.46,True,True,1
pay_c01e13e4e58e4f,damaged,electronics,1175,1,23939.03,True,False,0
pay_97f757dd6dd64c,damaged,apparel,915,0,2899.1,True,False,0
pay_089c3cb97f604f,fraud,apparel,1149,0,2812.24,True,False,0
pay_cb6cbe5484ec47,damaged,apparel,792,0,2600.92,True,False,0
pay_69522d16e94047,fraud,apparel,655,0,3065.6,True,False,0
pay_c7e976012d004e,fraud,electronics,644,0,29539.32,False,False,0
pay_258b1543799a45,not_received,apparel,9,6,3112.68,False,True,0
pay_4b45bc54f46d40,not_received,apparel,172,0,2128.41,True,False,0
pay_fecf81b62b9646,damaged,electronics,1237,0,27330.82,True,False,0
pay_56f1a5f1214942,fraud,electronics,620,0,21314.27,True,False,0
pay_4fceb9221c1547,not_received,apparel,6,4,3651.03,False,True,1
pay_b3968face1e844,damaged,apparel,1,4,3754.61,False,True,1
pay_3f63f682c2f645,damaged,apparel,466,0,2832.2,True,False,0
pay_c69bf2a1c24347,fraud,apparel,698,0,1369.67,True,False,0
pay_2c34ebc2929345,fraud,apparel,11,2,4411.38,False,True,0
pay_8a854d7c5c5640,not_received,digital_services,659,0,3453.65,True,False,0
pay_0719272bd54f48,fraud,apparel,766,0,2091.26,True,False,0
pay_ed5864842d6b4c,damaged,electronics,923,0,27257.28,True,False,0
pay_e1b50101e2254a,damaged,electronics,139,1,32608.96,False,False,0
pay_b295b279a9004c,fraud,apparel,880,0,4181.85,True,False,0
pay_a8d4bd966cc54a,fraud,digital_services,837,0,2537.05,True,False,0
pay_89e9d8301ea649,fraud,electronics,13,3,17920.41,False,True,1
pay_786cab23011746,damaged,apparel,5,4,3327.26,False,True,1
pay_2bca0511a91147,fraud,electronics,1023,0,25010.04,True,False,0
pay_7d1620e73d0545,not_received,electronics,484,0,29448.47,True,False,0
pay_6ef1493dc6214f,not_received,apparel,383,0,3775.23,True,False,0
pay_52b137f043fe49,not_received,electronics,727,1,27945.33,False,False,0
pay_4743940691af43,fraud,apparel,324,0,2212.83,True,False,0
pay_329d15fdd02e48,fraud,digital_services,651,0,1814.84,True,False,0
pay_ecad0f762d1f4d,damaged,digital_services,371,0,2229.29,True,False,0
pay_cebbb588021e49,damaged,electronics,454,0,26711.98,True,True,1
pay_6b3d4cdaaa2f44,not_received,apparel,1496,0,4166.06,True,True,1
pay_2c9a0d8bedc74c,fraud,digital_services,773,0,2840.05,True,False,0
pay_5bc6b519c9384c,fraud,electronics,466,0,23490.25,True,False,0
pay_a07bcdeb8dbd49,not_received,apparel,571,0,2556.86,False,False,0
pay_221f7d76dd0840,fraud,digital_services,340,0,4008.93,True,False,0
pay_566f3ccc49ab42,damaged,electronics,1266,0,31488.46,False,False,0
pay_d1f3e02bc96747,not_received,digital_services,858,0,4333.39,False,False,0
pay_38a88405bba64f,fraud,apparel,486,0,2850.15,True,False,0
pay_1b8a4933b0854a,damaged,electronics,833,0,30013.41,True,True,1
pay_375f74f4634243,damaged,apparel,426,0,1933.91,False,False,0
pay_e44d52385f344f,fraud,electronics,7,6,21768.24,False,True,1
pay_10bb263304c446,not_received,electronics,1428,0,29028.07,False,False,0
pay_d875a165b13046,fraud,apparel,631,0,3339.97,False,False,0
pay_b856db452f8e42,fraud,apparel,321,0,4422.63,True,False,1
pay_1a536c52b90949,fraud,apparel,1226,0,2299.73,True,False,0
pay_6a53abedd2fe43,not_received,electronics,3,4,26656.08,False,True,0
pay_015fe4471c4f4c,damaged,digital_services,812,0,2804.93,True,False,0
pay_8735c4c85c254d,not_received,apparel,1220,0,3257.72,True,False,0
pay_3217e27eb41241,fraud,digital_services,8,3,3877.91,False,True,1
pay_60e622fef59f47,not_received,digital_services,1496,0,4258.77,True,False,0
pay_adc4e1a1460243,fraud,electronics,883,0,31636.42,True,False,0
pay_126d9eadb1754a,damaged,electronics,620,0,21311.79,True,False,0
pay_44e78dafdde94b,not_received,digital_services,289,0,3443.26,True,False,0
pay_8a2d61e7aed64c,fraud,apparel,941,0,3761.75,False,False,0
pay_daaa9a8a905b4a,fraud,electronics,774,0,33408.3,True,False,0
pay_6437779515f143,not_received,apparel,664,0,1911.31,True,False,0
pay_01deb1180cbc40,fraud,electronics,552,1,23450.1,True,False,0
pay_b57f223e9b864f,not_received,electronics,3,4,28150.5,False,True,0
pay_07865ecbfb1b46,fraud,apparel,1075,0,3021.9,False,False,0
pay_37de9bb8c6c940,fraud,electronics,222,0,26026.55,True,False,0
pay_47a77dee397745,not_received,digital_services,1107,0,2867.42,False,False,0
pay_60cc4b474e3b47,damaged,digital_services,887,0,2948.43,True,False,0
pay_aa10664d4fc446,damaged,apparel,3,6,3035.25,False,True,1
pay_8dbec711d7ec4c,fraud,electronics,553,0,16090.91,True,False,0
pay_f06ad7e19a934f,fraud,electronics,735,0,18404.53,True,False,0
pay_455ba75b6c2845,fraud,electronics,37,0,23680.25,True,False,0
pay_4ebcf9615ffb4b,not_received,apparel,929,0,2539.78,True,False,0
pay_284be84058a849,not_received,electronics,1,2,18832.73,False,True,0
pay_cf1d5779ca8449,damaged,apparel,734,0,2839.78,True,False,1
pay_0ee16fb376224b,damaged,apparel,931,0,3139.95,True,False,0
pay_791f08ede73a47,fraud,digital_services,987,0,4841.91,True,False,0
pay_5e47533ef77d46,not_received,digital_services,1174,1,100.0,True,False,0
pay_4b71b71a264a4f,damaged,apparel,325,0,1804.81,True,False,0
pay_6a28f70e87d747,damaged,apparel,371,1,2793.49,True,False,0
pay_40c4e229719e42,fraud,electronics,576,0,27775.12,True,False,0
pay_1d66bcaa08d848,fraud,electronics,10,2,11827.46,False,True,0
pay_eacdaea83d1943,not_received,digital_services,1477,0,3829.11,True,False,0
pay_249423cea5834a,fraud,apparel,351,2,2671.57,True,False,0
pay_14db872924c54b,fraud,electronics,1176,0,34122.19,False,False,0
pay_28583a24f19e4b,fraud,apparel,9,4,2386.92,False,False,0
pay_6ee4c7ed24d04b,not_received,digital_services,1071,0,1604.18,True,True,1
pay_feb95163ca8841,fraud,electronics,998,0,15826.9,True,False,0
pay_65385ebc6e494d,fraud,electronics,611,0,27672.85,True,False,0
pay_fdb97b564a1f45,fraud,digital_services,63,0,3498.83,True,False,0
pay_8ee1ae1dd7f545,damaged,apparel,2,5,3590.31,False,True,1
pay_981677e8d6024c,damaged,apparel,7,4,674.21,True,True,1
pay_010a56def27d4c,not_received,electronics,89,0,27403.19,True,False,0
pay_b7009010361b45,not_received,digital_services,13,6,2607.85,False,True,1
pay_b4fb02fd100846,damaged,digital_services,1319,0,3460.97,True,False,0
pay_4f80f5cf99ad4f,fraud,apparel,434,0,1291.01,True,False,0
pay_f5accdf6e27140,fraud,electronics,90,0,20762.4,True,False,0
pay_0fa6b180966d48,fraud,apparel,328,0,2695.1,False,False,0
pay_cdac282a1e9f4f,fraud,electronics,45,0,21630.56,True,False,0
pay_aca40123f4fc4d,fraud,electronics,12,4,24369.27,False,False,0
pay_c8dc9db31e2148,damaged,electronics,1265,0,28670.01,True,False,0
pay_f5ccf3a033214e,not_received,electronics,1430,1,32709.64,True,False,0
pay_d6cfd195da7548,not_received,digital_services,429,0,3067.34,True,False,0
pay_eadf5264ca9045,damaged,electronics,190,0,24603.43,True,False,0
pay_a413ee44e78147,fraud,apparel,115,0,3064.48,True,False,0
pay_f78c39874f8042,fraud,electronics,190,2,25108.85,True,False,0
pay_504e73bd4a8646,not_received,apparel,642,0,409.92,True,False,0
pay_98f5aac8f60446,not_received,electronics,533,0,23209.75,True,False,0
pay_535da37a04f84d,fraud,apparel,1,2,2690.04,False,False,0
pay_f64bd05777994d,not_received,apparel,1196,1,4089.06,True,False,0
pay_b2ea3ea8df2a4d,not_received,digital_services,11,4,2614.89,False,True,1
pay_8454b54d9a3848,not_received,apparel,1,2,3858.08,False,True,0
pay_8fed2032e99849,not_received,electronics,1006,0,21716.11,True,False,0
pay_13675c18358846,fraud,electronics,12,5,18920.89,False,True,1
pay_da6bd19d675447,fraud,apparel,10,5,3707.67,False,True,0
pay_56dd4955d8f243,not_received,electronics,11,5,21274.78,False,True,1
pay_fa77329bb09642,fraud,apparel,1008,0,2759.8,True,False,0
pay_d9de6c2897984e,damaged,digital_services,341,0,2831.64,True,False,0
pay_e4a29853f6b947,not_received,digital_services,1184,0,2996.63,True,False,0
pay_8061663133194d,fraud,digital_services,1195,0,3383.52,True,False,0
pay_4327241cbeea4a,not_received,digital_services,509,1,1679.35,True,False,0
pay_e35039948dff43,not_received,apparel,489,0,2883.43,True,False,0
pay_1700e5104c9d46,fraud,apparel,276,0,878.41,True,False,0
pay_8202d87283cc48,damaged,electronics,1148,0,24252.5,True,False,0
pay_d6a15dd724a24f,damaged,digital_services,8,2,2069.76,False,True,1
pay_9aa39d0351844c,not_received,electronics,65,0,28624.02,True,False,0
pay_7a0fdf3466f54f,fraud,apparel,1021,0,2344.35,True,False,0
pay_ef49b44f313a44,not_received,electronics,6,6,25144.77,False,True,1
pay_454365633cbe4f,not_received,electronics,10,6,21794.45,False,True,1
pay_65d6c0e5296842,fraud,apparel,542,0,3194.15,True,False,0
pay_3a99800ccaf644,fraud,electronics,524,0,25815.31,True,False,0
pay_e244aff1ffb845,damaged,apparel,1285,0,2816.66,False,False,0
pay_0f4dda82ff9b46,fraud,apparel,849,0,3179.05,True,False,0
pay_df92dc3095f249,not_received,apparel,1,3,3968.63,False,True,0
pay_a2f475f8b0ec43,not_received,electronics,1040,0,26013.76,False,False,0
pay_b02173d9cd354d,not_received,apparel,9,5,907.68,False,False,0
pay_ab1e3c1470eb44,fraud,digital_services,349,0,3040.41,True,False,0
pay_5ad2e8be878f4b,damaged,electronics,154,1,21402.33,False,False,0
pay_a4c8f7dec9564d,fraud,apparel,1244,1,4258.03,True,False,0
pay_c58f2cd2da364d,not_received,apparel,512,0,1280.44,True,False,0
pay_01f2ab481d8148,not_received,digital_services,1129,0,1121.9,True,False,0
pay_75723e8d57b44c,not_received,apparel,4,5,6427.78,False,True,1
pay_8565e180b03d42,damaged,electronics,459,0,21523.15,True,False,0
pay_8c15e28e2cbb44,not_received,digital_services,234,0,3390.21,True,False,0
pay_483a9600acd44c,fraud,digital_services,224,0,5564.69,True,False,0
pay_6950ed1c59f145,damaged,apparel,1484,0,4370.26,True,False,0
pay_982dbe973ce447,not_received,apparel,1471,0,3890.05,True,True,1
pay_9366f45a9fac44,fraud,apparel,305,0,3819.97,True,False,0
pay_257727bd16284e,fraud,apparel,12,5,2369.0,False,True,0
pay_a248d9e99a8b4b,damaged,apparel,70,0,2242.04,False,False,0
pay_087ec48cc92d4e,fraud,digital_services,795,0,1220.41,False,False,0
pay_9ac893d4a0964d,not_received,digital_services,1480,1,3599.72,True,False,0
pay_d7874b6b5a5e4b,not_received,apparel,846,1,3471.28,False,False,0
pay_4c171255688945,fraud,digital_services,100,0,3948.13,True,False,0
pay_212991eb23a748,not_received,electronics,1,2,31045.16,False,False,0
pay_5578e3061feb44,fraud,electronics,587,0,36517.87,True,False,0
pay_6a1a7bb32ab845,not_received,apparel,70,0,3184.58,True,False,0
pay_7757f953e2e544,not_received,apparel,521,0,3348.17,True,False,0
pay_205b1be7a21645,not_received,electronics,234,0,21905.87,True,False,0
pay_d4df922b5f1244,not_received,apparel,4,3,3876.13,False,True,0
pay_471b42d4a65541,damaged,electronics,1,2,22519.38,False,True,1
pay_07ebb62a8d0c42,not_received,apparel,1334,0,3301.92,True,False,0
pay_9a623ba3b1154c,fraud,digital_services,1312,0,3858.38,True,False,0
pay_8c0e2a1cb79247,fraud,apparel,59,0,2767.94,True,False,0
pay_81df0804258246,not_received,electronics,132,0,30946.39,True,False,0
pay_1252e1c7f0464f,damaged,digital_services,10,3,6525.69,False,True,1
pay_5989a3566f0a4b,damaged,apparel,1,3,4170.52,False,True,1
pay_587942ca358549,damaged,digital_services,545,0,2458.84,True,False,0
pay_f279f82f39a349,fraud,apparel,485,1,2954.26,False,False,0
pay_9f66e20ff2d44a,not_received,digital_services,432,0,3162.32,True,False,0
pay_4e290ec74cfe46,not_received,digital_services,626,0,2205.83,True,False,0
pay_06c9b0bc58a248,fraud,apparel,1067,0,1810.72,True,False,0
pay_fbb8a15739f240,fraud,electronics,926,0,16949.98,True,False,0
pay_565d485654c84b,damaged,apparel,1414,0,4239.99,True,False,0
pay_d6337b82cb8348,fraud,apparel,240,1,2992.81,False,False,0
pay_e69eb8213f5542,fraud,apparel,519,0,2657.79,False,False,0
pay_30b85a95f5824f,fraud,electronics,408,0,26176.65,False,False,0
pay_0021e312aeda4c,damaged,apparel,615,0,1964.58,False,False,0
pay_bb9087eafa574b,not_received,apparel,95,0,2916.97,True,False,0
pay_624e2cf640484d,not_received,digital_services,606,0,2268.36,True,False,0
pay_2450ba99237b45,damaged,apparel,421,0,2532.11,True,False,0
pay_7351a36c963647,fraud,electronics,806,0,25849.8,False,True,0
pay_d28b758de8084f,not_received,electronics,1,6,31841.93,False,True,1
pay_754ae7674be94f,fraud,electronics,1117,1,17418.48,True,False,0
pay_1ae6d220ca3048,fraud,electronics,1,6,32492.02,False,True,1
pay_69d71f5bc84b41,damaged,electronics,775,0,31992.92,True,False,0
pay_78645ac01c054b,not_received,apparel,3,4,2633.83,False,True,1
pay_5a99bbe0344048,fraud,digital_services,940,0,3965.44,True,False,0
pay_72cca73428c748,fraud,electronics,1159,2,25842.45,True,False,0
pay_70929ac6bde841,not_received,apparel,877,0,3025.79,True,False,0
pay_08a854cf701a4c,fraud,apparel,1,2,4080.29,False,False,0
pay_517a240263be4b,fraud,digital_services,268,0,3392.52,True,False,0
pay_2a3895e5b79d49,fraud,digital_services,950,0,3148.12,True,False,0
pay_95850707e09e49,fraud,electronics,2,4,14102.13,False,True,0
pay_ef48ebb3d3aa42,damaged,electronics,524,1,13465.34,True,False,0
pay_2b1223f006304a,fraud,electronics,13,3,23413.43,False,True,1
pay_ab4278bd063346,fraud,apparel,614,0,3523.49,True,False,0
pay_7867b565455540,not_received,apparel,1388,0,4510.83,True,False,0
pay_7fa82b8d8e1147,damaged,electronics,333,0,29191.89,False,False,0
pay_c87a75cce58549,fraud,digital_services,746,0,2485.26,True,True,1
pay_65b8f4f3c44042,fraud,apparel,601,0,2804.98,True,False,0
pay_1091de0d4cae41,fraud,digital_services,1427,0,1620.51,True,False,0
pay_82d0ff34ecd24d,not_received,electronics,821,1,20810.78,True,False,0
pay_c7628bfed84642,not_received,electronics,208,0,32973.5,False,False,0
pay_b7e7709d2b5042,damaged,electronics,1086,0,24272.79,True,False,0
pay_4b111fb0a3d948,damaged,electronics,4,3,22859.28,False,False,0
pay_f8f567dfa49945,not_received,apparel,787,0,3206.53,True,False,0
pay_11baa3d7a99e48,not_received,electronics,6,3,20235.52,False,False,0
pay_abdc860e681643,not_received,apparel,469,2,3554.52,False,False,0
pay_288ef9533b724e,fraud,electronics,1313,0,34474.82,True,False,0
pay_dd7242b789d24a,damaged,electronics,387,0,21785.54,False,False,0
pay_312284006f5649,fraud,digital_services,705,0,3428.91,False,False,0
pay_fd14e5c5927f47,fraud,digital_services,551,1,3845.45,True,False,0
pay_3079ffce3a844e,not_received,apparel,992,0,2649.75,True,False,0
pay_75734d71bfb743,fraud,digital_services,6,3,2390.97,False,True,1
pay_f92541fdc17f47,not_received,apparel,12,2,4019.25,False,False,0
pay_750c71b6d99b41,not_received,apparel,1035,0,1020.49,True,False,0
pay_1010d3cdce7a41,not_received,digital_services,1027,0,4939.0,True,False,0
pay_26e3a94d93d347,damaged,electronics,203,0,28080.55,True,False,0
pay_4653bd6bb8394e,fraud,electronics,8,5,19744.03,False,False,0
pay_0fc57f31e0a44c,not_received,apparel,1082,0,1459.95,True,False,0
pay_d4b2b9fcd0154a,not_received,electronics,217,0,9995.09,True,False,0
pay_00f5699675614c,not_received,electronics,1240,2,26050.17,True,True,1
pay_87d97f4d078248,not_received,electronics,7,4,31909.51,False,True,0
pay_e255b714d6a846,fraud,apparel,1056,0,2981.96,True,False,0
pay_e245cba4bd4c4c,not_received,apparel,911,1,2163.27,True,False,0
pay_585b2df3d63e40,fraud,apparel,989,0,1370.23,False,False,0
pay_86e3fd3f4ce94b,damaged,digital_services,9,5,3509.64,False,False,0
pay_06516c8c181c4b,fraud,apparel,12,4,1729.02,False,True,1
pay_7c39a09e4a4445,not_received,apparel,785,0,2273.39,True,False,0
pay_7aaa947690a84d,fraud,digital_services,1161,0,4959.05,True,False,0
pay_506dcfe10a2c45,fraud,digital_services,1237,0,2958.61,True,False,0
pay_29f4a26bf25b43,not_received,apparel,403,0,1057.26,True,False,0
pay_0fcf40a7891943,damaged,apparel,1491,0,2281.27,True,False,0
pay_aa39bae157674f,not_received,apparel,1137,0,4610.95,True,False,0
pay_299d55e0b40947,damaged,apparel,787,1,3590.47,True,False,0
pay_3ea5462a22ee42,not_received,electronics,874,0,30173.44,True,True,1
pay_ccce4b2abe194a,not_received,apparel,291,0,5057.61,False,False,0
pay_c4df961d199747,fraud,electronics,1127,0,25296.18,True,False,0
pay_25c858bd64794e,damaged,electronics,1362,0,25556.41,True,False,0
pay_9459dac651994f,fraud,apparel,924,0,2018.03,False,False,0
pay_033dacfeeb6f40,damaged,digital_services,1335,0,2584.97,True,False,0
pay_f6f59210739244,damaged,electronics,953,0,26517.47,True,False,0
pay_ad23d388e90347,damaged,electronics,1001,0,20828.31,True,False,0
pay_38d5aac707bd45,not_received,apparel,82,0,4149.98,True,False,0
pay_dd7b9b88abb845,not_received,apparel,737,0,3195.0,True,False,0
pay_4012e9fa14864b,not_received,electronics,1013,0,25275.76,True,False,0
pay_c0db3c805b7042,fraud,electronics,812,0,17715.63,True,False,0
pay_f069cf693a274c,not_received,apparel,1042,0,2107.61,True,False,1
pay_0ff1302a704e44,fraud,digital_services,760,0,1568.89,True,False,0
pay_b68f38d61fc044,not_received,electronics,714,1,29517.07,True,False,0
pay_5f25cde250484e,fraud,electronics,876,0,22550.63,True,False,0
pay_66d588c11d7a49,fraud,apparel,9,3,1473.04,False,True,0
pay_196f5556919b46,fraud,electronics,1,3,33707.87,False,True,0
pay_d8f906faaaab4d,not_received,electronics,85,0,28240.61,False,False,0
pay_af5231715e0144,not_received,apparel,3,2,4006.02,False,True,0
pay_8a298673d8f84c,fraud,digital_services,638,0,2980.82,True,False,0
pay_9ea45e5ac00945,not_received,electronics,6,5,36173.07,False,True,0
pay_47c28de7b28547,fraud,apparel,1195,0,2868.98,True,True,1
pay_eeae892a2eb942,not_received,electronics,829,0,27810.18,True,False,0
pay_81dfd2c6607b4c,not_received,digital_services,265,0,3244.55,False,False,0
pay_65ce16bc075348,not_received,electronics,1449,0,23330.56,True,False,0
pay_ea3a0b554e094b,not_received,apparel,13,6,2875.0,False,True,1
pay_05e4ccdaa1064e,fraud,digital_services,849,0,4083.72,True,False,0
pay_74ffaa7be59440,not_received,digital_services,1383,0,2165.56,True,False,0
pay_92c076d3b22a41,not_received,apparel,460,0,2865.21,True,False,0
pay_aca0eb49f7b642,not_received,electronics,1462,0,34398.45,True,False,0
pay_94b08e6da0f545,not_received,apparel,521,0,4123.26,True,False,0
pay_9409f65436e443,fraud,electronics,657,0,23791.39,False,False,0
pay_30c4468674ea40,not_received,apparel,1146,0,3638.08,True,False,0
pay_2e4828d2d63944,not_received,apparel,1175,0,3187.83,True,False,0
pay_4124cb0cd4094f,fraud,digital_services,228,0,3199.08,True,False,0
pay_6f9acdc650dd47,fraud,apparel,271,0,1765.62,True,False,1
pay_cbfc77d98c054c,fraud,apparel,1146,0,2456.29,True,False,0
pay_8340895d47f041,damaged,digital_services,109,0,2378.85,True,False,0
pay_e14c606481d94c,not_received,digital_services,357,0,2068.44,True,False,0
pay_81a058b50e1249,fraud,apparel,976,1,2276.41,True,False,0
pay_2959141050d04a,fraud,apparel,3,5,2546.29,False,False,0
pay_7bda8f9cf90c49,not_received,apparel,49,0,3457.09,True,True,1
pay_335c8043bf904b,damaged,electronics,663,0,17592.75,True,False,0
pay_93d36f61a80b42,fraud,electronics,688,0,20229.19,True,False,0
pay_a41dd7f188a647,fraud,apparel,813,0,2760.26,True,False,0
pay_9c3b9b3bd30b46,damaged,electronics,1115,0,31074.25,False,False,0
pay_d47f3e582aea49,fraud,apparel,1338,0,2965.58,True,False,0
pay_878f2fcf0b7145,fraud,apparel,895,0,3679.95,True,False,0
pay_2bc4568493654e,damaged,apparel,1401,1,3981.38,False,False,0
pay_f16f3f88e2e540,not_received,electronics,831,0,27809.26,True,False,0
pay_0b9a2f67205c46,fraud,electronics,366,0,27084.63,True,False,0
pay_e0555226016f49,fraud,electronics,1105,0,19476.36,False,False,0
pay_256dfe10723e44,fraud,electronics,127,0,22066.18,True,False,0
pay_07db24c7c6754a,fraud,digital_services,1083,1,1985.73,True,False,0
pay_cbda367c408a46,damaged,electronics,778,0,14664.53,True,False,0
pay_42a80fd8d4184b,not_received,electronics,728,0,28426.2,True,False,0
pay_f8d331622ed749,not_received,electronics,10,6,20222.05,False,True,0
pay_f57a0be4384a43,damaged,apparel,764,0,657.39,True,False,0
pay_52380b127ba849,not_received,apparel,1352,0,2960.97,True,False,0
pay_e7142b46250744,fraud,electronics,1405,0,21869.27,True,False,0
pay_960ca788389044,not_received,digital_services,853,0,1072.51,True,False,0
pay_47a8a3d890bc4a,damaged,digital_services,5,4,3100.29,False,True,1
pay_673b0c484e6447,damaged,electronics,1263,1,23307.0,True,False,0
pay_bd2337491d0a45,fraud,apparel,675,0,3420.2,False,False,0
pay_f9fad1e109144b,not_received,apparel,784,0,2652.27,True,False,0
pay_8f26e3387c5347,not_received,electronics,1312,0,25900.65,True,False,0
pay_82fe1af75fb743,damaged,digital_services,1477,0,3906.76,True,False,0
pay_730d9a372cb848,fraud,electronics,875,1,31061.09,True,False,0
pay_c1a2c69b6d044e,not_received,apparel,144,1,3681.27,False,False,0
pay_cde3001cef6c40,damaged,apparel,1053,0,2250.47,True,False,0
pay_b75b93c696f043,not_received,apparel,11,6,2995.73,False,True,0
pay_47ddb8b3c4054e,not_received,digital_services,440,0,3545.22,True,False,0
pay_c83a165edd124b,fraud,electronics,1474,0,22445.96,True,False,0
pay_18dead7c7aa246,fraud,electronics,1079,0,29772.38,True,False,0
pay_ddc5ae9c9a1e4f,fraud,apparel,747,0,4041.77,True,False,0
pay_21f07c27064a4b,damaged,electronics,1409,0,16703.21,True,False,0
pay_21259ada5cc04a,fraud,electronics,690,0,25759.19,True,True,1
pay_f10bbc5f12f049,not_received,apparel,862,0,1898.21,True,False,0
pay_c295b271447340,not_received,electronics,1479,0,27253.15,True,False,0
pay_5cd0a994c2ae4d,fraud,electronics,125,0,28873.42,True,False,0
pay_dcf8d45e04294c,not_received,electronics,488,0,22299.57,True,False,0
pay_86622d9598af44,not_received,electronics,343,0,28543.7,True,False,0
pay_38735780d2564b,damaged,apparel,285,0,2192.25,True,False,0
pay_b474b95659ca49,not_received,electronics,1376,0,23157.94,True,False,0
pay_047dfa2b874147,not_received,digital_services,12,5,1829.92,False,True,0
pay_f8c54b097f8e44,fraud,electronics,826,0,26431.69,False,False,0
pay_40c94e90264a4c,damaged,apparel,1200,1,3486.4,True,False,0
pay_e1fc891a799e45,fraud,digital_services,392,0,1861.13,True,False,0
pay_214ae09082e447,not_received,electronics,2,5,19775.55,False,True,0
pay_02abdb4290084b,fraud,apparel,382,1,2296.62,True,False,0
pay_68ff3757708d47,damaged,digital_services,6,6,3722.97,False,True,1
pay_e2974675cc024b,not_received,electronics,772,0,20079.55,True,False,0
pay_940e67bf7f1e43,not_received,digital_services,652,0,2274.26,True,False,0
pay_566cf0f1b72448,fraud,electronics,162,0,32156.39,True,False,0
pay_8027db1aa6584a,not_received,electronics,1247,0,24688.62,True,False,0
pay_e3694fc786da46,not_received,apparel,198,0,2343.27,True,False,0
pay_73b55c3014254e,not_received,electronics,657,0,24566.3,True,False,0
pay_b3c58197823543,fraud,apparel,625,2,3480.32,True,False,0
pay_4e91b5f61dcc47,damaged,digital_services,12,6,2830.42,False,True,1
pay_bf7d3d5592b341,damaged,digital_services,425,0,3429.97,True,False,0
pay_433a9c0b36724b,fraud,apparel,1374,0,4430.36,True,False,0
pay_56bbde6e073848,damaged,digital_services,1390,0,2950.54,True,False,0
pay_fb972b3de22543,not_received,apparel,1108,0,2084.27,True,False,0
pay_29713e7f31794d,not_received,electronics,963,1,19937.36,True,False,0
pay_04b3e329d3904c,fraud,apparel,584,1,3068.81,True,True,1
pay_09d29fdb04cd4f,not_received,apparel,1436,0,2890.66,True,False,0
pay_37b4ac65000c44,not_received,apparel,82,0,3364.44,True,False,0
pay_4d304c52d9c544,not_received,apparel,858,0,2359.3,False,False,0
pay_d05743dfd2de49,not_received,apparel,1013,0,3194.03,True,True,1
pay_ffbbda95afca47,not_received,apparel,867,0,3251.61,True,False,0
pay_3ca8db6ddecb4a,not_received,digital_services,459,0,3602.43,True,False,0
pay_a32ab9d824d94f,fraud,apparel,422,0,3127.89,True,False,0
pay_f5c926b688fa4a,damaged,electronics,992,0,28532.94,True,False,0
pay_387721472a0948,not_received,apparel,308,0,2662.39,True,False,0
pay_4fa71c9d87954b,fraud,electronics,828,0,18167.64,True,False,0
pay_f2d7d19ae5fc48,fraud,digital_services,515,1,2123.01,True,False,0
pay_2225c7c71bc04a,not_received,electronics,261,0,28913.07,True,False,0
pay_be273d840d2f4e,damaged,electronics,9,2,23736.83,False,True,1
pay_c6aa19bde0104b,fraud,electronics,10,5,28466.48,False,False,0
pay_28059210d6f948,not_received,electronics,494,0,24849.58,True,False,0
pay_86720f65434744,fraud,apparel,323,0,1840.78,True,False,0
pay_a6d284fca38e49,not_received,electronics,338,1,23833.62,True,False,0
pay_44c1c8f4a7f64d,damaged,digital_services,1344,0,4562.25,True,False,0
pay_d5fe2f123dd14d,not_received,apparel,767,0,2337.66,True,False,1
pay_bf0bf3788cd342,fraud,electronics,5,6,20457.77,False,False,0
pay_c85efbe7da8b46,not_received,apparel,8,2,4420.49,False,True,0
pay_b074289545bf4a,fraud,apparel,1121,0,3777.09,True,False,0
pay_fd0eccd5de964e,not_received,apparel,67,1,2575.47,True,False,0
pay_f803c9b172284d,not_received,apparel,684,0,3295.48,False,False,0
pay_596b47baa76344,not_received,electronics,467,0,21796.46,True,False,0
pay_9f9e2ec57de747,fraud,apparel,1192,0,2363.57,True,True,1
pay_5c8b3ac2455742,damaged,electronics,144,0,29799.9,True,False,0
pay_0ac8b1c8739e4b,not_received,apparel,535,0,3585.63,True,False,0
pay_c363ca9c634c43,fraud,digital_services,835,0,2725.19,True,False,0
pay_6dc202984db843,not_received,electronics,1390,0,33069.27,True,False,0
pay_3415078e7f2f47,not_received,apparel,225,1,2016.19,True,False,0
pay_226ec962c9aa4f,not_received,electronics,1346,0,23933.06,True,False,0
pay_8b37ed3b1f7640,not_received,electronics,11,3,29852.52,False,True,1
pay_eb9d2913319d4c,not_received,apparel,324,0,2859.94,True,True,1
pay_9c180d3ba62a45,fraud,apparel,5,3,4047.29,False,False,0
pay_aa904d5249f94c,damaged,apparel,13,4,2421.75,False,False,0
pay_ed18a151953043,not_received,electronics,1093,0,23480.62,True,False,0
pay_bca6635492b141,fraud,digital_services,11,2,2689.96,False,True,0
pay_028b2b43e4aa48,not_received,electronics,176,0,26343.75,True,False,0
pay_7b6c3f9ec93345,damaged,electronics,1346,0,29747.02,True,False,0
pay_08415658e5a14a,damaged,digital_services,1317,0,2888.91,True,False,0
pay_d4e71a56a3e045,fraud,digital_services,2,2,3413.14,False,True,0
pay_fd0b350e0d1848,fraud,apparel,1401,0,2139.9,True,False,0
pay_e022061492c048,not_received,digital_services,198,1,3233.32,True,False,0
pay_b73dbc1eb9504a,fraud,electronics,1096,0,34514.59,True,False,0
pay_ddbd60986e3c48,damaged,electronics,478,0,29954.32,False,False,0
pay_fd37b0dd83f84a,fraud,digital_services,1274,1,3225.81,True,False,0
pay_f492fb9c7ddd4f,fraud,digital_services,276,0,4084.46,True,False,0
pay_98e9c37a1caa49,not_received,electronics,13,6,16220.9,True,True,1
pay_668c63862c1b44,fraud,electronics,403,0,25740.74,True,False,0
pay_88dc8f8425314f,not_received,electronics,179,0,20376.73,False,False,0
pay_e2c40d5f87a04f,not_received,electronics,460,0,14583.98,True,True,1
pay_2154eb2ffc2649,fraud,apparel,970,0,3887.06,True,False,0
pay_37baad990d7840,fraud,apparel,571,0,3529.87,True,False,0
pay_4c070b120b5441,not_received,apparel,228,0,1897.4,True,False,0
pay_3f41d090a1d145,fraud,apparel,533,0,2532.83,True,False,0
pay_7faf20aced5443,not_received,digital_services,1,3,3912.09,False,True,1
pay_1a0ad53c5e0d4f,not_received,electronics,1379,0,37613.87,True,False,0
pay_743e33cc66a14d,not_received,apparel,1133,0,3495.66,True,False,0
pay_50e78b2de73541,damaged,digital_services,11,5,4088.16,False,False,0
pay_1593fdc1a97849,damaged,electronics,9,5,19819.47,False,True,1
pay_31775e6302b245,damaged,digital_services,58,0,3781.33,True,False,0
pay_3992f6551e2547,fraud,apparel,468,0,3170.74,True,False,0
pay_0bc7b46f209244,fraud,electronics,1000,0,23142.9,True,False,0
pay_6c10e3044f7548,fraud,electronics,543,1,24352.19,True,False,0
pay_a0adaa89903445,damaged,apparel,411,0,3345.13,True,False,0
pay_4b9aebd2e8414d,damaged,apparel,245,1,3563.51,True,False,0
pay_5d168866c37d4e,damaged,apparel,439,0,1273.35,True,False,0
pay_bd57d8100fc045,fraud,electronics,12,2,17570.22,False,True,0
pay_fd1e5fbb4b2140,damaged,apparel,339,0,3160.57,True,False,0
pay_5179f98e8b4d43,not_received,electronics,835,0,24660.56,True,False,0
pay_8c7d1b9961de47,fraud,electronics,38,0,30430.59,True,False,0
pay_fae8bb783d3142,not_received,electronics,1283,0,29850.22,True,False,0
pay_b9690206972248,fraud,apparel,129,0,3679.99,True,False,0
pay_07b951c38b1c43,not_received,electronics,2,4,17082.24,False,True,0
pay_f0d482f39e3044,fraud,electronics,1403,0,36240.25,True,False,0
pay_795260fe02eb4e,not_received,electronics,7,3,24027.34,False,True,0
pay_cbe380e1a8ac47,not_received,electronics,747,0,16709.18,True,False,0
pay_12bc4d8ab79442,damaged,electronics,623,0,22616.85,True,False,0
pay_74ac15a3db9a49,not_received,apparel,1143,0,3696.23,True,False,0
pay_5f2abd19742945,not_received,apparel,11,4,2744.39,True,True,1
pay_2915d91d0c4948,damaged,apparel,1274,0,4246.56,True,False,0
pay_bfe05c844f5641,damaged,apparel,12,5,4213.13,False,True,1
pay_03d523f63dcb4c,fraud,electronics,1117,1,31821.74,False,False,0
pay_aa6ad1346a6849,not_received,digital_services,334,0,3880.71,True,True,1
pay_150e02a27e224c,fraud,electronics,6,6,22714.6,False,True,0
pay_e4d2527bb3fd4e,fraud,apparel,959,0,4086.01,True,False,0
pay_172938cd979b47,not_received,digital_services,10,2,2151.93,False,True,1
pay_affe191b1bc74d,damaged,apparel,1244,0,1983.55,True,False,0
pay_1dc792e7bf9343,fraud,electronics,3,4,21601.82,False,True,0
pay_4e819cbdc39f4c,damaged,electronics,209,0,17037.45,True,False,0
pay_be785afacd8f47,damaged,electronics,196,0,26854.59,True,False,0
pay_c512491e529c43,damaged,apparel,1129,2,3319.6,True,False,0
pay_76ab5cf5c93748,fraud,apparel,1101,0,2040.47,False,False,0
pay_1d45f6ba35504a,damaged,apparel,160,0,1812.07,True,False,0
pay_d52fa6e276b949,fraud,electronics,1296,0,21998.68,True,False,0
pay_6f6edc74b87141,not_received,digital_services,427,0,1930.62,True,True,1
pay_08b683b084974f,fraud,apparel,1079,2,1995.93,True,False,0
pay_9d424f9d356e47,fraud,electronics,1344,2,23126.47,False,False,0
pay_50cffc26322a4f,not_received,electronics,1268,1,18783.26,False,False,0
pay_b962952b9bfe4e,not_received,apparel,545,0,2308.21,True,False,0
pay_730afe748a7243,fraud,apparel,458,0,4267.72,True,False,0
pay_b7ba39328ec049,fraud,electronics,11,5,25580.25,False,True,1
pay_b6ff687203b444,not_received,electronics,1282,0,21273.31,True,False,0
pay_e0e7e82917e944,fraud,apparel,904,0,812.03,True,False,0
pay_866db0c05fb542,damaged,electronics,13,5,19704.59,False,False,0
pay_d35857da9c6a46,fraud,electronics,782,0,20666.23,False,False,0
pay_a035a5d4161a44,fraud,digital_services,477,2,3765.52,True,False,0
pay_02b66430331349,fraud,apparel,1399,2,3812.83,True,False,1
pay_0585d6ab382143,not_received,apparel,1168,0,4438.05,False,False,0
pay_26947bcbb0c940,fraud,apparel,1433,0,2525.39,True,False,0
pay_02b208afcd8248,fraud,apparel,125,0,1175.16,False,False,0
pay_825cf4b99efe45,damaged,apparel,8,2,1973.37,False,True,1
pay_cd4e7edd8c4f49,not_received,digital_services,171,0,2464.01,True,False,0
pay_c4cab2d07d7945,fraud,electronics,762,0,33287.53,True,False,0
pay_3ceabc66ee224e,not_received,electronics,210,0,25512.03,True,False,0
pay_213ed3dd0d5243,damaged,electronics,12,3,25250.69,False,True,1
pay_df1e4a6e0cfd43,fraud,apparel,1211,0,2967.85,True,False,0
pay_04ea1b054d7f49,fraud,apparel,3,4,2977.74,True,True,1
pay_d924c6782d7c45,not_received,electronics,1,6,24592.14,False,True,1
pay_abc1fa824cc64b,not_received,electronics,675,0,32923.73,True,False,0
pay_3970d30fe7794f,not_received,electronics,582,0,26123.96,True,False,0
pay_e4e0c250b62e49,fraud,electronics,1306,0,22107.35,True,False,0
pay_774ec3085b9f4c,fraud,digital_services,1153,0,1988.78,True,False,0
pay_7b3cbbf0dbaf42,not_received,apparel,1139,0,3320.37,True,False,0
pay_65939d1853ef46,fraud,electronics,332,0,23980.68,True,False,0
pay_761561ec67094f,not_received,electronics,1,3,17013.3,False,False,0
pay_1b6b77da4e9043,not_received,electronics,1386,0,21823.28,True,False,0
pay_34668efeab3a47,fraud,apparel,527,0,2536.63,True,False,0
pay_41414bb539784d,damaged,apparel,1283,0,4203.61,True,False,0
pay_2c78c4795adf4a,damaged,digital_services,6,6,3618.48,True,True,1
pay_77a05dfc027a4d,not_received,apparel,709,0,2409.51,True,False,0
pay_983fd0d16e1c4b,fraud,apparel,393,0,2001.48,True,False,0
pay_925915e83d3548,fraud,digital_services,924,0,4237.53,False,False,0
pay_7d81f531d60c42,not_received,apparel,474,0,2443.42,True,False,0
pay_4e20a551b1a34c,fraud,electronics,877,1,15612.23,True,False,0
pay_dc4a1570902c4c,damaged,apparel,43,0,4148.19,True,False,0
pay_047def63922243,fraud,apparel,307,0,3173.9,False,False,0
pay_a4bc35166cd742,not_received,apparel,1377,0,2411.58,True,False,0
pay_7ee32097a7c44d,fraud,electronics,780,0,21544.44,False,False,0
pay_3b74e571ed1341,not_received,electronics,1134,0,10822.89,False,False,0
pay_7b561dbabb2342,fraud,electronics,6,2,24337.88,False,True,0
pay_0f78d7e45be14a,not_received,electronics,6,6,30660.5,False,True,0
pay_3c00ad5475d24d,fraud,digital_services,1475,0,2770.63,True,False,0
pay_0abe207487364d,damaged,apparel,426,0,3509.12,True,False,0
pay_8512a58559704e,fraud,apparel,381,0,4047.87,True,False,0
pay_b654328318f64a,damaged,apparel,1492,1,3462.21,True,False,0
pay_c7e4016c47f643,damaged,apparel,783,0,2481.11,True,False,0
pay_507f6c34c53640,fraud,digital_services,649,0,2423.39,True,False,0
pay_6d8df243865940,not_received,electronics,1419,0,25526.12,True,False,0
pay_c993bfddd02445,fraud,apparel,6,3,4026.38,False,False,0
pay_9398c2911d7947,damaged,electronics,746,1,26575.31,True,False,0
pay_788d71b2851d45,not_received,digital_services,378,0,3229.55,True,False,0
pay_b0d748a5207a41,fraud,digital_services,746,0,3124.6,True,False,0
pay_5d85f8ff8b3b44,fraud,digital_services,975,0,2616.18,True,False,0
pay_2faed8f96f8744,fraud,electronics,177,0,22669.4,True,False,0
pay_d78ab16b74334c,damaged,electronics,846,2,26111.95,True,False,0
pay_911a447a65bc4c,fraud,electronics,936,1,21986.58,True,False,0
pay_ae9a9410fc2a48,not_received,apparel,335,0,2678.46,False,False,0
pay_e054fe677c7a42,not_received,apparel,582,0,3278.29,False,True,0
pay_ede00bf0fc514d,damaged,electronics,148,0,25936.73,False,False,0
pay_0142110f5e454d,fraud,apparel,614,0,3701.41,True,False,0
pay_d107464b1f9843,not_received,electronics,1057,0,25987.29,True,False,0
pay_dd7a0bbdc39049,not_received,digital_services,3,6,4101.54,False,True,0
pay_69791dbd34be4d,not_received,electronics,769,2,19861.05,True,False,0
pay_c05f28b8b48a4c,fraud,electronics,60,0,27980.83,True,False,0
pay_250abe196d154c,fraud,apparel,553,0,1792.04,True,False,0
pay_840b9b8082ab41,fraud,apparel,1421,0,2353.02,True,False,0
pay_f41e0f5b5c5f41,not_received,electronics,443,0,29384.21,True,False,0
pay_04e267bf39f345,fraud,digital_services,10,3,2604.17,False,True,1
pay_d949898edf564e,not_received,apparel,1012,0,2423.44,True,False,0
pay_44950660fe924e,fraud,digital_services,872,0,2580.92,False,False,0
pay_a869f9efa33d4b,damaged,digital_services,1089,0,2964.8,True,False,0
pay_dabbbad326aa4e,damaged,apparel,566,0,2177.65,False,False,0
pay_690f2473515441,not_received,digital_services,868,0,2801.44,True,False,0
pay_11800be091ee40,fraud,digital_services,869,0,3964.53,False,False,0
pay_3cee8e17fe8947,fraud,digital_services,406,0,2625.0,True,False,0
pay_15dd14f3380442,fraud,digital_services,435,1,4928.08,True,False,0
pay_d58d168f1d0a4a,fraud,digital_services,8,4,2090.09,False,True,1
pay_046edf55d34841,not_received,apparel,11,2,2021.29,False,True,0
pay_d5e3ecccc9094f,not_received,electronics,107,0,29477.95,True,False,0
pay_fda3274091b24d,damaged,digital_services,3,3,3195.04,False,True,1
pay_d6dc594b197e4b,fraud,apparel,887,0,3650.22,True,False,0
pay_4c16e6a413d54f,not_received,electronics,548,0,26327.29,True,False,0
pay_0fed248ddff94f,not_received,electronics,450,0,19601.4,True,False,0
pay_e323ac7d793447,not_received,apparel,1097,0,2043.62,True,False,0
pay_54a794dc7b4f4f,fraud,apparel,1125,0,2239.29,True,False,0
pay_de57a42201d34e,not_received,electronics,985,0,22389.88,True,False,0
pay_c2e0fbbe7aea41,not_received,electronics,1368,0,25120.71,True,False,0
pay_4f0069c6abe045,not_received,apparel,721,0,2677.52,True,False,0
pay_570afac31e454b,damaged,electronics,161,0,14707.7,True,False,0
pay_bf958a9fb62b43,fraud,apparel,520,0,4741.32,True,False,0
pay_f68542d5323b4a,fraud,apparel,1183,0,4017.11,True,True,0
pay_4f36098e2f3d4e,not_received,apparel,785,0,3991.09,True,False,0
pay_dc0c944fcdcd42,not_received,electronics,1298,0,30395.69,False,False,0
pay_79fb0f275a194f,fraud,electronics,3,4,28469.62,False,True,0
pay_b29da24ff1f64e,not_received,apparel,241,0,1744.6,True,False,0
pay_9b48fe1be42f48,damaged,apparel,10,3,2418.42,False,True,1
pay_941228acfea946,damaged,electronics,973,2,23655.84,True,False,0
pay_52483f96d54e41,fraud,electronics,392,0,29474.25,True,False,0
pay_0a4dc77552104c,damaged,digital_services,671,0,2969.66,True,False,0
pay_4695b67da76a4d,not_received,digital_services,440,0,4885.31,True,False,0
pay_db7c7b3d4af64b,not_received,apparel,4,3,2977.12,False,True,0
pay_fc045af00ef54a,not_received,electronics,758,1,22344.37,True,False,0
pay_49ff7bd2fd7943,damaged,electronics,5,4,22008.48,False,True,1
pay_d49d722d185546,not_received,electronics,822,0,18839.49,True,False,0
pay_c3f786c80a594c,fraud,electronics,775,0,22540.06,True,False,0
pay_a073bf501a3a43,not_received,apparel,1064,0,2628.57,True,False,0
pay_b9eb98a0d3934f,not_received,apparel,778,0,4016.74,False,False,0
pay_176c7a0bc9b743,fraud,electronics,9,2,28908.14,False,True,0
pay_794ddbe604294d,damaged,digital_services,13,2,4504.85,False,True,0
pay_737976cd67d04e,not_received,apparel,4,3,2009.77,False,True,1
pay_5e8f4d9995e64b,not_received,apparel,783,0,3259.91,True,False,1
pay_17b03b3b4d3f48,fraud,digital_services,1060,1,3408.07,True,True,1
pay_b116e3c3aaf44e,not_received,apparel,10,5,5735.78,False,True,1
pay_c290a81ba77a49,fraud,digital_services,33,0,2240.58,True,False,0
pay_46516f29831344,fraud,electronics,178,0,24521.53,True,False,0
pay_d2df4fee0c434f,not_received,electronics,1181,0,16490.12,True,False,0
pay_eefab02a42b649,not_received,apparel,70,0,3685.28,True,False,0
pay_b5f3f310fb0944,not_received,apparel,618,0,3597.34,True,False,0
pay_d3f05f8f2b5340,fraud,electronics,419,0,31214.77,True,False,0
pay_3f491f0b474444,not_received,apparel,11,4,1172.81,False,True,0
pay_b586db5068f84f,fraud,electronics,1199,0,23642.92,True,False,0
pay_22f9c7f00e1b43,damaged,apparel,824,0,2668.04,True,False,0
pay_f846994838b34a,not_received,apparel,715,0,3064.42,True,False,0
pay_6897623580ab44,not_received,apparel,1431,0,2683.29,True,False,0
pay_41dac76288df4a,fraud,apparel,843,0,3781.28,True,False,0
pay_e596a534f72146,fraud,digital_services,13,4,4402.43,False,True,1
pay_9a1abf62e07748,damaged,electronics,12,5,27865.74,False,True,1
pay_4fa35aed7f814c,fraud,digital_services,749,0,2760.53,True,False,0
pay_9b285ec7ff2b41,not_received,electronics,1103,0,24363.15,True,False,0
pay_3a93786768ff45,not_received,apparel,260,0,1150.56,True,False,0
pay_297fb9a614f94d,fraud,apparel,1330,0,2767.68,False,True,0
pay_39b9487d894846,damaged,digital_services,1342,0,2263.01,True,False,0
pay_8b9ce44655c147,not_received,apparel,249,0,2433.38,True,False,0
pay_09bac8fdd7894d,fraud,digital_services,59,0,3245.36,True,False,0
pay_444449a7a34f4c,fraud,electronics,923,1,18945.31,True,False,0
pay_0305f1ba057741,fraud,digital_services,1086,0,2313.2,True,False,0
pay_8091aac3c1644f,damaged,electronics,1046,0,25988.48,True,False,0
pay_e47228d78e5748,not_received,electronics,104,0,25997.35,True,False,0
pay_b4230dd611b340,fraud,electronics,278,0,22925.57,True,False,0
pay_c3842da0a0d042,fraud,apparel,124,0,3178.03,False,False,0
pay_c4600e95ebe347,not_received,apparel,242,0,2884.13,True,False,0
pay_376644e6240943,not_received,electronics,1142,0,18837.34,True,False,0
pay_bf9f90a0fb7e4c,not_received,electronics,12,4,14878.92,False,True,1
pay_584497cc6b384c,fraud,apparel,937,0,3563.27,True,False,0
pay_f06a4b76f26448,fraud,digital_services,512,0,3139.12,True,False,0
pay_d0259359c5c145,not_received,apparel,477,0,2706.86,True,False,0
pay_6f9f1a85999f40,damaged,apparel,1338,0,2692.46,True,False,0
pay_716a9ce340724e,fraud,apparel,362,0,2602.44,True,False,0
pay_0e11a79200b844,not_received,apparel,816,0,2385.39,True,False,0
pay_11e21ab1c7fc4e,not_received,digital_services,1137,0,3323.11,True,False,0
pay_e9bd076242a342,not_received,apparel,12,2,3903.91,False,False,0
pay_4275bb13819146,fraud,apparel,1321,1,4039.25,True,False,0
pay_11169900537249,damaged,digital_services,359,0,3855.73,True,False,0
pay_1b49a50dc07245,not_received,digital_services,321,0,3179.23,True,False,0
pay_6a2d27e07f8b43,not_received,electronics,1444,0,23361.11,False,False,0
pay_4206a4e05ec44c,fraud,apparel,898,1,2194.76,True,False,0
pay_aa12d441781f49,fraud,apparel,1025,0,4384.45,True,False,0
pay_a6603aee344048,fraud,apparel,303,0,3073.28,True,True,1
pay_f3e065eef12a4a,not_received,apparel,13,4,2175.77,False,True,0
pay_2981f30c1d9845,fraud,apparel,1002,0,2818.13,True,True,1
pay_41ac19f35f9542,not_received,electronics,601,0,24419.32,True,False,0
pay_3f931a91f5bc4a,fraud,electronics,1029,2,25520.54,False,False,0
pay_81176ac8e32147,not_received,digital_services,876,1,2603.2,True,False,0
pay_c4bfbdd88e4d42,not_received,apparel,1049,0,2334.07,False,False,0
pay_e3ff3a8a729f47,fraud,digital_services,461,0,4651.6,True,False,0
pay_c55584a3f0d449,fraud,digital_services,720,0,3459.63,True,False,0
pay_034fca38997d4a,fraud,apparel,1154,1,3004.17,True,False,0
pay_fe1a942346f34b,not_received,digital_services,608,0,2609.66,True,False,0
pay_f4b00d3b15f746,not_received,electronics,985,0,23987.05,True,False,0
pay_4a42b60a30a844,fraud,apparel,423,0,1371.03,True,False,0
pay_1e8186e4ef3248,not_received,apparel,820,0,2029.26,True,False,0
pay_c4ac6209ccd441,fraud,apparel,13,2,2682.65,False,True,0
pay_d689e2f2fe9e4e,fraud,electronics,12,3,20407.33,False,True,1
pay_f0cd41e940d743,fraud,electronics,54,0,17535.31,True,False,0
pay_646258f0a4724c,damaged,electronics,990,0,18050.44,True,False,0
pay_e6056cccea7b44,fraud,apparel,218,2,3091.21,True,False,0
pay_68b217d34cce46,fraud,digital_services,1122,0,4599.71,True,False,0
pay_1aec41fec5a24c,fraud,digital_services,482,0,2070.52,True,False,0
pay_74a8d883181e4d,fraud,electronics,1100,0,26205.32,True,False,0
pay_7409ae0e6c5749,not_received,electronics,312,0,29121.77,True,False,1
pay_cdb05d852ead49,fraud,electronics,731,0,31166.86,True,False,0
pay_193ea857eab44a,fraud,electronics,612,0,29689.89,True,False,0
pay_e1c0b7c0c1e94a,not_received,digital_services,590,0,2809.31,True,False,0
pay_a677dd7149234c,fraud,digital_services,346,0,1327.78,True,False,0
pay_2b1b097e45234b,not_received,electronics,885,0,25492.25,True,False,0
pay_ff9c4f819c6848,not_received,electronics,372,0,19896.24,True,False,0
pay_11f1ec9ff8b146,fraud,electronics,485,0,19401.74,True,False,0
pay_4b2b1951878542,not_received,electronics,1467,0,19146.37,True,False,0
pay_21d16b8ed11f4e,fraud,digital_services,1453,0,2332.89,True,False,0
pay_7a6ddd22983243,not_received,apparel,377,0,2740.38,True,False,0
pay_04d9a55beeca40,not_received,apparel,10,6,4367.54,False,False,0
pay_21ccf104fa0145,fraud,apparel,1499,0,2076.8,True,False,0
pay_ea342db3e23f43,not_received,electronics,784,0,18578.57,True,False,0
pay_531fc5d0082a47,damaged,electronics,1347,0,26383.89,True,False,0
pay_edbb2feea4a245,damaged,electronics,893,0,20725.97,True,False,0
pay_165e1b027ba741,not_received,apparel,1,5,1662.96,False,True,1
pay_3fb527589b9e41,not_received,digital_services,122,0,4102.67,True,False,0
pay_2a36262f01194a,fraud,apparel,600,0,2757.45,True,False,0
pay_9e33e435ec3842,fraud,electronics,1200,0,25903.65,True,False,0
pay_1a491703a96a4f,not_received,apparel,294,1,3633.8,True,False,0
pay_8805682ce99a48,fraud,electronics,5,3,22302.18,False,True,1
pay_42703c52e9ab44,damaged,electronics,892,0,23114.22,False,False,0
pay_a079cae2146f4a,fraud,apparel,738,1,1984.83,True,False,0
pay_ab20b545937a43,fraud,apparel,820,0,3576.8,False,False,0
pay_0ffebf150a0945,fraud,digital_services,907,1,2676.95,True,False,0
pay_05034a1bad0742,damaged,apparel,724,0,4593.25,True,False,0
pay_445bb9f94e3040,not_received,electronics,114,0,18606.71,True,False,0
pay_f33a668c8bf844,not_received,electronics,817,0,24120.94,True,False,0
pay_728f5d83a9144f,fraud,electronics,906,0,33376.13,True,False,1
pay_db6ae226100b45,damaged,electronics,86,0,33974.22,True,False,0
pay_8619bd76bb7f45,fraud,electronics,945,0,24834.63,True,False,0
pay_5b5ee721187345,damaged,apparel,409,0,5351.84,True,False,0
pay_33e163a9b93b4e,not_received,electronics,234,0,31244.26,True,False,0
pay_0ede8a3b68bf4e,fraud,digital_services,703,0,1885.4,False,False,0
pay_22c28882ae4141,not_received,apparel,1,5,4239.03,False,True,1
pay_11221c3048f74c,not_received,electronics,466,1,16155.77,True,False,0
pay_d2962726f88549,fraud,apparel,5,6,3644.79,False,True,1
pay_2ef22fe1fe6a47,damaged,apparel,604,0,1030.73,True,False,0
pay_c990700d57f041,not_received,apparel,187,0,2475.84,True,False,0
pay_9701b7cc09274b,fraud,electronics,225,0,21736.91,True,False,0
pay_3660d4bfa7c34a,fraud,digital_services,788,0,4768.66,True,False,0
pay_8172de0e2f964c,not_received,electronics,194,0,32647.74,True,False,0
pay_fd4f25f1129342,not_received,digital_services,580,0,4042.53,False,False,0
pay_7c64d667212d4c,not_received,electronics,1089,0,25541.52,True,False,0
pay_cec8f60760ac41,not_received,apparel,684,1,3317.24,True,False,0
pay_e1b24492938843,not_received,apparel,705,0,4478.84,True,False,0
pay_c00e40a2dc954e,damaged,apparel,7,5,4418.93,False,True,1
pay_be3115f8b0f945,not_received,electronics,1069,0,26645.38,False,False,0
pay_43e51f175cbd41,damaged,electronics,6,2,31745.4,False,True,0
pay_5152142d51b842,fraud,apparel,776,0,2703.47,True,False,0
pay_83fbf4ac204541,fraud,digital_services,1053,0,1688.84,True,False,0
pay_c62687cbd67248,fraud,apparel,1301,0,1976.44,True,False,0
pay_b111ddfd20ec49,not_received,electronics,1048,1,28362.27,True,False,0
pay_440f0c0fd0c347,damaged,electronics,419,0,23279.96,True,False,0
pay_a8db9c72a81a46,fraud,apparel,1293,0,1786.99,True,False,0
pay_de74c9f13afb4a,fraud,electronics,10,4,20491.18,False,False,0
pay_d07f942d1f5148,damaged,electronics,151,2,32386.63,True,False,0
pay_80a8ecdd2da441,fraud,apparel,1168,0,2178.89,True,False,0
pay_41426ab0ff7646,not_received,apparel,1265,0,3784.46,True,False,0
pay_6a1ef117ec7f41,not_received,electronics,1032,0,23860.73,False,False,0
pay_5f9355227e1f45,damaged,electronics,13,3,25762.0,False,True,1
pay_88bc8b4e45e844,fraud,apparel,281,0,5013.9,True,True,1
pay_68e15cb4b4804d,fraud,electronics,1285,1,23932.51,True,False,0
pay_84aba3c6f7a84b,not_received,digital_services,675,0,3571.71,True,False,0
pay_ab9310c044cc48,damaged,electronics,688,2,39629.49,True,True,1
pay_389f2be7fc9848,not_received,electronics,274,0,23270.73,True,True,1
pay_cd24aeed6af64c,fraud,apparel,136,0,4259.87,True,False,0
pay_a4e2cfbb659945,not_received,apparel,1315,0,4309.86,True,False,0
pay_ce039577854244,damaged,electronics,1288,0,14833.8,True,False,0
pay_f92fd5e40fcc42,damaged,apparel,34,0,1542.63,True,False,0
pay_8dcb9d2aded340,damaged,electronics,223,0,27426.45,True,False,0
pay_2a931ecc796641,fraud,apparel,12,4,2341.52,False,False,0
pay_d1018fafae8c42,fraud,electronics,1251,0,20315.4,True,False,0
pay_8de1612ac2bc44,not_received,apparel,1195,0,1954.61,True,False,0
pay_37713f9fd56e46,damaged,apparel,1131,2,3413.87,True,False,0
pay_919996ad248145,fraud,apparel,1403,0,1651.51,True,False,0
pay_f99e1a052f4f4f,fraud,apparel,1221,1,3125.53,True,False,0
pay_c6c036e2f0fb4d,not_received,apparel,699,0,3601.23,True,False,0
pay_cd4a2042987c49,fraud,apparel,1128,0,3369.13,True,False,0
pay_08fbc778e6c941,fraud,electronics,6,2,28736.04,False,True,0
pay_3aad86445a7e4c,not_received,electronics,1459,0,32610.1,False,False,0
pay_0819d2fcc4ac49,not_received,apparel,928,1,4259.31,True,False,0
pay_90fec2d9c44d45,not_received,apparel,442,0,2122.01,True,False,1
pay_edd37f98228448,fraud,electronics,1,4,21680.57,False,True,1
pay_0bd61874fbd045,not_received,digital_services,1291,0,2619.82,True,False,0
pay_3dc5ff097be34c,not_received,apparel,12,4,3876.35,False,False,0
pay_577c81db082a49,not_received,apparel,718,0,2563.57,True,False,0
pay_be24e5f3c8474c,not_received,electronics,1188,0,26699.46,False,False,0
pay_4d36412397904c,fraud,electronics,1461,0,23463.97,True,False,0
pay_a04490d4b89749,fraud,apparel,796,0,4768.54,False,False,0
pay_91e53f223aa848,fraud,electronics,1,4,17871.08,False,False,0
pay_e948e2aecae542,fraud,apparel,11,4,3546.16,False,True,1
pay_fbca2d0597274a,not_received,digital_services,1186,0,2446.37,True,False,0
pay_867721e8baf341,damaged,apparel,7,5,1958.19,False,True,1
pay_02dc54c4b4b34e,not_received,apparel,505,2,4163.19,True,False,0
pay_30bd8f84283d4b,not_received,apparel,119,0,3183.41,True,False,0
pay_b91128a3bb6c43,fraud,electronics,650,2,26019.5,True,False,0
pay_8b6536431c4d44,not_received,digital_services,370,0,4916.83,True,False,0
pay_7db846406bb24d,fraud,digital_services,460,2,4312.43,True,False,0
pay_a56309771eb54b,fraud,apparel,1417,0,4350.88,True,False,0
pay_e41bfb35f8924d,fraud,electronics,1478,0,24756.76,True,False,0
pay_392d607117ef45,not_received,electronics,1485,0,15022.35,False,False,0
pay_c52d836329294a,damaged,electronics,347,0,36664.5,True,False,0
pay_106413866c114b,fraud,apparel,1138,0,3161.14,True,False,0
pay_aeba5e1a722847,fraud,electronics,4,4,20592.87,False,True,0
pay_439c94481bec41,not_received,apparel,735,0,2028.83,True,False,0
pay_1d0c8c99ac9741,fraud,apparel,647,0,3456.85,False,False,0
pay_44d0f4657aa248,damaged,electronics,901,0,25706.68,False,False,0
pay_e348feb1d1c640,not_received,apparel,685,2,4253.9,True,False,0
pay_c172dbd5298b40,damaged,electronics,704,0,25419.71,True,False,0
pay_668a0242db2248,not_received,digital_services,718,0,3572.49,True,False,0
pay_5aa59e3bae5147,not_received,electronics,271,0,13279.79,True,False,0
pay_93233e7e9af340,not_received,electronics,617,0,27991.24,True,False,0
pay_b2e33168d64643,not_received,electronics,851,0,22417.62,True,False,0
pay_d01c1349499c4c,not_received,digital_services,564,0,3334.75,True,False,0
pay_ad08f8ee3da848,fraud,apparel,1287,0,3642.17,True,False,0
pay_a0005215a69543,not_received,apparel,1155,0,1501.83,True,False,0
pay_684dfdfb3e6646,not_received,electronics,43,0,21266.24,True,False,0
pay_e37ed347332b46,damaged,apparel,1150,0,2350.94,True,False,0
pay_826362a6258b4d,not_received,electronics,1229,0,31274.73,True,False,0
pay_bafaab6ee7c447,not_received,digital_services,1059,0,1371.3,True,False,0
pay_f912effc4c4743,fraud,digital_services,5,5,3309.81,False,True,1
pay_1c106d3a13d54e,not_received,apparel,707,0,3248.03,True,False,0
pay_dcf4165967ff45,not_received,digital_services,274,0,4281.22,True,False,0
pay_9d7e21b9dfeb4d,damaged,electronics,572,0,24154.55,True,False,0
pay_b298bf1e434448,damaged,electronics,727,0,20780.12,True,False,0
pay_d423bc8c3f5c48,fraud,electronics,1070,0,28679.59,True,False,0
pay_571b1b3834a74c,damaged,electronics,1036,2,24895.13,True,False,0
pay_fae96c008ed74d,fraud,digital_services,9,3,2871.94,False,False,0
pay_37f16f034c9f4a,fraud,electronics,1294,0,21279.21,True,False,0
pay_f8f81ff7896b49,not_received,digital_services,1010,0,1809.29,True,False,0
pay_fed403455a004d,fraud,apparel,204,0,2385.59,False,False,0
pay_ee202ed72e5249,not_received,electronics,3,5,23833.0,False,False,0
pay_49edaf4a0c8a45,fraud,electronics,547,0,25968.54,False,False,0
pay_1c484ec487a740,fraud,electronics,39,0,26013.84,False,False,0
pay_0fd537174b2a4d,not_received,electronics,599,0,24169.35,True,False,0
pay_8437ce0c53b64c,not_received,apparel,581,0,4808.04,True,False,0
pay_606b5020ea0741,damaged,apparel,6,5,4362.44,False,False,0
pay_c19cc13838a34d,not_received,apparel,692,0,2480.84,True,False,0
pay_1703f3b8eb7e47,not_received,apparel,684,1,2633.71,True,False,0
pay_e250fdc1a82547,fraud,electronics,326,1,24627.35,False,False,0
pay_42321fec2d564a,fraud,electronics,5,6,23222.49,False,False,0
pay_b207a6ba4c3d4a,fraud,digital_services,1430,0,2307.13,True,False,0
pay_bfb4cec08dc240,not_received,electronics,372,0,22614.39,True,False,0
pay_3c61a9ad1f1f42,not_received,electronics,270,0,21916.45,True,False,0
pay_91fe65a1bd474e,not_received,apparel,592,0,3322.48,True,False,0
pay_6bdb8ddc3c5643,not_received,digital_services,12,4,2775.72,False,True,1
pay_c39fd9417d4143,not_received,digital_services,1049,2,2795.14,True,False,0
pay_96886a3271bc44,fraud,electronics,11,4,22235.64,False,True,0
pay_5b55638585554a,fraud,apparel,1276,0,4272.67,False,False,0
pay_649fcf9876b549,damaged,electronics,915,0,29797.78,True,False,0
pay_a5180ca161ff46,not_received,digital_services,547,0,1170.51,True,False,0
pay_7785f97e7a7f41,damaged,electronics,7,2,25340.09,False,False,0
pay_4c41c23b2bb24d,fraud,electronics,10,6,14583.79,True,True,1
pay_a213ee643c644e,damaged,digital_services,825,0,2808.76,True,False,0
pay_a15f3118287c4e,fraud,digital_services,1197,0,494.73,True,False,0
pay_3cc34030c9934d,fraud,apparel,9,2,1712.98,False,True,0
pay_38054305aee740,damaged,electronics,1227,0,19749.53,True,False,0
pay_dd46f85270e147,fraud,apparel,790,1,3027.16,True,False,0
pay_dbb74a91e26a46,not_received,digital_services,11,3,3653.72,False,True,1
pay_e8985ac150da4a,fraud,apparel,508,0,2521.45,True,False,0
pay_948dbd4a97bd4e,not_received,electronics,39,0,19840.34,True,False,0
pay_b5712c9c98164c,damaged,electronics,1212,0,21097.33,True,True,1
pay_c4d9637daab849,fraud,digital_services,600,0,3995.26,True,False,0
pay_acb4f1b2d97741,not_received,apparel,1287,0,3487.03,True,False,0
pay_dedde28f6de24c,fraud,apparel,163,2,2332.14,True,False,0
pay_eb7e9da1075b45,not_received,electronics,1419,0,24256.07,True,False,0
pay_c81bed7dc76244,fraud,apparel,902,0,4264.51,True,True,1
pay_f4dcb63e35bc4d,fraud,digital_services,690,0,3973.68,True,False,0
pay_92a675b6904245,fraud,electronics,1206,1,17676.12,True,False,0
pay_4a0a8d09f3fc4d,fraud,apparel,452,1,2500.13,True,False,0
pay_05dd2c90afb045,damaged,electronics,577,0,26262.8,True,False,0
pay_e07630b5970a48,fraud,electronics,1215,0,25361.81,True,False,0
pay_a8f21a8e9f3c48,fraud,apparel,357,0,2322.89,False,False,0
pay_881ba7924ad04d,not_received,digital_services,43,0,2813.96,True,False,0
pay_656bdde5141545,fraud,apparel,78,1,1609.74,False,False,0
pay_5784dd806a6a4a,not_received,electronics,1396,1,21073.51,True,False,0
pay_33de54fa94bb49,damaged,electronics,625,2,20512.33,True,False,0
pay_2f939723981a45,not_received,digital_services,601,1,4433.74,True,False,0
pay_979d36b631ec4a,damaged,electronics,373,0,25595.49,True,False,0
pay_5f32e13c452547,not_received,digital_services,490,0,3573.01,True,False,0
pay_1e23121f75b54a,fraud,electronics,702,0,17796.75,True,False,0
pay_2f43d75996ec49,not_received,digital_services,703,0,3388.69,True,False,0
pay_f973715209c24d,not_received,digital_services,4,6,2692.68,False,True,1
pay_218283abf7a14d,not_received,electronics,829,0,16882.07,True,True,1
pay_ca563c3507b74e,damaged,apparel,1287,0,3986.41,True,False,0
pay_234d55f1999d43,not_received,electronics,1492,0,36489.13,True,False,0
pay_a689750cb24c48,damaged,electronics,2,5,21939.44,False,True,1
pay_cc71d82b15e14a,not_received,apparel,899,0,4313.49,False,False,0
pay_3cad51d9cad84e,not_received,apparel,1002,0,2835.23,True,False,0
pay_cc4760f7be024c,not_received,electronics,667,0,25652.45,True,False,0
pay_376bd8bfc81144,fraud,apparel,782,0,1840.05,True,False,0
pay_8bf233d3749d4a,damaged,electronics,8,6,30352.11,False,True,1
pay_4d027b78598043,not_received,electronics,6,3,32052.04,False,True,1
pay_e283a2e6136e41,fraud,apparel,1,6,3177.18,False,True,1
pay_dcab31b603284d,fraud,apparel,901,0,3473.73,True,False,0
pay_f2f3fe5261f643,not_received,apparel,171,0,1844.73,True,False,0
pay_7611a9cbc5b64c,fraud,apparel,1043,0,2940.3,True,False,0
pay_df967fb6635b43,fraud,digital_services,6,6,2226.23,False,True,1
pay_047ba66a112442,not_received,apparel,36,0,4354.03,True,False,0
pay_a24b065c175148,fraud,electronics,878,2,18341.19,True,False,0
pay_69397e86b9b44f,not_received,apparel,1214,0,2584.66,True,False,0
pay_aeb56175ccc741,fraud,apparel,4,6,2891.96,False,True,0
pay_d83bc7b347514e,fraud,apparel,1323,0,3524.58,True,False,0
pay_22b4402ac82f43,not_received,apparel,979,2,2003.16,True,False,0
pay_1b2a7d01c76d4e,not_received,electronics,7,6,13335.12,False,True,1
pay_24803d4b084840,fraud,electronics,997,1,22816.96,True,False,0
pay_a1cd25626c8b41,fraud,apparel,70,0,1351.98,True,False,0
pay_8aa195f02b3745,not_received,electronics,933,0,18410.39,True,False,0
pay_cc79335f03754b,fraud,apparel,878,0,2491.62,False,True,0
pay_351c5d883bbe48,fraud,apparel,1098,0,2935.71,True,False,0
pay_551b3a316c9c46,fraud,apparel,1189,0,2217.89,True,False,0
pay_2f2f25713a9d4b,damaged,apparel,914,0,4567.7,True,False,0
pay_26710a82b84d4e,not_received,electronics,163,0,30748.56,True,False,0
pay_a0d30a04213043,not_received,digital_services,464,0,4641.24,True,False,0
pay_31fd4df6c41047,not_received,apparel,4,2,4147.5,False,True,0
pay_31a386317e0847,not_received,apparel,1019,0,2898.67,False,False,0
pay_76b157fd008a41,not_received,electronics,820,0,36467.07,True,False,0
pay_003b1e56deb445,not_received,electronics,13,5,31059.57,False,True,0
pay_55a204f5ec2849,fraud,apparel,326,0,3653.33,True,False,0
pay_a404890453ee44,not_received,electronics,1067,1,30750.9,True,False,0
pay_c24cbe3c05f74c,not_received,electronics,824,0,21484.91,True,False,0
pay_481fe51eb9a444,not_received,electronics,12,6,29482.37,False,False,0
pay_28680e221e4d40,fraud,apparel,169,0,5395.88,False,False,0
pay_189b0090a50d4d,fraud,apparel,1160,0,3483.34,True,False,0
pay_0c30cd5cc5bc4d,not_received,apparel,992,0,3010.41,True,False,0
pay_5eeadf39819c41,not_received,digital_services,1118,0,3023.85,False,False,0
pay_cfe1079502954e,damaged,electronics,664,0,22201.59,True,False,0
pay_b9ab69c54b384a,fraud,apparel,687,0,2615.17,True,False,1
pay_41b25fab922f4e,not_received,electronics,3,4,39770.41,False,True,1
pay_3e3813544d6b4a,not_received,apparel,1496,0,1325.42,True,False,0
pay_9141924b2a0944,damaged,apparel,179,0,2914.01,True,False,0
pay_98d4e597a15043,not_received,electronics,1415,0,26213.66,True,False,1
pay_5f81d5ffa6aa47,not_received,electronics,811,0,26130.43,True,False,0
pay_a95c6ab2c3d042,not_received,digital_services,70,1,3793.17,True,False,0
pay_b2735d7eabd843,not_received,electronics,1317,0,28713.06,True,False,0
pay_5c791affe90644,damaged,apparel,400,0,3972.43,True,False,0
pay_74b25a02c60145,fraud,digital_services,492,0,2223.49,True,False,0
pay_9cb8ac22021444,fraud,apparel,1443,0,2464.47,True,False,0
pay_e99fdf3fafaa4b,damaged,apparel,868,0,3442.01,False,False,0
pay_8e50ac2f3bd44a,not_received,digital_services,381,0,4055.91,True,False,0
pay_fbced210ba1a4e,not_received,electronics,152,0,27984.07,True,False,0
pay_a47aa4a69eec4c,not_received,electronics,1446,0,23085.2,True,False,0
pay_6c8f8d2329ea49,fraud,apparel,369,0,3190.38,True,False,0
pay_0b185cf7c7e244,not_received,apparel,583,0,1571.27,True,False,0
pay_2affc74fbcc744,not_received,electronics,580,1,21280.92,True,False,0
pay_78226901d1fb41,fraud,electronics,95,0,20839.84,False,False,0
pay_f180c8b1d34b4c,fraud,electronics,1117,0,20366.73,True,False,0
pay_f7f7d1793bef49,damaged,digital_services,1242,1,3243.13,True,False,0
pay_70e6f3fffe9746,fraud,apparel,1219,0,3523.91,True,False,0
pay_934e3be860fa45,damaged,digital_services,1375,0,3331.95,True,False,0
pay_80081cd4052b4e,fraud,digital_services,1004,0,3384.78,True,False,0
pay_51d3b41b66c648,not_received,apparel,1448,1,2446.01,True,False,0
pay_dec6406f76224c,damaged,apparel,9,6,2924.24,False,False,0
pay_5b7402b7e1a348,not_received,electronics,678,1,27986.99,True,False,0
pay_eb9199048f3341,not_received,electronics,3,5,27247.76,False,False,0
pay_cbaf966e7e3843,not_received,apparel,476,0,4701.5,True,False,0
pay_6e95cdd5608640,fraud,electronics,650,2,37432.43,True,True,1
pay_4746be783dce42,fraud,electronics,1032,0,33603.38,True,False,0
pay_556e804cda5543,damaged,apparel,935,2,1681.23,True,False,0
pay_c55d49a0268e45,not_received,apparel,2,3,1942.64,False,False,0
pay_3bb94267aa634d,not_received,apparel,1397,0,1870.66,False,False,0
pay_4b000f2f2a1a44,fraud,electronics,1,3,12423.15,False,False,0
pay_269d50e1fa5640,fraud,electronics,61,0,24858.1,True,False,0
pay_222e652a49c441,fraud,apparel,1121,0,2096.15,True,False,0
pay_fad6d0b1128040,not_received,digital_services,1156,0,2767.04,True,False,0
pay_e420e669c74c4e,not_received,digital_services,676,0,4382.53,True,False,0
pay_d64ba55b54ef4f,not_received,electronics,1226,0,25317.13,True,False,0
pay_1d541e06707e4e,damaged,electronics,857,0,21971.28,True,False,0
pay_4a6944c501974b,fraud,digital_services,442,0,3333.85,True,False,0
pay_c9c6c6a8969c4f,fraud,electronics,5,6,27863.32,False,True,1
pay_a3f1bdb68db342,fraud,electronics,903,1,21931.22,False,False,0
pay_862c87245d8248,not_received,electronics,203,2,23837.5,True,False,0
pay_6c4fd025bca343,fraud,apparel,121,0,2686.77,True,False,0
pay_7e5bae32dd444c,damaged,apparel,9,4,2751.49,False,False,0
pay_12d092827dda44,fraud,electronics,1223,0,19574.13,True,False,0
pay_e2ad11096d3a4a,damaged,apparel,10,3,1854.6,False,False,0
pay_d92db1b355c143,not_received,electronics,1047,0,21457.65,True,False,0
pay_50688db63d9b48,damaged,apparel,59,0,2253.67,True,False,0
pay_fa9a9479b80f4b,not_received,apparel,316,1,1717.55,True,False,0
pay_7216390841a245,damaged,apparel,710,0,4797.29,True,False,0
pay_6e9d61bba73948,fraud,electronics,7,5,25336.5,False,True,0
pay_737b021bc7b14c,not_received,apparel,1126,0,5235.05,True,False,0
pay_93d7059aa8d14e,damaged,apparel,38,0,4286.4,True,False,0
pay_1d4e1642a3574d,fraud,apparel,188,0,3345.13,True,False,0
pay_663eef69b7b94b,fraud,apparel,173,0,3394.56,True,False,0
pay_eb03d66eeb5f42,not_received,apparel,832,0,4512.37,True,False,0
pay_820398beff5a44,damaged,electronics,10,3,21517.57,False,True,1
pay_2d9bbf09155f4f,not_received,electronics,779,0,26142.91,True,False,0
pay_4844dd5b08bf4f,not_received,electronics,13,4,26604.27,False,True,0
pay_fc99949ef09941,fraud,apparel,1020,0,3753.39,True,False,0
pay_011d6b4308cd4c,fraud,apparel,170,0,5435.28,True,False,0
pay_0726836b48724a,damaged,apparel,10,4,3840.99,False,True,1
pay_1395a37beee447,fraud,apparel,1,6,2457.77,False,True,0
pay_0a604b089c4740,not_received,digital_services,208,1,1994.89,True,False,0
pay_cad787127e0347,damaged,electronics,1181,0,26871.98,True,False,0
pay_bc5776806ca149,fraud,electronics,964,0,27136.28,True,False,0
pay_e91ec6e1933440,not_received,digital_services,100,1,3532.71,True,False,0
pay_6bd63e01597248,fraud,electronics,535,1,21543.22,True,False,0
pay_8c52243f9a804d,not_received,apparel,3,2,4001.56,False,True,0
pay_e117a092931949,fraud,electronics,10,6,24791.33,False,True,0
pay_d45f931c154b46,not_received,digital_services,1485,0,2984.38,False,False,0
pay_f837205cde1345,fraud,apparel,94,0,1967.15,True,False,0
pay_e172ecf7ec8c43,not_received,electronics,3,6,23394.14,False,False,0
pay_62f28e59b3434d,not_received,apparel,459,0,2226.74,True,False,0
pay_2c074d495b304d,fraud,electronics,320,0,21412.43,True,False,0
pay_555ce777980344,not_received,digital_services,860,0,3057.59,True,False,0
pay_68cac6c5c39940,fraud,electronics,1384,0,26190.9,True,False,1
pay_c37248a6d84b49,not_received,apparel,895,0,3465.06,True,False,0
pay_0e7abdb34b7548,fraud,electronics,495,0,21950.54,True,False,0
pay_017708a9238d49,not_received,digital_services,60,0,4328.85,True,False,0
pay_107fd1951e864a,fraud,digital_services,89,0,3270.04,False,False,0
pay_f1898c2b175a40,not_received,apparel,13,4,1899.51,False,True,1
pay_6f671d2e8ff44d,fraud,digital_services,1050,2,2558.5,True,False,0
pay_234d56743adb4b,not_received,electronics,322,0,23792.0,True,False,0
pay_eff85f3cdcad48,fraud,digital_services,12,5,3371.39,False,True,0
pay_85a44105064a45,damaged,apparel,57,0,3667.1,True,False,0
pay_eec9516c9e2f44,damaged,digital_services,306,0,2271.75,True,False,0
pay_0f424c33369943,fraud,apparel,1053,0,3582.64,True,False,0
pay_b64e41f152334b,not_received,electronics,1040,0,21340.07,True,False,0
pay_eb2c5ed45c8047,fraud,apparel,1106,0,3368.75,True,False,0
pay_5dde8be1c09d4f,fraud,electronics,5,4,20083.67,False,True,0
pay_2a259ca14c7f47,not_received,apparel,173,0,3237.99,True,False,0
pay_af6531fae42140,not_received,apparel,1296,0,4356.14,True,False,0
pay_98de747990d34f,not_received,electronics,43,0,23792.91,True,False,0
pay_e28d5f6e19b240,fraud,digital_services,1011,0,3679.84,True,False,0
pay_fd67705f83a548,fraud,digital_services,903,0,4410.16,True,True,1
pay_a9b5319c11fd42,fraud,digital_services,1395,0,1021.82,True,False,0
pay_34a14d696e0646,not_received,apparel,539,0,1338.59,False,False,0
pay_112c1ef4afb640,not_received,apparel,1248,0,4715.35,True,False,0
pay_b0665e6f8d844d,not_received,apparel,900,0,1988.09,True,False,0
pay_06e89b633da54e,fraud,electronics,5,6,21804.91,False,True,0
pay_2735f78583744c,fraud,digital_services,7,6,3980.07,False,True,0
pay_1acf153ad15c40,fraud,digital_services,1098,0,2043.79,False,False,0
pay_bdabb0a605594b,fraud,apparel,1168,0,2851.27,True,False,0
pay_3a0cbe4172dc4f,fraud,digital_services,972,0,3304.22,True,False,0
pay_6a35f24c417f4a,damaged,apparel,750,0,2775.18,True,False,0
pay_cf8c2596c84046,damaged,apparel,746,0,2714.3,False,False,0
pay_1b431c619b764d,not_received,digital_services,602,1,4787.71,True,True,1
pay_afbc76d077da45,not_received,apparel,469,2,2964.03,True,False,0
pay_d8cadf3bc6f440,fraud,apparel,1,4,3084.15,False,True,1
pay_64fb4472a11041,damaged,electronics,86,0,26894.16,True,False,0
pay_6c902e07f0264a,fraud,apparel,951,0,5862.5,True,False,0
pay_c80550c412a84c,damaged,apparel,9,6,1284.8,False,False,0
pay_900efabd1ef245,not_received,apparel,1129,0,2076.76,True,False,0
pay_b4d4e0730d5f46,fraud,apparel,4,3,2872.44,False,True,0
pay_dc213694982343,damaged,electronics,378,1,21061.04,True,False,0
pay_5f7542b43d1441,fraud,apparel,1,2,2692.76,False,False,0
pay_76f21886182a45,not_received,digital_services,1162,0,3411.63,True,False,0
pay_f157c0ba5e7c46,not_received,electronics,426,0,26838.05,True,False,0
pay_fe547160d3b545,fraud,electronics,1226,0,21661.97,True,False,0
pay_8eb5eff161cd40,not_received,electronics,402,0,24958.14,True,False,0
pay_4a1cb7c4f2a34e,not_received,digital_services,165,0,1601.68,True,False,0
pay_f1ed48eb8fef48,not_received,apparel,431,0,2481.37,True,False,0
pay_63627e8ad8c54a,fraud,digital_services,7,5,5309.21,False,True,0
pay_130564e671ac41,damaged,apparel,318,0,3695.36,True,False,0
pay_2759f7cab0864c,fraud,apparel,1001,0,2962.98,True,False,0
pay_7b89731956c542,fraud,apparel,1119,0,1693.98,True,False,0
pay_c4adc11ca6bf48,fraud,electronics,173,0,23337.51,True,False,0
pay_33955250b6da4d,fraud,electronics,648,2,28168.59,True,False,0
pay_ba9f9859af7f4e,fraud,apparel,328,0,2335.06,True,False,0
pay_d2f1fca6750543,damaged,electronics,770,0,26964.73,True,False,0
pay_0ef92c5f343a45,fraud,electronics,1192,1,18922.81,True,False,0
pay_12afa17c611349,fraud,electronics,11,4,24447.33,False,True,0
pay_bcd14500fa284a,fraud,electronics,1097,0,22754.81,True,False,0
pay_22a00963583d41,not_received,electronics,677,0,34713.69,True,False,0
pay_ff2455c90b2f48,damaged,apparel,871,0,1839.07,True,False,0
pay_723dde2b63ed44,fraud,electronics,1123,0,19982.89,True,False,0
pay_e7a0ae953fe04a,fraud,electronics,413,0,16169.95,True,False,0
pay_b9aca0651e9941,fraud,electronics,153,0,23606.8,True,False,0
pay_526399cf55f24e,fraud,apparel,1374,0,1797.99,True,True,1
pay_8e1926575a1246,fraud,apparel,1176,0,932.33,True,False,0
pay_7452f6fa0e0a41,not_received,digital_services,244,0,2879.13,True,False,0
pay_b7e5646c9ab74d,fraud,digital_services,6,5,1590.47,False,False,0
pay_71b2b7c700ed4e,not_received,electronics,1003,0,13215.23,True,True,1
pay_0bbc5cb034054f,fraud,electronics,234,0,26593.41,True,False,0
pay_8b938571bbe94f,damaged,electronics,561,0,25165.81,True,False,0
pay_69361681b1f541,damaged,digital_services,384,0,5085.81,True,False,0
pay_971912a61ac940,not_received,apparel,1041,0,2824.14,True,True,1
pay_67ca0905393440,fraud,electronics,590,1,30030.31,True,False,0
pay_9e278f8dd65a47,fraud,electronics,1040,2,31715.27,True,False,0
pay_6da6c1c8b39548,not_received,apparel,684,0,2971.99,True,False,0
pay_fc980e2e2a2946,not_received,electronics,290,0,22148.64,True,False,0
pay_cecfaee1ce964f,not_received,digital_services,1362,0,4156.07,True,False,0
pay_c2d1f639ece243,damaged,apparel,454,0,2043.91,True,False,0
pay_a3dadca3996543,damaged,apparel,78,1,2213.58,True,False,0
pay_68aed7c6911748,fraud,apparel,2,3,2457.51,False,True,1
pay_c1fdb6a7154e4b,not_received,electronics,386,0,20362.02,True,False,0
pay_7a29406f55384a,fraud,apparel,232,1,3156.89,True,False,0
pay_b2b13065917249,fraud,apparel,1252,0,2711.85,True,False,0
pay_1009dcfe46e641,not_received,electronics,353,1,24684.38,True,False,0
pay_2b3b3e20f8094d,fraud,apparel,308,1,2585.49,False,False,0
pay_41ec03a51aff44,damaged,digital_services,55,0,3175.31,True,False,0
pay_2dc5a045f25443,fraud,electronics,845,0,26513.41,True,False,0
pay_376b9c76d44a41,not_received,apparel,729,0,2143.87,False,False,0
pay_db7f37ef11c34e,not_received,electronics,794,0,30948.98,False,False,0
pay_9a588acd45ed4b,not_received,apparel,429,0,3304.8,True,False,0
pay_915cf54f3b1442,fraud,electronics,756,0,12714.54,True,False,0
pay_a647361594b346,damaged,apparel,976,0,1628.15,True,False,0
pay_5441fce12ceb40,not_received,electronics,720,0,27105.92,True,False,0
pay_efab355b4e6a4f,not_received,electronics,914,0,24635.96,True,False,0
pay_55794f26f18d42,fraud,apparel,1412,0,1998.63,True,False,0
pay_22a7869a25534a,not_received,apparel,1226,0,3293.72,True,False,0
pay_192003fcffe541,damaged,digital_services,1389,0,2841.39,True,False,0
pay_0f79f848cdd84d,not_received,apparel,654,0,2731.59,True,False,0
pay_08e8a28114ff47,damaged,apparel,296,0,2703.83,False,False,0
pay_a03cbd69a42f44,not_received,apparel,971,0,1930.12,False,False,0
pay_fa52492d99324a,fraud,electronics,1276,0,29756.7,True,True,1
pay_85fa76e811ea4b,fraud,electronics,1269,0,24186.05,False,False,0
pay_37b3fd9cb84047,fraud,electronics,7,5,17731.91,False,True,1
pay_82a43e4c71844b,not_received,electronics,1463,0,33559.56,True,False,0
pay_a0ad3eedae1248,not_received,electronics,351,0,22172.15,False,False,0
pay_51ceaeb7e96f4c,fraud,digital_services,342,0,2933.7,True,False,0
pay_e449ac3c91484d,not_received,digital_services,108,0,2781.33,True,False,0
pay_9fcfe51458d64f,not_received,digital_services,13,5,2022.76,False,False,0
pay_c51732d5e86147,not_received,digital_services,275,1,3074.08,True,False,0
pay_4561ac1b5bbe49,fraud,apparel,778,0,1813.52,True,False,0
pay_486bf04cd2224b,fraud,electronics,1154,0,23961.74,True,False,0
pay_9153dd9db25a42,fraud,apparel,563,0,4595.41,True,False,0
pay_f4eddcc2d7244a,fraud,digital_services,2,5,2574.85,False,True,1
pay_1e515acd2a974a,fraud,apparel,1377,0,1995.89,True,False,0
pay_888327296b114d,fraud,apparel,8,5,3845.14,False,True,1
pay_d6cbde55eb8443,not_received,electronics,1053,0,29113.0,True,False,0
pay_52a9e917b8284a,fraud,apparel,1075,0,2889.99,False,False,0
pay_cb056addb3444e,damaged,electronics,52,0,18428.31,True,False,0
pay_9c7064b0585e49,fraud,electronics,1117,0,16577.67,True,False,0
pay_703d5230f9bf4d,fraud,digital_services,1398,1,3283.88,True,False,0
pay_c95d70b07c8641,fraud,electronics,12,5,24228.37,False,True,1
pay_2e18ca6b0db14f,fraud,digital_services,49,0,3829.89,True,False,0
pay_3f81c390d5884d,damaged,electronics,281,2,23192.5,True,False,0
pay_3f7b2ff06d2a48,fraud,digital_services,6,4,3661.47,False,False,0
pay_d33bf3b5b65c44,damaged,apparel,910,0,3919.91,True,False,0
pay_094eae5f2d0148,damaged,apparel,11,3,3970.95,False,False,0
pay_3134a91c36d74e,not_received,electronics,669,0,30186.72,True,False,0
pay_ec1cb929862045,not_received,apparel,969,0,3268.99,False,False,0
pay_090b5f650d954c,not_received,digital_services,12,3,3427.71,False,False,0
pay_d77ca003147a4d,fraud,electronics,1165,0,25563.87,True,False,0
pay_0de9339b865649,not_received,electronics,566,0,20095.07,True,False,0
pay_5cdb7d97e0a14f,fraud,electronics,270,0,31326.07,True,False,0
pay_dbc70743dbdc43,fraud,electronics,751,0,30386.75,True,False,0
pay_5797f5135a6849,not_received,electronics,428,0,30284.35,False,False,0
pay_592af73b927b41,not_received,apparel,10,6,2714.87,False,True,0
pay_6bb98035240f42,damaged,electronics,6,6,25990.8,False,True,1
pay_afce83c9ef6e42,fraud,apparel,1160,0,100.0,True,False,0
pay_7e766f4266744c,damaged,digital_services,514,0,3402.23,True,False,0
pay_e4532ca3608a46,fraud,apparel,1388,0,1875.55,True,False,0
pay_87472c98000b4f,fraud,electronics,551,0,17177.58,False,False,0
pay_62fb454f8e6748,fraud,apparel,992,0,3440.42,False,False,0
pay_3542fbb3ba0444,not_received,electronics,772,0,28903.31,True,False,0
pay_437dffac92c446,fraud,electronics,596,0,17785.87,True,False,0
pay_f035417a0ed947,not_received,electronics,536,0,25931.83,True,False,0
pay_7e8b458752f145,damaged,digital_services,375,0,2730.93,True,False,0
pay_1dc725375da34c,not_received,apparel,10,6,2908.49,False,True,0
pay_c4e33944b6084f,not_received,electronics,1336,0,24463.41,True,False,0
pay_455b74a7648644,damaged,apparel,1129,0,3530.77,True,False,0
pay_62fa336c78f64a,not_received,electronics,61,1,22285.53,True,False,0
pay_d9ea93a379374e,not_received,digital_services,644,0,2497.21,True,False,0
pay_ed2a021c04b94c,fraud,digital_services,1345,0,2942.37,True,False,0
pay_254a07b0743442,damaged,electronics,724,0,27366.6,True,False,0
pay_134627f91b9142,not_received,electronics,867,0,20483.48,False,False,0
pay_b7087dc86a6441,fraud,apparel,9,2,2390.66,True,True,1
pay_c503b92d685342,fraud,apparel,207,0,2586.65,True,False,0
pay_701dbd0a580441,damaged,electronics,175,0,26018.93,True,False,0
pay_f4e1591f85e843,fraud,apparel,10,3,437.04,False,True,0
pay_4e96da733f6e4b,damaged,electronics,1348,1,20453.45,True,False,0
pay_96506bcc93b94d,fraud,apparel,1040,0,3572.42,False,False,0
pay_8b04d3261f7a4d,not_received,electronics,1034,0,26649.8,True,False,0
pay_c799990d6b0945,fraud,apparel,1391,0,2584.73,True,False,0
pay_6756111d68f242,not_received,apparel,333,0,480.57,True,True,1
pay_b6146f589fb041,damaged,apparel,6,3,3617.29,False,False,0
pay_ad660867cb9940,not_received,apparel,669,0,3756.08,True,False,0
pay_6ad9aaf24ec049,not_received,apparel,460,1,2867.39,False,False,0
pay_3d2bf8347a944d,fraud,electronics,183,0,24548.17,True,False,0
pay_2d1956bc0d4e4f,fraud,electronics,787,0,31336.46,True,False,0
pay_d7d552a0ffb645,fraud,electronics,1308,0,35473.04,True,False,0
pay_6a20928c964a48,not_received,electronics,1171,1,22056.74,True,False,0
pay_07a3ab80400842,fraud,apparel,664,0,4795.49,True,False,0
pay_66e112ccc5094b,fraud,electronics,134,1,20117.82,True,False,0
pay_864a3d3d480c4a,not_received,electronics,805,0,28224.32,False,False,0
pay_f1cd8ddd91ad44,not_received,digital_services,7,6,3698.27,False,True,1
pay_31b268e77ca54c,not_received,apparel,629,0,3192.57,False,False,0
pay_e88e954e368d41,fraud,apparel,11,5,2711.13,False,True,1
pay_01653971ad1c49,fraud,electronics,51,0,20499.77,True,False,0
pay_582d1f683fbc48,damaged,electronics,11,2,23074.52,False,True,1
pay_2c786556cc1d46,fraud,apparel,220,0,3165.49,True,False,0
pay_c9cad24ddcf044,damaged,digital_services,3,6,2637.78,False,True,1
pay_2e9270419ca140,damaged,electronics,615,0,24448.48,False,True,1
pay_a1446e98c57144,not_received,apparel,926,0,4656.13,False,False,0
pay_1c89fbc9f26740,fraud,digital_services,928,0,3638.14,True,False,0
pay_909966dc3a264e,damaged,apparel,2,5,4497.03,False,True,1
pay_3791b5556aa340,not_received,apparel,5,6,3472.0,False,False,0
pay_21463fd7084a49,not_received,apparel,981,0,2297.59,True,True,1
pay_5146e7be1d2049,fraud,digital_services,184,0,2457.97,True,False,0
pay_5701eff3ecde40,fraud,apparel,44,0,3098.14,True,False,0
pay_38435839cc814c,fraud,digital_services,628,0,2002.04,True,False,0
pay_c780f30f858946,not_received,apparel,2,5,4606.31,False,True,0
pay_fae3f415cf0e4c,not_received,digital_services,907,0,3877.75,True,False,0
pay_e746d918bca142,fraud,digital_services,1130,0,2318.26,True,False,0
pay_315bd46bf9ff40,not_received,apparel,1213,1,3486.64,True,False,0
pay_575b941108ad43,fraud,apparel,846,0,1946.96,True,False,0
pay_c10c1eab6a6543,not_received,apparel,12,5,767.27,False,True,1
pay_53c624ea27124d,damaged,apparel,653,0,1922.16,True,False,0
pay_c6f02095fc4241,fraud,digital_services,1286,0,3406.91,True,False,0
pay_7f8a64734c0348,fraud,electronics,445,0,26582.46,True,True,1
pay_eebd72b9c9b94c,fraud,apparel,1174,0,1682.49,True,False,0
pay_af742fc68cb14a,not_received,apparel,2,6,2731.51,False,False,0
pay_f69566ce2c324f,not_received,apparel,697,2,3871.92,False,False,0
pay_2fd3be93779346,damaged,apparel,390,0,4198.17,True,False,0
pay_f4c4cd71ec8f4f,fraud,electronics,1401,1,28448.99,False,False,0
pay_af2bc47552bd43,damaged,apparel,105,0,3445.65,True,False,0
pay_90d1084fbf284a,fraud,digital_services,247,2,2546.27,True,False,0
pay_ed3daef6a2d041,not_received,digital_services,2,4,3269.53,False,True,0
pay_7f23c0bf86e840,fraud,electronics,219,0,26459.61,True,False,0
pay_b6b6ee6541d34a,damaged,apparel,1143,0,3065.75,True,False,0
pay_82cc0721d77640,not_received,digital_services,13,5,2112.89,False,False,0
pay_0bd8b872bb0e45,not_received,apparel,253,0,3960.47,False,False,0
pay_d34c30d6149b4e,damaged,apparel,665,0,3142.32,True,False,0
pay_b65d9fe685e445,fraud,electronics,427,0,25014.64,True,False,0
pay_fdf061001f404d,fraud,apparel,1424,0,3345.41,True,False,0
pay_3acef65399144d,damaged,apparel,310,1,1258.07,True,False,0
pay_9482e6d2fbd54b,fraud,apparel,734,0,4091.71,True,False,0
pay_60b90cd7afcb4e,fraud,apparel,456,0,1606.67,True,False,0
pay_489fac8aa03945,not_received,apparel,1133,0,2758.59,True,False,0
pay_35a28f5f0ab74f,not_received,digital_services,382,0,2078.98,True,False,0
pay_4904d92394f74d,fraud,apparel,755,0,3594.0,False,False,0
pay_cdde50a4c4484e,fraud,apparel,524,0,4258.59,False,False,0
pay_16dcf6c6d7cd49,fraud,digital_services,1309,0,2685.04,True,True,1
pay_a9868d5b32894f,not_received,digital_services,1183,0,4261.35,True,False,0
pay_f2625346b6504e,damaged,digital_services,1168,0,2944.31,True,False,0
pay_8f5d0ac3811f49,damaged,apparel,13,2,3141.69,False,True,1
pay_4de21e89b7164b,not_received,apparel,92,0,1104.29,True,False,0
pay_26d5fc3e14e449,fraud,electronics,1159,0,20720.62,False,False,0
pay_529397f4196a45,damaged,electronics,2,3,21905.34,False,True,1
pay_933705cdece149,not_received,apparel,1218,0,4170.23,False,False,0
pay_57fa1d21e29940,fraud,apparel,1341,0,3630.88,True,False,0
pay_a9bf255521c44f,damaged,electronics,1027,0,23585.01,True,False,0
pay_3aa085d9883f4e,not_received,digital_services,500,0,2975.66,True,False,0
pay_82a52b12ed2b4c,not_received,apparel,12,6,2341.15,False,True,1
pay_b4f45e0173cc45,not_received,apparel,1406,0,3605.48,True,False,0
pay_5a50c1823a7a47,fraud,apparel,227,0,3397.78,True,False,0
pay_ce19ce77d2d64e,fraud,electronics,1229,0,27435.79,True,False,0
pay_82d6c776566d46,not_received,digital_services,305,1,3590.02,True,False,0
pay_a1953d5a22bd40,fraud,electronics,13,5,21049.59,False,True,0
pay_8d0c5cf6db1d49,not_received,apparel,497,2,3370.89,True,False,0
pay_c050f52ea68246,not_received,apparel,8,5,1809.41,False,False,0
pay_3f8cfbf9ae3648,not_received,apparel,1207,0,2100.32,False,False,0
pay_df98afea4ef04c,not_received,apparel,1,4,2671.56,False,False,0
pay_99506b3c656745,not_received,electronics,991,0,19261.19,True,False,0
pay_62a1e0a8a1e74c,damaged,electronics,103,0,19413.18,True,False,0
pay_28a767e6a78f43,not_received,apparel,953,0,3357.79,True,False,0
pay_138ef4df70ad43,fraud,apparel,3,4,2522.14,False,True,1
pay_f320861737df44,fraud,apparel,13,5,2541.8,False,False,0
pay_a3cb693524914f,fraud,electronics,516,0,29366.69,True,False,0
pay_77a12f0ddc884b,fraud,electronics,1154,0,17455.53,True,False,0
pay_428a15dc5a2f41,fraud,apparel,849,0,4658.92,False,False,0
pay_1115d956d98e43,fraud,apparel,1476,0,1464.46,True,True,1
pay_68ffbcee3ded41,not_received,electronics,489,1,24025.57,True,False,0
pay_2e94e839d7a44e,damaged,apparel,1323,0,4583.45,True,False,0
pay_403bf914a2934c,fraud,electronics,60,1,23128.78,True,False,0
pay_3b8b699a4b7742,not_received,apparel,102,0,2015.51,True,False,0
pay_1e37f8e0def843,not_received,electronics,587,0,20015.5,False,False,0
pay_d0bc3976c6c141,fraud,digital_services,1349,0,2372.44,True,False,0
pay_8ac6c715e62049,damaged,electronics,632,0,24849.87,True,False,0
pay_3ebd78501fe948,not_received,apparel,557,0,3397.9,False,False,0
pay_66609657707644,fraud,digital_services,1439,0,3376.18,True,False,0
pay_8a4fac4f91ac4f,not_received,electronics,750,0,20849.9,True,False,0
pay_b2b2461e405f4e,fraud,apparel,12,5,3951.32,False,True,0
pay_51cc4e289c0446,not_received,electronics,1181,1,24511.81,True,False,0
pay_0d400e7ea18340,fraud,electronics,438,0,24529.92,True,True,1
pay_9cfd4ebdbe7543,damaged,apparel,992,0,1080.57,True,False,0
pay_09f6208d09d849,not_received,digital_services,1364,0,3673.3,True,False,0
pay_eeeaf5c563394e,not_received,apparel,515,0,3902.94,True,False,0
pay_7a0f349f97c749,fraud,apparel,1408,0,2796.83,False,False,0
pay_864c06eeaf744d,not_received,apparel,544,0,4019.98,True,False,0
pay_ca80ec6af83a4c,not_received,apparel,1208,0,3049.44,True,False,0
pay_cf1a5ad354eb49,not_received,apparel,574,2,4138.71,True,False,0
pay_68c3ba537f134d,not_received,electronics,882,1,18510.0,True,False,1
pay_3e6754633fd946,not_received,electronics,5,3,25841.25,False,True,0
pay_28570b13839446,damaged,apparel,722,0,2849.99,True,False,0
pay_2d3a964959ca46,not_received,digital_services,494,0,3509.84,True,False,0
pay_f9dcdd97677a49,damaged,electronics,1221,0,31277.98,True,False,0
pay_bd8abb58858b45,damaged,apparel,511,0,1647.31,True,False,0
pay_ef5a586c4d554e,not_received,electronics,821,0,24028.16,False,False,0
pay_513fc789329a4b,fraud,electronics,7,5,31835.73,False,True,0
pay_9fbafa2234a646,not_received,apparel,11,6,2344.19,False,True,0
pay_0ec86ed90d1748,damaged,apparel,1209,0,3645.91,True,False,0
pay_f88521e82c8047,fraud,apparel,972,2,3535.43,False,False,0
pay_16f2caeb958a47,not_received,electronics,810,0,23094.58,True,False,0
pay_f8b117acd68c4b,damaged,digital_services,201,0,1709.72,False,False,0
pay_dc9de78bb3184a,fraud,electronics,634,0,30118.34,True,False,0
pay_dcbfb3c9a40b4f,not_received,apparel,312,0,2599.78,True,False,0
pay_6870e6a1bd0445,fraud,apparel,104,0,3255.45,True,False,1
pay_6978a5379c8546,fraud,apparel,265,0,2491.29,True,False,0
pay_3a4179ab7ba045,not_received,digital_services,491,0,2506.25,True,False,0
pay_b69b684c31054a,fraud,apparel,1266,0,3208.6,True,False,0
pay_89ca5ed3ef064c,fraud,electronics,325,0,16832.04,True,False,0
pay_5ae77241bf454f,damaged,electronics,886,0,26526.6,True,False,0
pay_91cd16a354a34b,fraud,electronics,164,2,30027.31,True,False,0
pay_1df814d6c79b40,damaged,electronics,236,0,31492.3,True,False,0
pay_8e7b0afc406b48,damaged,digital_services,1410,0,4610.5,True,False,0
pay_1f695ea129064b,fraud,electronics,580,0,23021.36,False,False,0
pay_12120d13562d45,fraud,apparel,441,0,2410.19,True,False,0
pay_697729f62a0f47,not_received,apparel,541,0,3613.26,False,False,0
pay_6b57295a6c914a,not_received,digital_services,1133,1,3182.59,True,False,0
pay_424eb85aa40749,fraud,apparel,868,0,4186.42,True,False,0
pay_38c1c06bb1b64d,not_received,apparel,846,0,4422.67,False,False,0
pay_51be68524db244,fraud,electronics,11,4,18564.52,False,True,0
pay_f4e4f5db039e43,damaged,apparel,172,0,3414.6,True,False,0
pay_4ac57fadcaa04d,fraud,electronics,7,3,24466.92,False,True,1
pay_18ed696003d14b,fraud,digital_services,1311,0,1232.0,True,False,0
pay_2172d3e82e7d4b,fraud,electronics,4,4,27161.27,False,True,1
pay_5bfc4ab1d1b140,damaged,electronics,1168,0,25320.08,True,False,0
pay_ecb0e66ef3a449,not_received,apparel,7,5,2981.87,False,True,0
pay_36ccdf5b36a848,damaged,apparel,857,0,4288.5,True,False,1
pay_cf34d322297c45,fraud,apparel,456,0,2779.87,True,False,0
pay_9c5e682f5bb244,fraud,electronics,831,0,25273.66,True,False,0
pay_3a066760b86e45,fraud,electronics,4,4,30007.21,False,True,1
pay_df1a08d1cad844,not_received,electronics,802,0,27499.73,True,False,0
pay_1b7d942dde1545,not_received,apparel,1472,1,2941.15,True,False,0
pay_c35a0b8a6f464d,not_received,apparel,1,3,3739.82,False,False,0
pay_c0a6331d22ae49,fraud,apparel,323,0,381.48,True,False,0
pay_fcd40b142af446,damaged,apparel,263,0,2693.56,True,False,0
pay_0d427d248db14c,fraud,apparel,640,1,3455.99,True,False,0
pay_659dc268d44345,damaged,digital_services,459,0,100.0,True,False,0
pay_f2972d9201ef43,fraud,electronics,713,0,23783.97,True,False,0
pay_26bc784672824d,not_received,apparel,13,2,5044.65,True,True,1
pay_cc03f44255904d,fraud,apparel,1314,0,2858.11,False,False,0
pay_b489ade8ea624f,not_received,electronics,661,1,25208.14,True,False,0
pay_043e4a40639e4f,not_received,apparel,1227,0,1177.69,True,False,0
pay_aaa59f92fa8a43,not_received,electronics,234,0,23844.01,True,False,0
pay_fa02324a3a0e43,not_received,electronics,276,0,32614.57,True,False,0
pay_3a7621c06eaf4b,not_received,apparel,1055,0,1942.8,True,False,0
pay_deb129c602f54f,not_received,electronics,860,0,33976.73,False,False,0
pay_ab60bbc0bbd94d,damaged,electronics,622,0,29021.81,True,False,0
pay_37b75cbfd1314a,fraud,apparel,705,1,1763.71,True,False,0
pay_1661418c361140,not_received,apparel,707,1,2677.41,True,False,0
pay_e09673a8e1c54e,not_received,electronics,783,2,28710.7,True,False,0
pay_62f83a82007c43,fraud,electronics,1423,0,27603.43,True,True,1
pay_8323ee60331040,not_received,apparel,431,1,4217.84,True,False,0
pay_ba2b0f115dd346,fraud,apparel,3,3,1755.32,False,False,0
pay_562fdf0e475b49,fraud,digital_services,569,2,3895.15,True,False,0
pay_ba86ae223d9a43,fraud,electronics,929,0,21050.98,True,False,0
pay_2e4b61d0ae3542,fraud,electronics,963,0,31207.37,True,True,1
pay_f0534925107646,not_received,electronics,1135,0,19941.03,True,False,0
pay_e866b13bd3994e,not_received,apparel,989,0,1881.99,True,False,0
pay_e52a465e79f740,damaged,apparel,780,0,4730.77,True,False,0
pay_9c0d8c94f4924f,not_received,apparel,1381,0,3865.99,True,False,0
pay_29794c2a998849,fraud,apparel,1367,2,3247.07,True,False,0
pay_969966c1ee6f48,damaged,apparel,906,1,3242.11,True,False,0
pay_610130b64ce547,damaged,digital_services,448,0,1440.58,True,True,1
pay_b27cfbed1cf649,not_received,electronics,1090,0,25857.75,True,False,0
pay_c184e78ff28b47,not_received,electronics,1000,0,19229.38,True,False,1
pay_2eca5a3dd6c447,damaged,electronics,1244,2,15178.45,False,False,0
pay_cac35522035249,not_received,electronics,665,0,31502.04,True,False,0
pay_1c09a102727341,damaged,digital_services,1037,0,2317.24,False,False,0
pay_8806328fa7934e,fraud,electronics,832,0,23199.52,False,False,0
pay_b9b3275f069b46,fraud,apparel,721,0,1262.31,True,False,0
pay_ea55895d420c42,not_received,electronics,3,6,21938.27,False,True,1
pay_73e247676f1047,not_received,electronics,1238,0,26509.8,True,False,0
pay_130c7e45f49c47,damaged,electronics,1417,1,26555.26,True,False,0
pay_33b6319fabb24f,damaged,electronics,305,0,25570.96,True,False,0
pay_8528a8ed151e4a,fraud,apparel,652,0,3583.79,True,False,0
pay_c2df005ff9644b,fraud,digital_services,728,0,2668.17,True,False,0
pay_847d07b1fae64e,damaged,apparel,1377,0,1790.69,False,False,0
pay_201b9b5168a642,not_received,apparel,298,0,2690.21,True,True,1
pay_ef71975087f74f,fraud,electronics,946,1,25435.83,True,False,0
pay_ad2a0e08770a49,not_received,digital_services,1413,0,2883.22,True,False,0
pay_34adfb894b7b44,not_received,electronics,885,0,18388.12,True,False,0
pay_b8c4dbaa167d4e,not_received,digital_services,508,0,2304.01,True,False,0
pay_a0a23d26addc45,not_received,apparel,1042,0,1960.78,True,False,0
pay_bd7fd6aad49f4e,fraud,electronics,10,4,25713.72,False,False,0
pay_311be49926b547,damaged,apparel,327,1,3464.75,True,False,0
pay_b5310f21a18242,not_received,digital_services,1392,1,1906.67,True,False,0
pay_b62a5f8338b84c,not_received,electronics,1022,0,26494.54,True,False,0
pay_afb6925e950d49,fraud,electronics,969,0,24416.69,True,False,0
pay_a30e5c384bb042,not_received,electronics,617,0,28364.44,True,False,0
pay_b1c9d431ba7245,fraud,apparel,1167,1,3947.03,False,False,0
pay_6b57b55775c940,fraud,electronics,103,0,19073.93,True,False,0
pay_9d05862c9cc64b,not_received,apparel,2,2,2571.34,False,True,1
pay_c24490a8680340,fraud,digital_services,1,2,2707.16,False,False,0
pay_c1d6eb7f59124f,not_received,digital_services,706,0,3041.31,True,False,0
pay_8844f675bb6346,fraud,electronics,1093,0,27970.81,True,False,0
pay_0e1794b583ac40,not_received,apparel,1336,0,2536.59,True,False,0
pay_fd9afbe8f3b64b,fraud,electronics,6,4,22113.38,False,False,0
pay_8e42f47bf7bc4e,fraud,apparel,985,0,2491.51,True,False,0
pay_5f66c4c18ec64e,fraud,digital_services,6,3,3229.18,True,True,1
pay_1acb92e6fc5243,damaged,apparel,4,6,2077.82,True,False,0
pay_7ebc647044744e,damaged,digital_services,849,0,2781.2,False,False,0
pay_8436767c36f04d,fraud,digital_services,898,2,1934.93,True,False,0
pay_3b02efe82d1a40,not_received,electronics,210,0,26401.59,True,True,1
pay_074d72eeb85f43,not_received,apparel,1323,0,2413.1,True,False,0
pay_d2d4139faa9e40,damaged,electronics,701,0,23921.68,True,False,0
pay_cf1125a9ac5b45,fraud,electronics,765,0,25274.85,False,False,0
pay_7283ee8bb7cd45,not_received,electronics,1264,0,23647.26,True,False,0
pay_0d294db1a31b4d,fraud,digital_services,997,0,2462.74,True,False,0
pay_8cee0daed1b84c,fraud,apparel,960,1,1578.96,True,False,0
pay_dc07ca8b6f5b4e,damaged,apparel,6,6,1946.92,False,True,1
pay_8f8a751efa384f,not_received,apparel,1195,0,2439.49,True,False,0
pay_aa39b42dcf204a,fraud,apparel,1240,0,1336.97,True,False,0
pay_e5395ae7993846,fraud,apparel,1186,0,2798.86,True,False,0
pay_a3b843c8ce3440,not_received,electronics,1148,0,23500.84,False,False,0
pay_0f6dc7e22f7d46,not_received,apparel,61,0,3123.23,True,False,0
pay_0968451707a847,fraud,apparel,757,0,2689.56,False,False,0
pay_682fe8fcb1b948,damaged,apparel,9,4,2982.85,False,True,1
pay_5b77377d745a42,fraud,electronics,90,1,26750.75,True,False,0
pay_fd8406c3282441,fraud,electronics,946,0,24897.57,True,False,0
pay_5cf270e2a53240,damaged,digital_services,848,0,3588.75,True,False,0
pay_e40557553eba43,fraud,electronics,3,6,34122.89,False,True,1
pay_8a5e722945b841,fraud,apparel,1312,0,3020.32,True,False,0
pay_d867820d75df45,not_received,electronics,13,4,30831.24,False,True,0
pay_9439d82ecbc44c,damaged,electronics,91,0,18642.62,True,False,0
pay_ec4b8dbd4f7640,fraud,electronics,7,4,23731.57,False,True,1
pay_1afbd602f79a48,damaged,apparel,9,6,1303.61,False,True,1
pay_a94573db40794c,not_received,digital_services,112,0,3975.3,True,False,0
pay_28cb065efe0a4b,fraud,electronics,1493,0,31584.46,True,False,0
pay_d0542c4ad07c46,not_received,electronics,888,0,22728.83,True,False,0
pay_fc304280597049,fraud,apparel,1442,0,3085.46,True,False,0
pay_5ed57a8b9dc94c,not_received,electronics,522,0,33997.14,True,False,0
pay_cd4dbc6c575642,not_received,digital_services,503,0,2846.31,False,False,0
pay_32ec2dedaec548,damaged,electronics,6,2,26839.63,False,True,0
pay_e70a375ef9a34e,fraud,apparel,1350,0,3312.27,True,False,0
pay_9cf5f8a84cc046,not_received,apparel,1241,0,2701.99,True,False,0
pay_bf9ee0e8210549,not_received,apparel,1359,0,2264.73,True,False,0
pay_d52cf05073e547,fraud,apparel,1116,0,3051.09,True,False,0
pay_c11a59578db344,fraud,electronics,8,6,18911.91,False,False,0
pay_2606b68d21b845,fraud,electronics,248,0,17172.08,True,False,0
pay_95dc71ae379042,not_received,digital_services,12,3,1743.4,False,True,1
pay_a277b2ec43f144,not_received,digital_services,1071,1,2690.99,True,False,0
pay_fb68fa78010c48,fraud,electronics,7,4,25091.31,False,True,1
pay_5083a040a92a49,damaged,digital_services,966,0,3310.49,True,False,0
pay_2ebbe0efe9a741,damaged,apparel,904,0,3044.54,True,False,0
pay_b127c131dae344,not_received,apparel,616,0,2643.64,True,False,0
pay_a6d4b711ed484a,fraud,electronics,10,6,25066.47,False,True,1
pay_fab03ddc0c614b,not_received,apparel,208,0,1471.42,True,False,0
pay_cac7db7b9b414d,fraud,electronics,2,2,29750.97,False,True,0
pay_c72c2676b42745,fraud,apparel,652,0,2729.87,True,False,0
pay_e589e64a1f7040,not_received,electronics,6,3,19923.98,False,False,0
pay_d313253ed4c14b,fraud,apparel,151,0,3803.4,True,False,0
pay_339e29b294c04c,fraud,electronics,9,5,25142.82,False,False,0
pay_5ef1a6040eb34f,fraud,electronics,1006,0,30591.61,True,False,0
pay_bd76e45bd31c49,fraud,electronics,642,0,26781.24,False,False,0
pay_8417dc263af340,fraud,electronics,3,3,28172.11,False,True,0
pay_dfb3bc8ee4f247,damaged,apparel,10,2,2771.14,False,True,1
pay_0aec755e75f744,fraud,electronics,1351,0,31964.89,True,False,0
pay_7055cf7aecb04c,fraud,digital_services,535,0,1565.42,True,False,0
pay_28ac29943eb943,fraud,apparel,2,5,2947.45,False,True,1
pay_bf5aaadaa9c247,damaged,apparel,1211,0,2205.16,True,False,0
pay_7308b6f8760241,not_received,electronics,526,0,23137.79,True,True,1
pay_2e9e203b30e242,fraud,apparel,938,1,5202.91,True,False,0
pay_81872d1b01a446,damaged,electronics,782,0,29046.03,False,False,0
pay_284bac9fff3c44,fraud,apparel,1424,0,1273.87,True,False,0
pay_5b169554c9be48,fraud,electronics,12,3,24071.16,False,True,1
pay_7569f7d687dc4d,fraud,apparel,343,1,1690.72,False,False,0
pay_e718709b5c0540,fraud,electronics,10,5,29856.5,False,True,0
pay_e2a417d43e9f44,fraud,digital_services,1430,0,3746.43,True,False,0
pay_5d9483f2e3094e,not_received,electronics,842,0,31695.29,True,False,0
pay_20771580336049,fraud,electronics,1138,0,22608.15,True,False,0
pay_5d9b1d88326a4d,not_received,apparel,868,0,1204.18,True,False,0
pay_76de089f335b4f,fraud,digital_services,435,0,2911.76,True,False,0
pay_7c753efc05894c,fraud,apparel,1422,0,1988.49,True,False,0
pay_173c149ef5944e,not_received,electronics,801,0,26293.05,True,False,0
pay_5c5fd3797e5248,damaged,apparel,1260,2,2036.64,True,False,0
pay_6604227e834e42,fraud,digital_services,1,6,2840.23,False,True,1
pay_1dff4a9f769d47,not_received,electronics,966,1,23190.91,True,False,0
pay_e93b5d7ea5014d,fraud,electronics,582,0,26890.56,True,False,0
pay_f26ee44d35d843,fraud,digital_services,966,0,3511.13,True,False,0
pay_5b43ae87497246,fraud,digital_services,697,0,2257.64,True,False,0
pay_7a2ba8204ebb40,fraud,apparel,532,0,1631.88,True,False,0
pay_92b3030f75de47,fraud,digital_services,157,0,3001.0,True,False,0
pay_445e633a94dc42,fraud,electronics,477,0,24868.31,True,False,0
pay_4411173857fa41,not_received,apparel,13,3,2255.75,False,True,0
pay_d37b14be03db4b,fraud,apparel,924,0,2256.86,True,False,0
pay_089bfe07e40d41,not_received,apparel,656,2,4686.1,True,False,0
pay_ee6bd48d31e54c,fraud,apparel,888,0,2821.4,True,False,0
pay_3231e1cd965949,not_received,digital_services,10,3,3735.61,False,True,0
pay_249c4b5d2a5241,not_received,electronics,44,0,25122.74,True,False,0
pay_4d821c3f3b394b,fraud,electronics,2,2,22096.07,False,True,0
pay_69d4f525879b48,fraud,electronics,1367,0,26382.09,False,False,0
pay_e2465e9f0c5e4e,not_received,apparel,1380,2,3119.3,True,False,1
pay_90196d9385de4e,damaged,electronics,1157,0,32522.51,True,False,0
pay_9f0b271f820d4b,fraud,digital_services,4,6,2934.75,False,True,1
pay_ede6ec98f0274f,fraud,electronics,1248,0,18584.68,True,False,0
pay_b1a50c3aaaa147,damaged,electronics,1151,0,18945.76,False,False,0
pay_0f1841d17a9144,fraud,apparel,315,0,3713.24,True,False,0
pay_0c1ec68d3c694c,not_received,apparel,12,5,3688.68,False,False,0
pay_59fff07d219f41,fraud,electronics,852,0,25358.66,True,False,0
pay_1e848668a08447,fraud,apparel,793,0,3114.11,True,False,1
pay_fc6583831e6946,not_received,apparel,8,6,3337.0,False,True,0
pay_a9353aea9da240,not_received,electronics,5,6,24610.74,False,True,1
pay_a455b3904c6e4b,fraud,electronics,925,0,19201.77,True,False,0
pay_053bdf0bfa644f,not_received,apparel,1263,0,4422.81,True,False,0
pay_444a06cef07b4e,not_received,electronics,929,0,31596.28,True,False,0
pay_2f91f92c1dad48,not_received,digital_services,1031,0,3788.26,True,False,0
pay_cf1db573d06a4d,fraud,apparel,1280,0,1532.3,True,False,0
pay_62586692be2d40,not_received,electronics,1254,0,24565.51,True,False,0
pay_5a3c7930ff4f43,not_received,electronics,6,3,27507.98,False,True,1
pay_7faf2cb2b65d4c,not_received,electronics,1041,0,22453.08,True,False,0
pay_9cbc486273fa46,not_received,apparel,795,0,2066.79,True,False,0
pay_cc229621fd2a43,fraud,apparel,908,0,2961.89,True,False,0
pay_5618ad30c74542,not_received,apparel,1067,0,3855.57,True,False,0
pay_806aba02fa7244,not_received,electronics,4,5,30238.97,False,True,1
pay_86b99fb033d74e,fraud,electronics,140,0,24114.98,True,False,0
pay_a89768233ea840,not_received,electronics,856,0,23717.12,True,True,1
pay_46d4513e03ce45,fraud,electronics,11,3,20233.9,False,True,1
pay_ec6e26c97ad640,not_received,apparel,10,4,3270.5,False,True,1
pay_5d4778a68e924f,fraud,digital_services,663,0,2730.51,True,False,0
pay_f943bac33e404d,not_received,apparel,1198,0,1659.5,True,False,0
pay_54c8c49818d44c,damaged,apparel,1429,0,3641.89,True,False,0
pay_7c81658f34fc4a,not_received,electronics,639,0,16989.62,True,False,0
pay_3df1a8abf93944,damaged,electronics,1431,0,22893.87,True,False,0
pay_6ed066e330df4b,damaged,electronics,450,0,32293.11,True,False,0
pay_c47ab94a9e704f,fraud,electronics,1499,0,29006.0,True,False,0
pay_8b4b933b540b45,not_received,apparel,6,5,3956.03,False,True,1
pay_a881db754aad46,not_received,electronics,249,0,26697.63,True,False,0
pay_d1997dc4c2ef48,damaged,digital_services,794,0,2666.32,True,False,0
pay_3fc0ba8b228f4c,fraud,digital_services,441,0,1881.82,True,False,0
pay_0f46d0e3707847,damaged,electronics,1018,0,23848.54,True,False,0
pay_b647357e5bcb4e,not_received,apparel,210,0,3991.18,True,False,0
pay_2032518ca3da4c,not_received,apparel,833,0,1722.62,True,False,0
pay_2ef6f8cb5eac4f,fraud,electronics,183,2,24834.47,False,False,0
pay_6b9f84ee6ca941,fraud,digital_services,1139,0,1056.15,True,False,0
pay_f084222d5b3544,not_received,electronics,256,0,26208.78,True,False,0
pay_b22c2182990e44,fraud,apparel,57,1,2656.15,False,False,0
pay_2ed12a8dc5b041,damaged,electronics,1437,1,24920.0,True,False,0
pay_af34210277a543,fraud,electronics,975,0,26021.69,True,False,0
pay_3f2f07033e2d4c,not_received,apparel,1391,0,2309.72,True,False,0
pay_fc3783a0d55c4a,fraud,digital_services,1426,0,3244.42,True,False,0
pay_62955d9aa67b4e,not_received,electronics,98,0,24754.58,True,True,1
pay_78f085d249fe4f,not_received,electronics,1306,0,32532.72,True,False,0
pay_7542d18263b44e,fraud,apparel,1018,0,3581.36,True,False,0
pay_46daa35fc04e4a,fraud,electronics,245,1,24435.27,True,False,0
pay_1e08767173004e,fraud,apparel,1496,0,3533.81,True,False,0
pay_77cbc138479f4f,not_received,apparel,1226,0,2535.66,True,False,0
pay_18dd4bc105d844,not_received,digital_services,11,6,3696.95,False,True,1
pay_92c09b81c87b43,not_received,apparel,1,3,3018.02,False,True,1
pay_678c786366a14f,not_received,digital_services,665,0,2686.11,True,False,0
pay_4f99a9acd1bd46,not_received,apparel,723,1,2975.04,True,False,0
pay_435dae7f54574e,fraud,digital_services,1044,0,1792.8,True,False,0
pay_a5c69345523543,fraud,electronics,1048,0,18951.38,True,False,0
pay_4915bb378da042,fraud,apparel,9,2,3601.54,False,True,0
pay_6249de59017b46,damaged,digital_services,789,0,2914.88,False,False,0
pay_53bfd7f561c043,damaged,apparel,1244,0,3448.14,True,False,0
pay_1413626e62fa49,fraud,digital_services,545,0,3994.68,True,False,0
pay_8d129f641fc043,not_received,electronics,1018,0,25964.65,True,False,0
pay_697fd74573ce4f,damaged,digital_services,1391,0,3764.99,True,False,0
pay_d2d53aa1dc7041,not_received,apparel,1402,0,3232.01,True,False,0
pay_a73776a9079b49,fraud,electronics,934,0,20885.3,True,False,0
pay_ea180ff33d4747,fraud,electronics,1255,1,20706.76,True,False,0
pay_6491dc99d8054b,not_received,electronics,295,0,18355.32,True,True,1
pay_d85202cba26a4e,damaged,digital_services,661,0,2999.99,False,False,0
pay_2063910a934c46,not_received,apparel,1368,2,3375.48,True,False,0
pay_bf1140e520f24b,fraud,digital_services,1309,0,3504.56,True,False,0
pay_d29f6c4bd27b49,fraud,apparel,270,0,1999.9,True,False,1
pay_3c66060de1cb40,not_received,digital_services,432,1,3125.35,True,False,0
pay_bb2a091c7e574d,damaged,apparel,841,0,2793.45,False,False,0
pay_62d5a631330f46,not_received,electronics,831,0,18652.4,False,True,0
pay_0fb3a35a06a84b,not_received,electronics,850,0,15382.62,True,False,0
pay_cb7fae65850144,fraud,digital_services,800,0,3972.14,True,False,0
pay_49b5398ae1d641,damaged,electronics,628,0,19937.78,True,False,0
pay_f703b446212b45,not_received,electronics,268,1,31858.51,True,False,0
pay_e37c16fbe71249,fraud,electronics,1311,0,26420.06,True,False,0
pay_bd61928cfb5248,not_received,electronics,4,3,17489.96,True,False,0
pay_451e92f60e5744,fraud,digital_services,971,0,2627.75,True,False,0
pay_f35defa1ab3a47,fraud,apparel,44,0,3587.35,True,False,0
pay_f95b33088db846,fraud,apparel,7,3,3127.47,False,True,1
pay_e3943775522640,fraud,digital_services,1421,0,3709.54,True,False,0
pay_1d56d84e6a5943,fraud,apparel,7,3,4571.99,False,True,1
pay_352b0b976dfa44,not_received,digital_services,413,0,1594.51,True,False,0
pay_32202fdcb29949,not_received,electronics,292,0,20677.75,True,False,0
pay_3040acce04a848,not_received,digital_services,1242,0,3996.67,True,False,0
pay_62865abda8bb48,fraud,electronics,320,0,31156.45,False,False,0
pay_ef9a34ed32404d,fraud,apparel,1230,0,4368.98,True,False,0
pay_f3deaea2b49a45,not_received,apparel,1055,0,4387.54,True,False,0
pay_384662dc34334c,fraud,electronics,191,0,20054.68,True,False,0
pay_f13e0f08ba314c,fraud,electronics,521,0,28339.9,False,False,0
pay_b5ac9564fad145,damaged,electronics,733,0,18133.21,True,False,0
pay_fa6e41d809c34b,not_received,electronics,576,0,34607.94,True,False,0
pay_80ef51a999d745,damaged,apparel,639,0,1024.28,True,False,0
pay_b572bc01afe74d,not_received,digital_services,1003,0,4170.35,False,False,0
pay_a5161864f5e740,fraud,apparel,9,6,3337.55,False,False,0
pay_561c3a90a8b141,not_received,apparel,770,1,2819.71,True,False,0
pay_af5d4bc636d34b,fraud,electronics,5,4,27244.29,False,False,0
pay_5bbd9de9050343,not_received,electronics,263,0,24986.29,True,False,0
pay_2d424c3d519b48,fraud,apparel,1188,0,1917.24,True,False,0
pay_ade22900d7ba40,damaged,digital_services,1348,0,4902.47,True,False,0
pay_e101c68523c147,fraud,digital_services,1394,1,3076.36,True,False,0
pay_5bdfd7f3ecaf41,damaged,electronics,534,0,25523.34,True,False,0
pay_f39179ef72ad48,damaged,apparel,938,0,2270.18,True,True,1
pay_de9390ec4dfc4d,not_received,apparel,9,6,2344.43,False,True,1
pay_0a378f9ac63645,not_received,apparel,272,0,2077.88,True,False,0
pay_eac557d868d144,not_received,apparel,1151,1,1715.18,True,False,0
pay_6c6a1901c8ed40,damaged,apparel,887,0,1774.28,True,False,0
pay_bf5149a81e274d,not_received,electronics,289,0,21571.36,True,False,0
pay_98c1489579ba41,not_received,digital_services,113,0,4355.29,True,True,1
pay_98c7aa615b4343,not_received,electronics,560,0,16194.85,True,False,0
pay_ff20627ae8db4c,damaged,apparel,1174,0,3638.15,False,False,0
pay_33569c7ad37347,not_received,digital_services,828,0,4289.0,True,True,1
pay_d11a55ae65fe4a,not_received,apparel,752,0,2613.14,True,False,0
pay_cb255b536e044f,not_received,electronics,788,1,24152.52,True,False,0
pay_09a2b5dd190644,damaged,electronics,72,0,26243.89,True,False,0
pay_c0d3c1f9a2ef4e,not_received,apparel,93,0,4203.52,True,False,0
pay_70525f7e48d74f,fraud,electronics,795,0,26089.3,True,False,0
pay_fb17b97969f449,not_received,apparel,799,0,3111.74,True,False,0
pay_b6eb4ecb27414e,damaged,electronics,1015,0,27892.76,False,False,0
pay_38bc3259b94e4a,not_received,digital_services,1,2,3962.08,False,True,0
pay_89c4c7cf29ff4b,damaged,electronics,873,0,18649.06,True,False,0
pay_0b37596b6e9441,fraud,apparel,3,2,2420.31,False,True,0
pay_44b47acf9ea846,not_received,apparel,864,0,3778.27,True,False,0
pay_5826c155829b42,not_received,apparel,1324,0,1841.97,True,False,0
pay_6229b2ac1f7f41,damaged,electronics,72,0,23085.08,True,False,0
pay_e1096c4880f043,fraud,apparel,1127,0,2409.16,False,False,0
pay_4ac1795a869d45,damaged,apparel,561,0,3606.01,True,False,0
pay_fbbd0ed2e17c45,not_received,electronics,564,0,17719.37,True,False,0
pay_a8284e0da9ce41,fraud,digital_services,528,0,3471.24,True,False,0
pay_b6497beeb52e43,fraud,digital_services,603,0,100.0,True,True,1
pay_aef57aba5fa94a,fraud,electronics,1383,0,22316.96,True,False,0
pay_08a2242b28fc43,not_received,apparel,466,0,1828.17,True,False,0
pay_ab48f0e8b61744,fraud,apparel,346,0,2044.22,True,False,0
pay_bfb514c1a3454a,fraud,electronics,594,0,23893.43,True,False,0
pay_d325e627067241,damaged,electronics,11,3,25541.59,False,True,1
pay_2be4cf281b6548,fraud,digital_services,1449,0,1756.44,True,False,0
pay_a292cb5a1aa648,fraud,apparel,561,1,3802.12,False,False,0
pay_42b98174d1af4c,not_received,digital_services,566,0,2486.14,True,False,0
pay_6e6e0099323a46,not_received,apparel,1081,0,2864.73,False,False,0
pay_83633d4b34ce4a,not_received,electronics,557,0,19331.07,False,False,0
pay_60494243735a41,not_received,electronics,976,0,18411.82,True,False,0
pay_ef35eb602ec24e,not_received,apparel,1042,0,2787.33,False,False,0
pay_d54cc23cceb743,not_received,apparel,1221,0,1948.65,True,False,0
pay_c638e6ead64f46,fraud,electronics,818,0,30311.11,True,False,0
pay_5df29bacbc2245,fraud,apparel,612,0,2810.58,False,False,0
pay_1f2eb737392949,not_received,digital_services,873,0,2470.74,True,False,0
pay_c2303dadfec343,fraud,apparel,1037,0,2755.02,True,False,0
pay_1adde44779a04b,not_received,electronics,391,0,11770.28,True,False,0
pay_673a90b60d3140,not_received,electronics,10,4,29823.8,False,False,0
pay_c3cae40f5e3b47,fraud,digital_services,1263,0,1677.31,True,False,0
pay_c9f330f784234a,fraud,digital_services,424,0,3758.54,True,False,0
pay_f7773d8cb8834f,fraud,electronics,918,0,27133.45,True,False,0
pay_2073873662804a,not_received,digital_services,541,1,3723.11,True,False,0
pay_af1ef8a6c0c44d,not_received,electronics,1482,0,36227.38,True,False,0
pay_7344d8367e2145,not_received,electronics,6,6,31696.48,False,True,0
pay_9b0ccffd4bb44f,fraud,electronics,303,0,26229.92,True,False,0
pay_ac528d0b731b41,not_received,electronics,1267,0,26825.72,False,False,0
pay_5b6a0b526d804b,damaged,digital_services,675,0,2673.49,False,False,0
pay_c27d813a98584c,fraud,apparel,216,0,1416.86,True,True,1
pay_5ebfd0fb939344,not_received,electronics,499,0,21143.14,True,False,0
pay_adc0adee059447,damaged,digital_services,1315,0,3834.26,True,False,0
pay_099b50f6d26649,fraud,digital_services,643,0,4520.81,True,False,0
pay_656efef53f9d45,not_received,electronics,11,6,27981.7,False,False,0
pay_ee0f53dacc4740,fraud,apparel,277,0,2806.33,True,False,0
pay_69df4b50b2c148,not_received,apparel,986,0,3540.24,True,False,0
pay_ea8b0864d26a4e,fraud,apparel,3,2,4136.61,False,True,0
pay_63128d2cdc4f47,damaged,apparel,1339,0,3004.02,True,False,0
pay_fae6ed8538a344,not_received,electronics,459,1,26222.46,False,False,0
pay_618e37a1ddb54e,not_received,electronics,1021,0,28071.22,True,False,0
pay_ed1afdb3463f4c,not_received,digital_services,1009,1,2712.01,True,False,0
pay_a74d0dd0ff7e42,not_received,digital_services,5,6,1861.7,False,True,0
pay_215bfc956c6242,not_received,electronics,250,0,27738.68,True,False,0
pay_81362341a9a74a,damaged,electronics,399,2,22222.75,True,False,0
pay_8d3b0b65bc2842,damaged,digital_services,646,0,4139.9,True,False,0
pay_8e28fd9f376c48,not_received,electronics,241,0,23045.1,True,False,0
pay_0093c2bbe42d42,damaged,electronics,1317,0,28136.15,True,False,0
pay_d978c638452042,not_received,electronics,207,0,32016.39,True,False,0
pay_453579b004c143,not_received,apparel,174,0,3785.06,True,False,0
pay_fc7082eb9bfe44,not_received,electronics,7,5,34147.34,False,True,0
pay_da2c89a013794c,fraud,apparel,10,4,2858.69,False,True,0
pay_58c811faf5e246,fraud,electronics,637,0,24233.06,False,False,0
pay_2c3acdf5cf0545,fraud,digital_services,11,4,3739.15,True,True,1
pay_696ec4e898da44,not_received,digital_services,1111,0,3684.58,True,False,0
pay_7b4e383713d544,fraud,digital_services,1154,0,1983.99,True,False,0
pay_4b7c43c849a244,not_received,digital_services,976,0,1438.49,True,False,0
pay_e384aad97cf149,damaged,apparel,716,0,2229.41,True,False,0
pay_7f71a752042b46,fraud,electronics,1110,0,14870.04,True,False,0
pay_89495e208bf64a,not_received,electronics,847,0,26628.27,True,False,0
pay_cb1a6755bf154a,fraud,electronics,375,0,28205.71,True,False,0
pay_58ed1f8c98414b,fraud,electronics,1338,0,25627.3,True,False,0
pay_46ebc057a4fb4b,not_received,apparel,309,1,1359.55,True,False,0
pay_f958ffa5cfee41,not_received,digital_services,1244,0,2789.61,True,False,0
pay_d809a28b123241,not_received,apparel,353,0,2904.3,True,False,0
pay_7f48c8ccfcc843,fraud,apparel,491,0,3637.59,True,False,0
pay_271bd812f14a4f,not_received,apparel,106,1,1677.87,True,False,0
pay_f572ed417a6a43,fraud,electronics,5,6,35117.06,False,True,1
pay_e05534e4661041,fraud,digital_services,810,0,2037.12,True,False,0
pay_92b770ae71144e,fraud,apparel,1049,1,2858.42,True,False,0
pay_eb52e09d9e9e4d,fraud,electronics,158,0,19550.37,True,False,0
pay_286e4144eb5e44,fraud,digital_services,3,2,3357.48,False,True,0
pay_edafba7f6df24b,fraud,apparel,7,5,3692.99,False,True,1
pay_8c8d255c5ae341,damaged,apparel,2,3,2196.94,False,False,0
pay_28e808ec179344,fraud,apparel,11,4,4016.25,False,False,0
pay_281586ce516342,fraud,apparel,422,0,1381.45,True,False,0
pay_01f33f430efe4d,fraud,electronics,9,6,21929.12,False,True,1
pay_67d5dbc3cf704c,not_received,digital_services,375,1,1921.63,True,False,0
pay_4e98760a0c6a40,fraud,digital_services,1422,0,3910.04,True,False,0
pay_43d24b4ed35d45,damaged,apparel,8,2,2294.06,False,True,0
pay_142cb298f4fc4d,damaged,apparel,9,2,3350.08,False,False,0
pay_c85a56f92c4b48,fraud,digital_services,1485,0,2056.1,True,False,0
pay_88b7a31ebf4c46,not_received,electronics,865,0,20170.35,True,False,0
pay_8a8b7a705de349,fraud,digital_services,6,4,3248.14,True,False,0
pay_0340d77b3c8440,not_received,apparel,266,2,628.6,True,False,0
pay_64b79b85bc9f4c,not_received,apparel,728,0,1862.97,True,True,1
pay_40d095f87a7c4d,fraud,apparel,1256,0,1395.78,True,False,0
pay_a253a2bad9cf45,fraud,apparel,801,0,2884.84,True,False,0
pay_38d75330675d48,not_received,electronics,959,0,37822.42,True,False,0
pay_8d5f4cb2ca9444,not_received,apparel,418,1,4403.38,False,False,0
pay_2d8b3ccdf8ae43,fraud,apparel,1048,0,3095.14,True,False,0
pay_a1f94277f2f747,not_received,apparel,5,4,3312.07,False,True,1
pay_5d33d710b6644a,not_received,electronics,877,0,14658.71,True,False,0
pay_1abbc0ac183044,damaged,apparel,320,0,1365.06,True,False,0
pay_86166072daac4b,fraud,apparel,805,0,3341.16,True,False,0
pay_31a15d527a0b4a,not_received,digital_services,5,2,3239.51,False,True,0
pay_300fe5feb4fd41,not_received,digital_services,1052,0,3820.68,True,False,0
pay_645f06dfcd3348,fraud,digital_services,705,0,3186.55,True,False,0
pay_21ecf26b851844,not_received,electronics,5,5,26277.79,False,False,0
pay_c686eb53d5284b,not_received,digital_services,732,0,2817.9,False,False,0
pay_de1e12cf4adf43,damaged,electronics,605,0,22005.91,True,False,0
pay_2ba4fe55537745,fraud,electronics,247,0,23334.9,True,False,0
pay_3de355f18baa42,not_received,electronics,1138,1,21501.15,True,False,0
pay_859c257a20004e,fraud,digital_services,930,0,2313.18,True,False,0
pay_6a6b779792e849,damaged,electronics,13,3,30972.23,False,True,1
pay_e13eab6696b646,fraud,electronics,1271,2,20991.23,True,False,0
pay_74cdd7b0601e44,damaged,electronics,1254,0,22389.66,True,False,0
pay_f95d797582fc4c,damaged,apparel,1101,0,3289.52,True,False,0
pay_86c3c3b21ed048,fraud,digital_services,786,0,4834.15,True,False,0
pay_4ef0b73fea234c,damaged,apparel,955,0,3296.56,True,False,0
pay_b15059f817124e,damaged,apparel,1,2,6605.62,False,True,0
pay_351c0e9423ab4b,fraud,electronics,530,0,23903.99,True,False,0
pay_770f653f936c4f,not_received,electronics,8,2,22058.18,False,True,0
pay_2544fe1bf03c45,not_received,electronics,12,3,24590.31,False,True,1
pay_2c2edb075c1048,fraud,apparel,13,2,4033.2,False,True,0
pay_6f236b6b269642,fraud,apparel,357,0,1979.34,True,False,0
pay_ba89cb0329b24f,fraud,electronics,9,6,25722.75,False,True,1
pay_13419963572a47,fraud,digital_services,1185,0,3827.54,True,False,0
pay_c9600580d98e40,not_received,digital_services,11,6,2970.21,False,True,1
pay_e4c40e0025c440,fraud,electronics,1142,0,30219.33,False,False,0
pay_10573182ae0541,damaged,electronics,206,0,22668.66,True,False,0
pay_8bfa2536cf6f4c,not_received,apparel,120,0,3412.4,True,False,0
pay_03ded71516d74e,fraud,electronics,941,0,22055.53,False,False,0
pay_4219da7045a24f,not_received,electronics,1076,0,15915.17,True,False,0
pay_1e748878bfdd4e,not_received,electronics,780,0,18978.7,True,False,0
pay_44e66e9a1edd49,damaged,digital_services,1079,0,2611.69,True,False,0
pay_36d2a674e8c14d,fraud,apparel,144,1,4070.33,True,False,0
pay_a5aa652f585a4a,fraud,electronics,823,0,25661.02,False,False,0
pay_2e1a3a95e83241,damaged,electronics,916,0,23065.31,True,False,0
pay_15de209469494b,damaged,electronics,1462,0,28148.21,True,False,0
pay_66c3072d114d4f,not_received,electronics,8,5,38731.5,False,True,0
pay_5a2063d024df4e,not_received,apparel,585,0,2782.76,True,True,1
pay_665e20ebdfb844,fraud,digital_services,1217,0,2627.11,True,True,1
pay_edfa34149a9e47,not_received,electronics,6,2,29922.76,False,True,0
pay_ebeb9c3834ed49,fraud,electronics,400,2,28713.49,True,False,0
pay_5f33ab140c2348,fraud,electronics,8,6,27920.97,False,True,0
pay_5c304fc0acb040,damaged,electronics,641,0,20536.91,True,False,0
pay_6f45417fb4a843,fraud,digital_services,418,0,3303.0,True,False,0
pay_7602c491f21447,not_received,electronics,1170,1,24383.14,True,False,0
pay_bdd94ac504584b,damaged,electronics,944,0,16844.69,False,False,0
pay_9ee7ef2ed8d343,fraud,electronics,12,6,29113.7,False,True,1
pay_2149d9023ffc43,damaged,apparel,500,0,3810.79,True,False,0
pay_4accbf7a3ea548,damaged,digital_services,6,2,4156.32,False,True,1
pay_c2a0ac83602c40,not_received,electronics,12,5,20127.18,False,False,0
pay_3ae1d3110c9b46,fraud,apparel,7,4,3652.34,False,False,0
pay_69fbff4084c444,fraud,electronics,1202,0,31891.47,True,False,0
pay_a6272e73a1bd49,not_received,apparel,352,1,4177.19,True,False,0
pay_62cb60b5f98f45,fraud,apparel,10,6,2866.16,False,True,0
pay_edc70dfe1a1b43,fraud,apparel,602,0,3716.66,True,False,0
pay_dd0611b77b5544,damaged,apparel,360,0,2367.85,False,False,0
pay_8fe149bc3c9942,fraud,digital_services,809,0,3848.25,True,False,0
pay_0c55aee335134e,not_received,apparel,583,0,3283.76,True,False,0
pay_2abebd7aaa504f,fraud,apparel,669,0,1669.32,True,False,0
pay_b7d94c8a87a646,not_received,apparel,1014,0,3688.6,True,False,0
pay_36606f6523bb47,damaged,apparel,626,0,3154.71,True,False,0
pay_74b31f8138de4a,fraud,electronics,228,0,31104.11,True,False,0
pay_8fc9483105a74a,fraud,electronics,1256,0,18929.68,True,False,0
pay_736ea7ce89af4e,not_received,electronics,1,4,21497.07,False,False,0
pay_5389bf66d2bf46,not_received,apparel,308,0,3216.44,True,False,0
pay_95fe3df4351941,not_received,apparel,1025,0,1565.85,True,False,0
pay_00bac56fdb404b,fraud,electronics,354,0,24882.02,True,False,0
pay_d3d2bb0b313748,fraud,apparel,581,0,1879.74,True,False,0
pay_48ebe0ce531d42,damaged,digital_services,13,2,1739.72,False,True,1
pay_0dece5f8861349,damaged,electronics,10,6,23983.65,False,False,0
pay_f78b8c0f21a041,not_received,electronics,607,2,32762.74,True,False,0
pay_56f40fed4aa846,damaged,digital_services,539,0,2799.5,True,False,0
pay_8065ddd6148a44,not_received,apparel,10,2,2521.3,False,True,0
pay_99ea8db6104546,not_received,electronics,99,0,20362.99,True,False,0
pay_223fc00331fe49,fraud,apparel,1390,0,3488.17,True,False,0
pay_8712d8922dbe43,not_received,apparel,162,0,2921.39,True,False,0
pay_54eac95a159b40,not_received,apparel,769,0,1956.08,True,False,0
pay_7753301bdad743,fraud,apparel,1369,0,4259.11,True,False,0
pay_d15b31842f864c,not_received,apparel,779,0,2722.44,False,False,0
pay_469f21f454034d,not_received,apparel,889,0,2732.61,False,True,0
pay_f99c9641cefd46,not_received,electronics,541,0,26650.23,True,False,0
pay_543d6ec28ba74c,not_received,apparel,105,0,3148.02,True,False,0
pay_2548d37790c94b,damaged,digital_services,12,5,2944.35,False,True,1
pay_e88d6fc44d774b,fraud,electronics,69,0,22695.79,True,False,0
pay_1f96f4596a344e,not_received,apparel,309,0,2977.29,True,False,0
pay_218ab721d3a345,not_received,electronics,663,0,24181.33,False,False,0
pay_4007a5c34b054a,not_received,electronics,4,2,25116.02,False,True,1
pay_15e587bbdbc44b,fraud,digital_services,779,0,3170.15,False,False,0
pay_d2f81579307846,fraud,electronics,368,0,30929.75,True,False,0
pay_dfa28025284d45,damaged,electronics,2,5,21395.7,False,True,1
pay_ade5ccf8a5194f,not_received,apparel,495,0,4329.54,True,False,0
pay_7a5818a6b5134f,damaged,apparel,2,6,3704.07,False,True,1
pay_2bc853a05e7e48,not_received,apparel,5,4,4144.84,True,True,1
pay_57e9a4ae6dc645,not_received,electronics,1247,0,23795.23,True,False,0
pay_94a6bda5fec14b,damaged,electronics,1414,0,27605.7,True,False,0
pay_0ae127dff8a54e,not_received,electronics,1217,0,19753.69,True,False,0
pay_f82b634a554f4a,fraud,apparel,1112,0,3668.67,True,False,0
pay_909ea493ac264f,not_received,apparel,826,2,3911.54,True,False,0
pay_794583746cf142,damaged,apparel,1462,0,3918.51,True,False,0
pay_e1c14815a07244,fraud,apparel,1492,0,4132.77,True,False,0
pay_7b0a9f09b67d43,fraud,electronics,50,0,22380.47,False,False,0
pay_ab96361ffdd44c,fraud,apparel,1486,0,2188.48,True,False,0
pay_7757de0c6e934a,damaged,electronics,1065,1,23847.66,True,False,0
pay_5cc9b528188749,fraud,electronics,1046,2,26770.54,True,False,0
pay_2f35d396fd9a42,not_received,apparel,549,2,1437.77,True,False,0
pay_671da17d0b9d43,not_received,electronics,626,2,23182.37,True,False,0
pay_f020f072c48b4c,not_received,apparel,11,5,3005.15,True,False,0
pay_624e853f915c44,not_received,electronics,1077,0,20630.04,True,False,0
pay_596ffa4bb9a34c,fraud,apparel,961,0,1798.39,False,False,0
pay_972be3ff47a64a,not_received,electronics,1311,0,31285.26,True,False,0
pay_cb73f6c0ebb247,not_received,digital_services,4,2,4614.83,True,True,1
pay_ac430a71d9f64a,damaged,electronics,1066,1,29134.6,True,False,0
pay_84aa9f1715da4e,fraud,apparel,548,0,3754.07,True,False,0
pay_fe5a1a8299db49,damaged,digital_services,1409,0,3811.37,True,False,0
pay_df510ef5491543,not_received,apparel,936,0,1875.81,True,False,0
pay_3363aa8a785148,damaged,apparel,540,0,2823.29,True,False,0
pay_15481431ebb24a,not_received,apparel,46,0,2941.52,True,False,0
pay_59975322a4c448,not_received,apparel,38,1,2031.74,False,False,0
pay_77de6751e53944,damaged,digital_services,711,0,2465.05,True,False,0
pay_bfaf3ece2f374f,damaged,electronics,934,0,18996.33,True,False,0
pay_4f0087c7642845,not_received,digital_services,50,0,3866.59,True,False,0
pay_656fc0159e0e40,fraud,apparel,1,4,3054.51,False,True,1
pay_11535653382c49,fraud,digital_services,1108,0,2093.65,False,False,0
pay_022adf0c475745,fraud,electronics,64,0,39180.56,True,False,0
pay_7d8db6feb5934c,fraud,digital_services,1477,0,2347.33,True,False,0
pay_ec8b62cab15441,fraud,electronics,11,4,23232.78,False,True,1
pay_fb3401adf7354a,damaged,apparel,809,0,3667.32,False,False,0
pay_93fcca6540a649,fraud,apparel,741,0,3022.31,False,False,0
pay_63ddb2e5c3fc47,not_received,apparel,442,0,3712.09,False,False,0
pay_673c9cf247554a,fraud,apparel,8,4,3558.42,False,True,0
pay_db923a63170d4d,fraud,electronics,985,0,26758.07,True,False,0
pay_7554ca72095849,fraud,apparel,944,0,2999.74,True,False,0
pay_cde465271d5842,fraud,electronics,714,0,24941.2,False,False,0
pay_e721366a633142,not_received,apparel,580,2,1973.79,False,False,0
pay_890641dab4184a,damaged,apparel,454,0,3240.95,True,False,0
pay_1911f517f5a544,fraud,electronics,1420,0,26630.72,False,False,0
pay_7eca434cfcb145,not_received,apparel,1420,0,3379.63,True,False,0
pay_d8dab092cc114e,not_received,apparel,886,0,3717.05,False,False,0
pay_cf1c00fbb4134b,damaged,electronics,1327,0,29454.08,True,False,0
pay_831edaf036bf47,not_received,digital_services,216,1,3268.41,False,False,0
pay_81b3d68e16104d,not_received,apparel,116,0,1669.66,False,True,1
pay_1ba56bf3b57d45,not_received,electronics,1211,0,13376.52,True,False,0
pay_8e697f84c5634a,damaged,electronics,862,0,24062.11,True,False,0
pay_84fe440dcf274f,fraud,apparel,1015,0,2500.29,True,False,0
pay_4bebb656f0cc43,not_received,electronics,1414,1,25235.85,True,False,0
pay_a00a8b1357a444,damaged,electronics,198,0,33194.28,False,False,0
pay_d4a5fb137da243,not_received,electronics,1496,0,23779.92,True,False,0
pay_408da8a148d74f,not_received,apparel,5,2,3145.86,False,True,1
pay_7a9f4b7ace344f,not_received,apparel,1098,0,4739.12,False,False,0
pay_5bf2dcb34cf740,fraud,electronics,881,0,24783.32,True,False,0
pay_66207824181d4f,not_received,apparel,1044,0,3205.69,True,False,0
pay_83c0d9ae726549,not_received,digital_services,1376,0,2500.13,True,False,0
pay_23c2aeb745904e,not_received,digital_services,1028,0,1868.55,True,False,0
pay_0c1af0051af245,not_received,digital_services,1255,0,3448.72,True,False,0
pay_61886d1fcbd148,damaged,digital_services,305,0,4076.66,True,False,0
pay_e38670bb7f8b4d,fraud,electronics,180,1,28676.96,True,False,0
pay_7debfad9b49f48,not_received,electronics,221,0,36242.15,True,False,0
pay_73269ce3fe054b,not_received,apparel,1445,2,1393.84,False,True,1
pay_11bb632b96654a,not_received,apparel,644,0,1868.89,True,False,0
pay_fb5b0ee0a7524a,fraud,digital_services,9,2,2743.55,False,True,0
pay_1bcfc582b3044a,not_received,electronics,403,0,18975.38,False,False,0
pay_8675a97424e54f,damaged,apparel,89,0,3926.24,False,False,0
pay_8f8091d4b3d64e,not_received,apparel,185,1,3342.64,True,False,0
pay_4ad21c10123d41,damaged,apparel,1040,0,3193.49,True,False,0
pay_1ee264c5a31e44,damaged,apparel,567,0,1644.73,True,False,0
pay_fcf406f840e04a,fraud,electronics,5,4,24179.88,False,True,1
pay_641b5524942e4d,fraud,digital_services,403,0,2148.77,False,False,0
pay_4e68fef8a5a24a,damaged,apparel,1456,0,1367.31,True,False,0
pay_f3d0afac270442,damaged,apparel,10,4,3600.27,False,True,1
pay_33f6b3c71d714c,fraud,electronics,634,0,35428.15,True,False,0
pay_9fe91921bb8d49,fraud,apparel,1294,0,3280.85,True,False,0
pay_67a6ae98a5d949,fraud,electronics,690,0,26795.28,True,False,0
pay_679b521441e648,damaged,electronics,430,1,21399.18,True,False,0
pay_86fb4032372c44,fraud,electronics,963,0,23695.54,True,False,0
pay_e3d3772a295948,not_received,electronics,1371,0,24224.65,False,False,0
pay_855fc9953f8d44,damaged,apparel,518,2,3271.75,True,False,0
pay_582bf42d0c3843,fraud,electronics,4,6,30591.48,False,True,0
pay_93e4d81593114e,not_received,digital_services,709,0,1817.17,True,False,0
pay_e0f656930aff4b,fraud,electronics,188,0,24534.0,True,False,0
pay_d189406815d743,damaged,electronics,895,0,26760.54,True,False,0
pay_8d67ae317a5a43,fraud,digital_services,731,0,3823.59,False,False,0
pay_dcbf83bdbf034a,not_received,electronics,1046,0,19854.51,False,False,0
pay_cd5293d4b81e4c,not_received,electronics,567,0,23351.34,True,False,0
pay_3b6c1ea3d67347,fraud,electronics,483,0,32744.77,True,False,0
pay_75d6905d59e441,fraud,digital_services,10,6,3315.4,False,True,1
pay_067eb603881c4a,not_received,digital_services,8,3,455.69,False,False,0
pay_dcfe34486bc847,fraud,electronics,926,0,24044.17,True,False,0
pay_6a70be2e5e544a,damaged,apparel,475,0,3423.86,True,False,0
pay_1cabe5ea06e44d,damaged,apparel,88,0,2385.23,True,False,0
pay_9881c99580f648,not_received,digital_services,247,0,2966.29,False,False,0
pay_1d6feb993df84c,not_received,electronics,1090,0,29704.23,True,False,0
pay_fb836002ccd04a,not_received,digital_services,1100,2,1963.26,False,False,0
pay_9095529d0faf49,damaged,electronics,989,1,39058.47,True,False,0
pay_838e6249bc0d4c,not_received,electronics,1175,0,29682.83,True,True,1
pay_f46ca98cef254e,fraud,electronics,577,0,34425.92,False,False,0
pay_1207c88a07ae43,fraud,apparel,112,0,2599.97,True,False,0
pay_2cc71f106da343,not_received,apparel,1365,0,3045.77,False,False,0
pay_a85f829cefd24a,not_received,apparel,13,5,2793.53,False,False,0
pay_b4da60765e534e,not_received,apparel,259,0,2297.49,True,False,0
pay_d5c4c962687d49,fraud,apparel,1133,0,1969.86,False,False,0
pay_cb01cc32c1b244,not_received,apparel,1070,0,2649.93,True,False,0
pay_2e92d628c37c42,fraud,electronics,1064,0,21642.6,True,False,0
pay_07d8e8c4fbf343,fraud,apparel,801,0,2846.03,True,True,1
pay_bf52fe55d57c46,not_received,electronics,1431,0,24528.09,False,False,0
pay_9ba58ceb0f2340,fraud,apparel,621,0,3377.13,True,False,0
pay_5273e4aee82445,not_received,apparel,13,6,2940.75,False,True,0
pay_22ba9adc98b94c,fraud,apparel,1012,0,3096.66,True,False,0
pay_8ce030946cd24c,not_received,apparel,1127,0,962.97,True,False,0
pay_1134804a33a146,not_received,electronics,9,2,26889.75,False,False,0
pay_01e8e91daed24a,fraud,apparel,650,0,1209.75,True,False,0
pay_08371fe7c78748,fraud,electronics,13,5,19201.83,False,True,0
pay_62b3669d06a74d,damaged,digital_services,196,0,3769.24,True,False,0
pay_50a0c44512e341,not_received,electronics,4,4,25305.06,False,True,1
pay_1f57cb8de7694b,not_received,apparel,139,0,3549.25,True,False,0
pay_3620951de86741,fraud,apparel,460,0,3516.49,True,False,0
pay_b452c65b84b74d,not_received,digital_services,12,4,2868.37,False,True,0
pay_5812a045b0f04e,not_received,apparel,926,0,2929.14,True,False,0
pay_7700b65e8ee64b,not_received,electronics,1406,1,23066.11,False,False,0
pay_073bc30302504b,not_received,apparel,591,0,2018.1,True,False,0
pay_32103be92cbe4c,fraud,electronics,1394,0,26448.77,True,False,0
pay_dcb09b289fd443,fraud,apparel,763,2,3009.55,True,False,0
pay_edf5be041f4442,damaged,digital_services,362,0,4093.55,True,False,0
pay_6a33387bfb4844,damaged,electronics,5,4,22616.49,False,True,1
pay_8d930d30c3274d,fraud,apparel,719,0,2499.32,True,False,0
pay_71b6c819bc0640,not_received,digital_services,1204,0,3209.82,True,True,1
pay_01722bdad07b47,fraud,electronics,4,4,19199.48,False,True,1
pay_03515a90f76f45,fraud,apparel,931,0,2682.14,True,False,0
pay_947796de70c948,fraud,digital_services,813,0,3643.1,True,False,0
pay_38ab03c7324e4f,fraud,digital_services,51,0,2108.72,True,False,0
pay_783b8e90fe6b40,not_received,apparel,455,0,4544.87,False,False,0
pay_0ee870ef316343,not_received,electronics,9,5,26634.92,False,True,1
pay_58e1c9f0d1404f,fraud,electronics,2,2,31732.75,True,True,1
pay_866521a0b95d4c,fraud,apparel,1474,0,2885.04,False,False,0
pay_68aec9dc11a540,damaged,electronics,627,0,27994.95,True,False,0
pay_7bd2b0d168c143,fraud,electronics,464,0,23311.64,True,False,0
pay_83123fd98aba41,not_received,apparel,495,0,2591.43,True,False,0
pay_cc1f99a7a82442,fraud,apparel,378,0,2759.57,True,False,0
pay_a307c76ffe3146,not_received,digital_services,10,2,3105.61,False,True,0
pay_370edab3fb744c,fraud,electronics,1336,0,21091.43,True,False,0
pay_9b713ac1c42e47,fraud,electronics,8,6,24487.89,False,True,1
pay_4ba8e92223ab42,fraud,digital_services,638,0,3023.32,True,False,0
pay_b97f9ae36acb4b,fraud,apparel,804,0,2514.92,True,False,0
pay_7e945a40450a4a,not_received,digital_services,1242,0,2155.91,True,False,0
pay_79026e822b3045,not_received,digital_services,1024,1,2192.63,False,False,0
pay_775432201a1f47,fraud,digital_services,97,0,3162.3,True,False,0
pay_b1d92832ac3e4d,fraud,apparel,55,1,1717.95,True,False,0
pay_401f2bf35f9c42,not_received,electronics,88,0,39782.49,False,False,0
pay_7aeb7f6e544f46,not_received,apparel,106,0,4304.24,True,False,0
pay_a722f33f90f146,damaged,apparel,7,6,2891.19,False,True,1
pay_8c932aca26be4f,not_received,electronics,1348,0,29479.97,True,False,0
pay_d60d2177aa0248,not_received,apparel,63,0,2028.38,True,False,0
pay_30f4fae78de240,not_received,electronics,664,0,25218.47,False,False,0
pay_a763bc0e78594f,damaged,apparel,114,0,2823.84,True,False,0
pay_c4bd2b0a4ce44e,damaged,electronics,3,3,21880.76,False,True,1
pay_08d4ebc0582d48,fraud,apparel,223,0,3707.3,False,False,0
pay_aef80f64aeaf42,fraud,digital_services,1270,1,2757.07,False,False,0
pay_7de3a8f7714d4e,fraud,electronics,381,0,23292.65,True,False,0
pay_2b50f333f3bc43,not_received,apparel,990,0,2555.74,True,False,0
pay_f2ec42c67b1f4a,not_received,electronics,382,0,20049.78,True,False,0
pay_fd939852a31e41,not_received,digital_services,1443,0,2717.09,True,False,0
pay_144cb609e52b41,fraud,digital_services,877,1,3270.96,True,True,1
pay_9adaa18998734c,not_received,digital_services,323,0,4476.69,True,False,0
pay_3fc46f7dd94d42,damaged,digital_services,1395,0,3243.09,True,False,0
pay_8b79f84a40c94f,fraud,apparel,1350,0,3705.21,True,False,1
pay_5e86fdb43bd646,not_received,electronics,799,2,27111.48,True,False,0
pay_ffee3dc9dbe944,not_received,electronics,926,0,27235.62,True,False,0
pay_a673ee0b5e884f,damaged,apparel,3,6,1608.05,False,True,1
pay_6276a0e1517847,damaged,apparel,63,0,1506.11,False,False,0
pay_8539167ed19b41,not_received,apparel,1253,0,3303.04,False,False,0
pay_7973f06bb00345,not_received,electronics,503,0,24820.1,True,False,0
pay_1dad968e371e42,damaged,electronics,808,0,21931.82,True,False,0
pay_4064f5d5506047,not_received,apparel,353,0,1703.57,True,False,0
pay_0c666093882644,fraud,electronics,976,2,30694.46,False,False,0
pay_aad2864f1ccd4c,not_received,apparel,767,0,3283.04,True,False,0
pay_e708ab1d535043,fraud,apparel,718,2,2893.6,True,False,0
pay_c97430a362f340,fraud,apparel,1460,0,3355.65,True,False,0
pay_abd1c61ac99045,damaged,electronics,1278,0,21091.45,True,False,0
pay_f794d990829745,not_received,digital_services,7,4,3017.94,True,True,1
pay_90d70e8516804d,not_received,electronics,6,5,31588.95,False,True,1
pay_de8e8e7e80834a,fraud,electronics,106,0,26334.84,True,False,0
pay_84bb06e17f1841,fraud,apparel,992,0,3712.86,True,False,0
pay_54c07572000541,fraud,electronics,687,0,17398.02,True,False,0
pay_42a5f9899dde49,fraud,electronics,6,5,19420.08,False,True,1
pay_890b62f694174a,not_received,electronics,865,0,18578.33,False,False,0
pay_6e6732f41d3048,fraud,apparel,8,2,2330.25,False,True,0
pay_2c3d55e991dc42,not_received,digital_services,1143,1,2284.04,True,False,0
pay_113b2cf231954d,fraud,apparel,3,6,3449.06,False,True,0
pay_7b5d4774998848,damaged,apparel,1242,0,2488.46,True,False,0
pay_66c8582bd20f48,fraud,electronics,1219,0,12852.93,False,False,0
pay_c7374218f43541,fraud,electronics,6,2,19978.92,False,True,1
pay_27e70c02f9ed47,fraud,electronics,1017,1,31461.61,True,False,0
pay_6fb74117943641,not_received,digital_services,163,0,2402.37,True,False,0
pay_128ef327d00c4c,not_received,electronics,790,0,24066.64,True,False,0
pay_b165a1d9b36746,not_received,digital_services,265,0,3310.83,True,False,0
pay_a578d639a3364e,not_received,electronics,201,0,22237.89,True,False,0
pay_851c8d17522046,fraud,apparel,1148,0,1226.58,False,False,0
pay_43459a56528542,not_received,digital_services,1277,0,2731.14,True,False,0
pay_ee9dd87e0c9d48,not_received,electronics,569,1,19487.22,True,False,0
pay_e77a098a3a8744,fraud,apparel,1188,0,2640.27,True,False,0
pay_9e072a457d5b42,fraud,electronics,678,0,26785.76,True,False,0
pay_5f11e47ad7cc4b,fraud,electronics,992,0,19218.47,True,False,0
pay_e0103ee5a98d45,fraud,electronics,850,0,23680.79,True,False,1
pay_adfdf48a49914c,not_received,digital_services,254,1,3179.38,True,False,0
pay_841228f22dc845,fraud,electronics,48,0,33037.86,True,False,0
pay_c49b9f0d2c1046,fraud,electronics,6,5,28223.26,False,False,0
pay_6f4b7afff75d48,fraud,digital_services,803,0,3582.48,True,True,1
pay_fe35eb5e133448,damaged,electronics,131,0,31316.75,False,False,0
pay_2e875253141141,damaged,apparel,506,0,2480.99,True,False,0
pay_3dd963ead6f648,fraud,digital_services,911,2,3376.0,True,False,0
pay_167a31fb66964d,fraud,electronics,5,5,38517.3,False,True,1
pay_a578ce70b9214c,fraud,electronics,1151,0,22726.64,False,False,0
pay_864230bae18643,not_received,digital_services,1335,0,2165.67,False,False,0
pay_104a0f69b55141,fraud,electronics,1087,0,17765.83,True,False,1
pay_ab1832ee4ab449,not_received,electronics,294,0,32565.98,True,False,0
pay_bdc81077df504e,not_received,apparel,724,0,1523.6,True,False,0
pay_c7cfddffaa984c,damaged,apparel,11,4,1980.39,False,True,1
pay_16bab149a21a4a,fraud,electronics,1456,0,25390.81,True,False,0
pay_c764dbfdd5fa4a,damaged,electronics,998,0,30417.2,True,False,0
pay_2b78132d67ea4f,not_received,electronics,1348,0,25668.17,True,False,0
pay_2b1395f23f034c,fraud,electronics,1059,0,29934.26,True,False,0
pay_5b5b4a17677041,fraud,apparel,1332,0,3218.3,True,False,0
pay_9118c00754824a,fraud,electronics,1162,0,29233.55,True,False,0
pay_d320493d02fa49,fraud,apparel,678,0,4692.03,True,False,0
pay_85346459c9cd44,fraud,apparel,807,0,3348.81,True,False,0
pay_464cdad9bece44,not_received,electronics,4,5,25543.95,False,True,1
pay_2476f02891db49,not_received,electronics,814,0,24838.42,True,False,0
pay_4f65b6ef0f544f,damaged,electronics,481,0,29959.68,True,False,0
pay_602ecf349c2740,fraud,electronics,140,0,22418.44,True,False,0
pay_3b03ad2342ab46,damaged,apparel,363,0,2896.31,True,False,0
pay_7a975aae08ac47,fraud,apparel,1077,0,4937.16,True,False,0
pay_43c068d8318249,not_received,electronics,2,2,26866.8,False,True,0
pay_693cf78d817548,fraud,apparel,796,0,3767.73,True,False,0
pay_2f24f282e2f042,fraud,digital_services,222,0,2505.64,True,False,0
pay_00fcb271d42e4e,damaged,electronics,1091,0,22255.74,True,True,1
pay_b0ea93170a824e,fraud,apparel,12,3,3606.61,False,True,0
pay_7d2ceab7cb7c47,not_received,apparel,494,0,3354.33,False,False,0
pay_421c27a62cfc4e,not_received,electronics,971,0,25865.26,True,False,1
pay_ae8b0910afb745,not_received,apparel,1197,0,2070.88,True,False,0
pay_4792f59f97e447,not_received,digital_services,612,1,2850.4,True,False,0
pay_a487c73ceb1248,not_received,electronics,1031,1,29796.76,False,False,0
pay_ecdd298324b043,fraud,digital_services,1048,0,4576.67,True,True,1
pay_e656cfb610ba4e,not_received,electronics,460,0,19917.14,True,False,0
pay_8332d91f89b44b,damaged,electronics,105,0,32778.47,True,False,0
pay_fdfb8a9c966d47,fraud,apparel,52,0,857.03,True,False,0
pay_7271236860b940,fraud,electronics,653,2,30320.97,False,False,0
pay_63515b47551943,not_received,apparel,4,6,2528.38,True,False,0
pay_33da30b821a64f,not_received,electronics,776,0,23870.07,True,False,0
pay_bf27f160246b4e,not_received,apparel,1303,0,3070.6,True,False,0
pay_4b09ea12b39b4f,fraud,apparel,963,0,4053.48,True,False,0
pay_45a86c5d25e749,not_received,apparel,59,0,3768.99,True,False,0
pay_aecf4e4c777b41,fraud,electronics,9,4,19955.48,False,True,0
pay_3b7d2ec001864b,not_received,electronics,542,0,37108.75,True,False,0
pay_facca446da0d47,not_received,electronics,1177,2,17341.54,True,False,0
pay_ee7a4a27ab814b,fraud,apparel,581,0,2650.98,True,False,0
pay_fc3532ca93f346,not_received,electronics,1153,0,19006.26,True,False,0
pay_956cc37877714b,damaged,apparel,1022,0,3073.8,True,False,0
pay_fae00c3c42a74b,not_received,electronics,1485,0,31771.43,True,False,0
pay_e5205b1e080243,damaged,apparel,1418,0,2568.91,True,False,0
pay_a17fc5666f5046,not_received,apparel,1348,0,2347.06,True,False,0
pay_22a3e0f26f094c,not_received,apparel,718,1,3232.88,True,False,0
pay_18ee5597127548,fraud,apparel,858,0,4784.55,True,False,0
pay_448758449e9a4e,fraud,apparel,653,0,3415.57,False,False,0
pay_8cfab269c89442,fraud,digital_services,411,1,1882.33,True,False,0
pay_c44145fd0eee4c,not_received,apparel,765,0,1359.72,True,False,0
pay_753c2468e16541,damaged,apparel,1072,0,2114.24,True,False,0
pay_d39947f5d60347,fraud,digital_services,5,5,3378.61,False,True,0
pay_7afa91af58964d,not_received,digital_services,9,4,2784.23,False,True,1
pay_c79415484bff4a,not_received,apparel,1072,0,2885.47,True,False,0
pay_94a6ee0e508b4c,not_received,electronics,1021,0,13192.92,True,False,0
pay_fb30362bdfba49,fraud,apparel,887,1,3731.44,True,False,0
pay_534d3d1f4e7c4e,not_received,electronics,816,0,29048.18,False,False,0
pay_727c15af16544d,fraud,apparel,684,0,3381.23,True,False,0
pay_da7d37f85ed344,fraud,apparel,290,0,2705.36,True,False,0
pay_bee779d4305942,damaged,apparel,9,5,2396.43,False,True,1
pay_63cf9aa331274a,fraud,apparel,1304,0,3485.69,True,False,0
pay_dadf2d1a0dc24d,fraud,apparel,1358,0,4004.24,True,False,0
pay_698aab4d8e4b4b,damaged,electronics,878,0,28061.92,True,False,0
pay_0a293f2d224a42,fraud,electronics,40,0,27212.12,True,False,0
pay_3b25e38dea2249,not_received,apparel,1148,0,3722.43,True,False,0
pay_6d127c24630e4c,fraud,apparel,7,2,2059.38,False,False,0
pay_9c59fa4caeb04c,fraud,apparel,141,0,2317.44,False,False,0
pay_8358b923652d45,fraud,electronics,997,0,23908.41,False,False,0
pay_a89edc896d8440,fraud,electronics,453,0,25424.47,True,False,0
pay_dc486837f0c943,not_received,apparel,1319,0,2562.95,True,True,1
pay_3d1055ed5ef64b,not_received,apparel,964,0,2822.88,True,False,0
pay_560e13eba13944,not_received,electronics,2,2,15661.99,False,True,0
pay_58e4385310fd4d,damaged,apparel,1232,0,3541.19,True,False,0
pay_0b6b06498c0a49,fraud,electronics,586,0,30777.21,True,False,0
pay_75dd941215ab4e,not_received,electronics,916,0,31756.07,True,False,0
pay_592e5cfd39c24f,not_received,electronics,10,2,28061.91,False,True,0
pay_2f497c2f93714d,damaged,apparel,488,0,2308.84,True,False,0
pay_ffe07ec62bf148,fraud,digital_services,766,0,2534.0,True,False,0
pay_1cb74f01608f40,not_received,electronics,70,0,23814.62,True,False,0
pay_24c69e3c3bbe42,damaged,electronics,1258,1,19014.77,True,False,0
pay_7e01a2faf47c4d,fraud,apparel,226,2,2580.61,True,True,1
pay_8f03e04bba9e4c,damaged,digital_services,722,0,3845.97,True,False,0
pay_0f8c38d8b53c4f,fraud,electronics,438,0,27301.86,True,False,0
pay_656148483ab241,not_received,electronics,865,0,26287.21,True,False,0
pay_d2daa30565fb46,damaged,electronics,588,1,25985.2,True,False,0
pay_44c7828d13c745,not_received,electronics,1300,0,31835.65,True,False,0
pay_841d965cd1bd40,not_received,apparel,821,0,3467.22,False,False,0
pay_919588d36c6148,fraud,digital_services,8,2,2610.66,True,True,1
pay_e4ccdf10624244,damaged,apparel,114,0,879.17,True,True,1
pay_03d28cd895b449,not_received,digital_services,824,0,2624.85,True,False,0
pay_fd5ff420b49349,fraud,apparel,1037,0,3010.24,False,False,0
pay_db7e57999c6141,not_received,digital_services,1357,0,1489.05,True,False,0
pay_1dd929a3ed794b,not_received,electronics,326,0,26663.05,True,False,0
pay_05dff6f4b8b645,fraud,electronics,359,0,28287.44,True,False,0
pay_472f728615b14b,fraud,apparel,936,0,2531.41,False,False,0
pay_657516bc7db94c,fraud,electronics,1224,0,23850.11,True,False,0
pay_144764a673914a,not_received,electronics,9,5,20485.61,True,True,1
pay_275e15faa3ff44,not_received,apparel,1,5,2984.39,False,True,0
pay_b629d6740bc843,not_received,electronics,590,0,24823.93,True,False,0
pay_0af2a26132af47,damaged,apparel,1230,0,4712.45,False,False,0
pay_b64083b7680342,damaged,electronics,969,1,24124.63,True,False,0
pay_a67a176627d945,not_received,apparel,419,0,2185.75,True,False,0
pay_2e05b8d91fe443,fraud,electronics,612,0,20476.14,True,False,0
pay_4d26d4fab7c74e,not_received,apparel,696,0,3184.74,True,False,1
pay_3036cf38a94c4e,not_received,electronics,1,3,27534.92,False,True,1
pay_a2a26f6efef442,not_received,apparel,207,0,2578.82,True,False,0
pay_7aad401b23c745,not_received,apparel,243,0,3481.5,True,False,0
pay_7cb1843a49d642,fraud,electronics,371,0,31860.25,True,True,1
pay_b9528c5acb3b41,damaged,electronics,180,0,26011.95,True,False,1
pay_312705eb4b5245,fraud,electronics,1257,0,22300.07,True,False,0
pay_ebf60cf6b5ba4f,not_received,apparel,607,0,2718.9,False,False,0
pay_98260a61ded44b,fraud,apparel,762,2,3209.44,True,False,0
pay_a341eea794d04f,damaged,electronics,1323,0,26309.08,True,False,0
pay_f4ba57cf68c64b,fraud,apparel,1382,0,1966.24,True,False,0
pay_5d5a518d024d4d,fraud,digital_services,9,5,3080.73,False,False,0
pay_b8c32aabada64e,fraud,electronics,10,6,20056.71,False,True,0
pay_b4fafcf93dc847,fraud,apparel,1399,0,3350.22,False,False,0
pay_c4991e8ed4ab42,fraud,apparel,3,2,4433.46,False,True,1
pay_5d057aa50f214c,not_received,apparel,755,0,3601.14,False,False,0
pay_ef7fb96fcdf342,not_received,electronics,1240,0,22443.31,True,False,0
pay_511c9ebb920748,fraud,electronics,890,2,26721.79,True,False,0
pay_3cc6fcbd5bf24b,fraud,electronics,1130,0,27736.25,True,False,0
pay_58becdf83d104d,damaged,apparel,5,4,2299.5,False,True,1
pay_abbe8c4f06004f,not_received,apparel,12,3,2489.02,False,True,1
pay_6660b4be35cf4d,not_received,electronics,12,6,21620.56,False,True,0
pay_f08b4ef8f7d142,not_received,electronics,11,5,15506.69,False,True,0
pay_195541a836cc40,fraud,electronics,4,3,27220.46,False,True,0
pay_c57a2b91bd1f43,fraud,digital_services,882,0,3285.18,True,False,0
pay_a0e2762c515640,fraud,electronics,1,4,21678.17,False,True,1
pay_5fecb78fd1cb47,damaged,apparel,916,0,3315.32,True,False,0
pay_bbb23303981c4b,damaged,apparel,451,0,3027.42,True,False,1
pay_7125c283922e43,not_received,digital_services,6,6,3769.9,False,False,0
pay_0dc016c6282e4f,fraud,apparel,672,0,4596.27,True,False,0
pay_abf2c68e58ed4b,fraud,electronics,538,0,26664.34,True,False,0
pay_85fabc64fbaf42,fraud,digital_services,1171,0,2406.08,True,False,0
pay_c36928771b6a49,not_received,apparel,185,1,100.0,True,False,0
pay_75dd23eb93fc43,fraud,apparel,3,6,3874.64,False,True,1
pay_ffb4513c83714f,damaged,electronics,539,0,33254.27,True,False,0
pay_2d405ad75e2d44,fraud,electronics,1354,0,27615.11,False,False,0
pay_8d2b194b810f45,damaged,apparel,1480,0,3870.41,True,False,0
pay_81431912216a4f,not_received,digital_services,1160,0,2367.74,True,False,0
pay_6cfa9cac104641,not_received,apparel,1470,0,3277.77,True,False,0
pay_31bec5984d4945,not_received,digital_services,682,0,2751.11,True,False,0
pay_6cbd9249045547,not_received,apparel,838,0,2341.97,True,False,0
pay_0dbddb505d9c40,not_received,electronics,534,0,12808.39,True,False,0
pay_c0761e91d48349,not_received,apparel,1494,0,987.72,False,False,0
pay_4b16b7c96b2846,not_received,apparel,1290,0,3270.57,True,False,0
pay_fc4b347d19284d,damaged,apparel,3,3,3149.13,False,True,1
pay_d10d47e6b5e34b,not_received,digital_services,1285,0,2919.3,False,False,0
pay_bc252b233d124b,not_received,electronics,37,0,32281.84,True,False,0
pay_e3e88b58f6364a,damaged,electronics,991,0,27926.81,False,False,0
pay_502e080fe18049,fraud,digital_services,329,0,2620.92,True,False,0
pay_531033ee35dc4c,fraud,electronics,5,2,31022.97,False,True,0
pay_0cdebcedb0d741,not_received,apparel,366,0,4699.62,False,False,0
pay_1b7e95e0d4984a,not_received,digital_services,161,0,2998.02,True,False,0
pay_bd1ea8828e794e,damaged,electronics,48,0,34004.18,True,False,0
pay_ae016ee2e9f443,not_received,digital_services,703,0,3200.9,True,False,0
pay_2deb8a3b3cf240,not_received,electronics,1243,0,20807.27,False,False,0
pay_afb0adbaf55f40,not_received,apparel,374,0,4065.15,True,False,0
pay_0122465096ec43,fraud,electronics,7,4,21476.32,False,True,0
pay_711b17bd2ef94c,not_received,apparel,366,0,3637.04,False,True,1
pay_d862a13f01e24c,damaged,apparel,1192,0,5511.51,True,False,0
pay_69c7d29e57a346,fraud,apparel,1111,0,3386.33,True,False,0
pay_1a18719d6ca744,not_received,apparel,941,1,2307.52,True,False,0
pay_af6ac716929947,not_received,digital_services,1133,0,3450.27,True,False,0
pay_139269c507c343,fraud,apparel,1284,0,2971.87,True,False,0
pay_5bccdfa9082f40,fraud,digital_services,623,0,3066.75,True,False,0
pay_cb83e8b97b354a,damaged,apparel,267,0,2102.91,True,False,0
pay_f1436eab2c3046,fraud,apparel,32,0,3966.9,True,False,0
pay_c778ef1546c643,fraud,electronics,815,0,25015.69,False,False,0
pay_54a3baae01044c,fraud,digital_services,145,0,1950.29,False,False,0
pay_a5ff268436f841,not_received,electronics,3,5,20248.96,False,True,1
pay_94774da73ee04f,not_received,electronics,232,2,17962.84,True,False,0
pay_344850e30c864d,not_received,electronics,1356,0,18287.75,True,False,0
pay_57a33eab879c4b,fraud,electronics,684,0,18179.96,True,False,0
pay_5301f4ba60e544,damaged,digital_services,898,0,2294.69,True,False,0
pay_1726b560895b46,fraud,electronics,1131,0,12547.51,True,False,0
pay_8bdd450044c24d,fraud,digital_services,564,0,1704.25,True,False,0
pay_53731762779b4e,not_received,apparel,535,0,5253.85,True,False,0
pay_fcfb8010e6534a,fraud,digital_services,705,0,2829.7,True,False,0
pay_907ecfe636d248,damaged,apparel,1,3,3627.28,False,True,1
pay_521656f2da9f47,damaged,electronics,309,0,28209.13,True,True,1
pay_a6a7f7481ae543,fraud,apparel,1208,0,3806.64,True,False,0
pay_239e48b3f67d4d,damaged,apparel,1070,0,5078.22,True,False,0
pay_c19cd6ebd1ba4d,not_received,electronics,356,0,24689.55,True,False,0
pay_243034d1ee924d,damaged,electronics,154,0,25293.8,True,False,0
pay_e503fa6b65f04f,fraud,electronics,414,0,27339.56,True,False,0
pay_d739a7a4680346,not_received,electronics,719,0,28835.62,True,False,0
pay_1425ca12639a4e,fraud,apparel,407,2,2588.07,True,False,0
pay_880bfd4a15b540,damaged,electronics,847,0,35147.69,True,True,1
pay_4633c069aac64a,fraud,apparel,632,0,2716.95,True,False,0
pay_3655cdc1b93249,not_received,digital_services,11,3,3467.25,False,True,0
pay_04ebecffb4d646,fraud,electronics,1407,0,35642.22,True,False,0
pay_897b2458c7ca42,fraud,apparel,1474,0,3355.99,False,False,0
pay_3133a41af1b742,not_received,electronics,7,3,29237.79,True,True,1
pay_571bf5b06e8640,damaged,electronics,1,6,24504.76,False,True,1
pay_ff10ed982d1f45,not_received,apparel,1163,0,3183.26,True,False,1
pay_96ad0ddc2c9040,damaged,electronics,85,0,30903.54,True,False,0
pay_d90dcfb9681f4a,fraud,electronics,853,0,25922.37,False,False,0
pay_c52220bde14a4f,not_received,electronics,1,2,17559.19,False,True,0
pay_5704118666974e,not_received,digital_services,826,0,4395.09,True,False,0
pay_8d65946c1b9d43,fraud,apparel,72,0,3535.48,True,False,0
pay_e7cc8af2cfc34a,not_received,digital_services,2,6,1704.25,False,False,0
pay_a59b1c91e76842,not_received,digital_services,755,0,1189.16,False,False,0
pay_68b6e7d7cf9c42,not_received,electronics,1433,0,20316.63,True,False,0
pay_43b9ea749ce545,not_received,electronics,906,0,26433.1,True,False,0
pay_7b03b728e2974b,not_received,electronics,1280,0,34334.16,True,False,0
pay_ad1e0152ca2e40,fraud,apparel,759,0,2163.95,True,False,0
pay_2138a0c44c1c45,fraud,apparel,3,4,2807.5,False,True,0
pay_4582fee12c804c,not_received,electronics,1498,0,35568.79,True,False,0
pay_0b72c4919a6047,fraud,electronics,265,0,25180.87,True,False,0
pay_f46925490c7046,fraud,electronics,1265,0,20356.78,True,False,0
pay_f4b66b3af47c47,not_received,digital_services,1153,0,2970.39,True,False,0
pay_360192d0060347,not_received,digital_services,1242,0,2977.77,True,False,0
pay_b97275541d4e47,fraud,electronics,1062,0,31660.43,True,False,0
pay_e00cb8455f194b,not_received,electronics,10,6,43450.2,False,True,0
pay_0cdd7be4e1354b,not_received,electronics,666,0,19136.21,False,False,0
pay_30f455739f714f,fraud,digital_services,5,5,4459.56,False,True,0
pay_42ab326b839245,not_received,digital_services,998,0,3267.12,False,False,0
pay_77e9ce56b0054e,not_received,electronics,437,0,28594.71,True,False,0
pay_b37badba1ed84f,not_received,electronics,11,6,21374.29,False,True,0
pay_260e8743c76049,not_received,electronics,226,0,26518.12,True,True,1
pay_3bf363c4a4e249,fraud,apparel,620,0,3549.27,True,False,0
pay_e8a6a5c5c2e648,not_received,apparel,458,0,2615.67,True,False,0
pay_ec31b1b9528e43,fraud,apparel,978,1,3516.53,True,False,0
pay_85c959434cca4f,damaged,digital_services,5,5,3164.2,False,True,1
pay_bf08ba0fd6704c,damaged,electronics,305,0,22514.9,True,False,0
pay_0ecc7dd6132f49,not_received,apparel,3,4,3721.11,False,True,0
pay_b58fb2ba07c84a,fraud,electronics,1277,0,30438.33,False,False,0
pay_aa30c19cdb6347,fraud,electronics,611,1,19927.78,True,False,0
pay_bea619e9cdd644,fraud,apparel,1411,0,3363.2,False,False,0
pay_f7d9028750f749,not_received,digital_services,10,2,3275.35,False,True,0
pay_9eecc060ebcf45,fraud,apparel,958,1,2741.1,True,False,0
pay_97b59486e49a42,not_received,apparel,1498,0,2435.92,False,False,0
pay_f3b98e85b48e47,fraud,apparel,680,0,4360.24,True,False,0
pay_8035ea6d2fb744,damaged,electronics,505,0,13223.52,True,False,0
pay_a0eb0df221324e,fraud,apparel,672,0,2774.66,True,False,0
pay_a38f5ae1cf0d4d,damaged,apparel,907,0,6130.85,True,False,0
pay_ada43652d77247,damaged,apparel,1358,0,3126.8,True,False,0
pay_aad76249c24248,not_received,apparel,982,1,3172.01,True,False,0
pay_ee57bdbb373348,not_received,apparel,1120,1,3289.13,True,False,0
pay_1cef54b358da4e,not_received,digital_services,405,0,414.24,True,False,0
pay_1e087d9dc62147,not_received,electronics,40,0,23755.11,True,False,0
pay_9d6d3d59fe2341,fraud,digital_services,898,0,2213.74,True,False,0
pay_aa6064b7fa3b4c,fraud,digital_services,6,5,2428.99,False,False,0
pay_58b1278804f443,not_received,electronics,1021,0,23625.1,True,False,0
pay_9cf47dd7b1ae46,not_received,apparel,591,0,1778.28,True,False,0
pay_c6a03b3ef90742,not_received,electronics,161,1,26400.89,True,False,0
pay_aeec5076a0fa4e,fraud,electronics,317,0,31527.58,True,False,0
pay_94160e2207444b,fraud,apparel,5,3,4714.36,False,True,1
pay_91e0215fdcfb4b,fraud,digital_services,1288,0,3186.87,True,True,1
pay_60bd7363cdf64e,fraud,electronics,1407,0,21403.26,False,False,0
pay_000a54e4df7b4a,fraud,digital_services,635,0,953.91,True,False,0
pay_868309d24d164e,fraud,apparel,1094,0,1741.96,True,True,1
pay_2484ad0c948748,fraud,digital_services,1263,0,4030.64,True,True,1
pay_549c33594f854d,damaged,digital_services,1381,0,2160.87,True,False,0
pay_e3bc16b53fb547,fraud,digital_services,1435,0,2369.48,False,False,0
pay_e990569af3554a,not_received,apparel,779,0,2617.39,True,False,0
pay_745afd46aa6f4b,fraud,digital_services,1378,0,3201.37,True,False,0
pay_e18ac7c10fa949,damaged,electronics,5,5,37850.7,False,False,0
pay_1c7b391aad1d48,not_received,electronics,68,0,30666.53,True,False,0
pay_3e9f4a060e7c46,fraud,electronics,1016,0,22741.0,False,False,0
pay_05f866bf98b84d,not_received,apparel,932,0,2907.82,True,False,0
pay_0c15a568ea5b41,fraud,electronics,873,0,26730.5,True,False,0
pay_df0a064faaad42,not_received,electronics,207,0,24491.28,True,False,0
pay_e964ee8aa0584a,fraud,digital_services,1141,1,2197.48,True,False,0
pay_ecb65f166c5b45,damaged,apparel,334,0,4115.91,True,False,0
pay_f1660634333a4a,not_received,digital_services,525,0,2489.63,True,False,0
pay_313ae99cf4bb43,fraud,electronics,305,0,26165.36,True,False,1
pay_1bef46d9f06e4c,not_received,electronics,1354,0,30025.25,True,False,0
pay_a42523408c4b41,fraud,electronics,487,0,14562.69,True,True,1
pay_22f238454d8a4c,damaged,electronics,995,0,24393.09,False,False,0
pay_0c24bc6520694d,not_received,electronics,973,0,27531.25,True,False,0
pay_f5b6d0cbfd5f4f,not_received,electronics,5,2,22086.69,False,True,0
pay_7e2603d1182f42,fraud,electronics,1046,0,35083.65,True,False,0
pay_1631f11766bf4e,damaged,apparel,1177,0,3890.81,True,False,0
pay_7128aac330f240,not_received,electronics,5,4,28118.16,False,True,0
pay_dab3c16302fa40,fraud,electronics,1304,0,23367.65,True,False,0
pay_008265f3f99143,fraud,apparel,1097,1,3152.58,True,False,0
pay_dab99cfc56eb46,fraud,apparel,1371,2,2619.34,True,False,0
pay_dcdfd131782d4e,damaged,digital_services,137,0,2290.09,True,False,0
pay_1cf0e769125b43,fraud,apparel,368,0,3734.8,False,True,1
pay_cf68a851c7f248,not_received,digital_services,4,6,3208.18,False,True,0
pay_ce517e02fb1b46,fraud,digital_services,819,0,2854.0,True,False,0
pay_5fc98ea710014e,fraud,apparel,1472,1,1831.92,True,False,0
pay_60de4c9453db4e,not_received,apparel,6,5,2849.37,False,False,0
pay_8bf4b2853bac42,damaged,electronics,5,4,19950.6,False,True,1
pay_5dfeb6e8805742,not_received,apparel,1315,0,2118.62,True,False,0
pay_57e155e7d73348,damaged,apparel,1150,0,3734.73,True,False,0
pay_40b1428b5f014f,not_received,digital_services,847,0,2535.9,False,False,0
pay_c45953abc5e842,fraud,apparel,918,0,4650.81,False,False,0
pay_3ab1bae684fa40,fraud,digital_services,6,5,3182.26,False,True,0
pay_9c6ceaf438fe4d,not_received,digital_services,90,0,3334.89,True,False,0
pay_dee07736e1d749,damaged,digital_services,13,6,4678.89,False,True,1
pay_67a59d5812a84c,damaged,electronics,105,2,6826.65,True,False,0
pay_93fad3465f7643,fraud,electronics,1425,0,27999.01,True,False,0
pay_c2d8cb4a64f64c,fraud,apparel,1281,0,3455.94,True,False,0
pay_02793f1d361248,fraud,apparel,919,0,3396.59,True,True,1
pay_813144b25a2c4c,damaged,electronics,1284,0,19501.19,True,False,0
pay_12b9285a1f584d,damaged,apparel,528,0,3455.58,False,False,0
pay_96f400ca6afe47,not_received,apparel,365,0,3251.77,False,False,0
pay_4703f14d395b4f,fraud,electronics,12,3,33392.61,False,False,0
pay_d44e5d7b6ac748,not_received,apparel,1120,0,4669.42,False,False,0
pay_d102dc035d984f,not_received,digital_services,499,0,2040.53,True,False,0
pay_59971755579041,fraud,apparel,2,4,2474.66,False,True,1
pay_a73738a9f37c4e,not_received,apparel,384,0,3057.74,True,False,0
pay_2e2f7b9a0c9d4e,fraud,electronics,456,0,25458.58,False,False,0
pay_5ff92a69454b45,fraud,apparel,225,1,3210.56,True,False,0
pay_53196c16857a4a,damaged,digital_services,2,2,3712.14,False,True,1
pay_79378a333d1448,not_received,apparel,1265,2,3840.05,True,False,0
pay_f6e1d5750f9c4a,not_received,electronics,1082,0,27932.65,True,False,0
pay_d87d1fcf71d748,not_received,apparel,171,0,1762.15,True,False,0
pay_1771c477d71947,fraud,digital_services,1438,0,1600.51,True,False,0
pay_cf538998899f43,not_received,electronics,815,0,16352.27,True,False,0
pay_40fa46762d644b,not_received,apparel,1262,0,2823.33,True,False,0
pay_642676b46ec54b,not_received,electronics,1324,0,26097.73,True,False,0
pay_96df46f73bbb47,not_received,apparel,1169,2,3353.59,True,False,0
pay_f7ba0044d12442,fraud,apparel,5,2,2528.82,False,True,1
pay_e2df24c48cb940,fraud,digital_services,1322,0,3105.22,False,False,0
pay_fef5c07a502748,not_received,apparel,2,5,1776.33,False,False,0
pay_e66643577a5248,fraud,apparel,565,2,3908.27,True,False,0
pay_b412fa91ffad47,not_received,digital_services,1471,0,3357.14,True,False,0
pay_63359985beec41,fraud,electronics,424,0,20918.95,True,False,0
pay_45cbee417fad41,fraud,apparel,54,0,3028.43,True,False,0
pay_873367378d3b43,fraud,apparel,1158,0,1763.84,True,True,1
pay_7c9e0fe8a1384a,damaged,electronics,1469,0,25479.14,True,False,0
pay_ad47498992884d,fraud,electronics,1118,0,23112.67,True,False,0
pay_d4d7af28da8342,not_received,apparel,1082,0,2537.57,True,False,0
pay_ad64a957337644,not_received,electronics,710,0,26460.84,True,False,1
pay_002714487a9545,fraud,electronics,488,0,21738.73,True,False,0
pay_eb6d626e7e1d4d,not_received,digital_services,1075,0,3008.19,True,False,0
pay_cc80e0c2d70846,not_received,apparel,1069,0,2936.45,True,False,0
pay_e0b9a591a3be42,not_received,digital_services,1284,0,3864.68,True,False,0
pay_075f810c885044,damaged,electronics,672,0,26899.58,True,False,0
pay_5948b1bb5b1e48,fraud,digital_services,1410,0,2004.73,False,False,0
pay_bdf52cc70b8c4d,fraud,apparel,257,0,3608.71,True,False,0
pay_76f9b27e4c9445,damaged,digital_services,793,0,3609.33,True,False,0
pay_8bff17383f024a,fraud,electronics,10,5,32952.17,False,True,0
pay_63e26e85457d41,not_received,apparel,3,4,2204.6,False,True,1
pay_aab8d95a7dbb45,not_received,apparel,1489,0,2966.93,True,False,0
pay_aaf2e37b13714a,fraud,apparel,316,0,3269.61,True,False,0
pay_745ed67dee2144,not_received,digital_services,147,0,2019.1,True,False,0
pay_4ce3950f6c4d46,fraud,electronics,1487,0,28830.65,True,False,0
pay_2f920a7b99994d,fraud,digital_services,1257,0,1387.3,True,False,0
pay_ed1cc52247ae44,fraud,digital_services,4,4,3242.1,False,True,1
pay_c1ec8a5b8e3849,damaged,apparel,94,0,2603.05,True,False,0
pay_65612777dc7944,fraud,electronics,2,4,24338.67,False,True,1
pay_0bcca569709e44,not_received,digital_services,1047,0,3617.38,True,False,0
pay_c0b60b33763342,damaged,apparel,1162,1,2852.89,True,False,0
pay_093a36e58d1d40,not_received,digital_services,856,0,3566.46,True,False,0
pay_11b5bae9350944,not_received,digital_services,284,0,3658.99,True,False,0
pay_89c8805c93e848,not_received,electronics,12,4,20606.27,False,True,0
pay_a977bf36202f48,fraud,apparel,92,0,683.54,True,False,0
pay_76bc4a2aa03b4e,not_received,apparel,687,0,3707.97,True,False,0
pay_4274a3252f9c43,not_received,digital_services,39,0,3257.9,True,False,0
pay_2daa9baeb57644,damaged,electronics,1100,0,23394.52,True,False,0
pay_bd0bba8b15fa4a,damaged,electronics,152,0,22038.82,True,False,0
pay_cf1edb40a80d4b,damaged,digital_services,408,1,1920.43,True,False,0
pay_ccd78889fdcd4d,damaged,electronics,62,0,26551.86,False,False,0
pay_650145a2d2fd48,not_received,apparel,1059,2,3371.57,True,False,0
pay_9c56bfbfebf841,not_received,electronics,562,0,17970.45,True,False,0
pay_8e2c96c96bf649,damaged,apparel,9,5,4090.12,False,True,0
pay_909adccaaffd4e,fraud,apparel,503,0,4323.41,True,False,0
pay_c60e838518e045,damaged,apparel,562,0,1750.44,True,False,0
pay_8dbcd8d196be4b,not_received,digital_services,652,0,2156.04,True,False,0
pay_66db12c99e9647,not_received,electronics,1423,0,23002.7,True,False,0
pay_ca8ec6e7520e4d,not_received,electronics,202,0,20396.84,True,False,0
pay_67a44c936e9f44,damaged,apparel,12,5,1877.23,False,True,1
pay_d367e0cc921249,fraud,apparel,1427,0,2756.33,False,True,0
pay_b8d64e9a26f44b,not_received,apparel,4,3,2988.94,False,True,1
pay_7df1a421a3ff46,not_received,electronics,1440,0,32186.23,True,False,0
pay_ae83a1740e7b46,fraud,digital_services,1129,0,1855.17,True,False,0
pay_1fd9512a72bb4a,not_received,apparel,62,0,2181.79,True,False,0
pay_02e6f927c6704e,not_received,electronics,612,0,31117.94,True,False,0
pay_b5e7510af95242,not_received,apparel,599,0,4648.0,True,False,0
pay_8205beac87ab48,fraud,electronics,1125,0,24200.71,True,False,0
pay_d5d739f364354b,not_received,electronics,1356,0,18527.63,True,False,0
pay_d2f793a966f849,not_received,electronics,834,0,17355.08,False,False,0
pay_14a802ab549e41,not_received,electronics,211,0,30289.66,True,False,0
pay_dcd5887afec842,fraud,electronics,320,0,29240.05,True,False,0
pay_8f26fdaf4c8c46,damaged,apparel,548,0,2542.47,True,False,0
pay_4627ba94a9f745,not_received,apparel,289,0,4671.71,True,False,0
pay_2cf3c2cb223146,not_received,apparel,831,1,3629.41,True,False,0
pay_0374db55532e48,not_received,electronics,755,0,23017.25,True,True,1
pay_f5fe43612e9a4d,fraud,digital_services,278,0,4435.87,True,False,0
pay_17a5fceba03440,not_received,digital_services,1,4,3654.51,False,False,0
pay_6c0fb91ea34c47,not_received,digital_services,1062,0,1698.16,True,True,1
pay_619d9e6e91ca4f,not_received,electronics,172,0,25651.89,True,False,0
pay_e7b0c0d4db344a,not_received,apparel,1145,0,3317.39,True,False,0
pay_a044851cc2d941,not_received,electronics,1339,0,17056.4,True,False,0
pay_25279e0fc1cd40,fraud,digital_services,398,0,3383.42,True,False,0
pay_1e1368838cb54a,not_received,electronics,329,0,25014.18,True,False,0
pay_ab975605e60a4b,fraud,electronics,308,0,26419.93,False,False,0
pay_ff3b8bf26ef044,fraud,apparel,1377,0,3666.63,True,False,0
pay_af1dcd8f37cf4f,damaged,apparel,501,0,4119.43,True,False,0
pay_f98a6a812da94c,not_received,apparel,12,5,3345.6,False,True,1
pay_0bf5dac9192448,not_received,electronics,458,0,27130.71,True,False,0
pay_baa1520606cf41,not_received,apparel,1045,0,4733.35,False,False,0
pay_c9b562c71ecb4f,damaged,digital_services,1281,0,2850.1,True,False,0
pay_46aed6fee83249,not_received,digital_services,740,0,2428.96,True,False,0
pay_c430fc532e214e,not_received,apparel,1305,0,1812.03,True,False,0
pay_4cd1f3956d7342,fraud,apparel,1226,0,3264.03,True,False,0
pay_d42680babf5d43,damaged,electronics,1068,0,21326.75,True,False,0
pay_2de6f9a7ac1b45,damaged,electronics,716,1,28660.39,True,False,0
pay_2121378f3d144e,damaged,electronics,663,0,23928.31,True,False,0
pay_4c3f2d2357b14f,fraud,apparel,162,0,4234.1,True,False,0
pay_8ebe55431d1545,fraud,apparel,646,0,3023.55,True,False,0
pay_22c3c4e3de6248,fraud,apparel,1499,0,2287.37,True,False,0
pay_400d924e86154f,fraud,electronics,497,2,19840.82,True,False,0
pay_6366261fd10848,damaged,apparel,676,0,2613.54,True,False,0
pay_22db086e4e4b4f,fraud,electronics,359,0,25439.79,True,False,0
pay_f2f45f67c52c41,fraud,apparel,1407,0,4171.98,True,False,0
pay_2dcd56ab0c4d43,fraud,electronics,6,4,29791.46,True,True,1
pay_ab2e46d3dcda42,fraud,apparel,965,0,3219.34,True,False,0
pay_41c555d0de3647,fraud,apparel,598,0,3357.58,True,False,0
pay_30cd33c02d8240,not_received,electronics,446,0,28206.2,True,False,0
pay_210c9fb28cd040,not_received,electronics,511,0,25877.47,False,False,0
pay_f5d64abb236349,fraud,apparel,447,0,4144.86,True,False,0
pay_31c6cbc4a66e4d,not_received,electronics,1467,0,27514.91,False,False,0
pay_07dc0ff9230d48,not_received,apparel,181,2,3435.81,True,False,0
pay_6fb46928c4cc45,fraud,apparel,12,4,4586.06,False,True,1
pay_89444dd3590744,not_received,electronics,1029,0,23921.95,False,False,0
pay_d6a8871636e94c,not_received,apparel,855,0,2794.7,True,False,0
pay_a65f3e9109ce4c,not_received,digital_services,398,0,1723.69,True,False,0
pay_f5122840474949,not_received,apparel,1056,0,3425.4,True,False,0
pay_7288c49e100143,fraud,digital_services,1006,0,2557.02,True,False,0
pay_c150768c230243,damaged,electronics,1340,1,20481.1,True,False,0
pay_aebb1e4959f748,damaged,apparel,169,0,2815.78,True,False,0
pay_0c720ec7f2c14f,damaged,apparel,1219,1,3926.61,True,True,1
pay_1b1406f913a240,fraud,digital_services,6,5,2036.94,False,True,0
pay_2ef7cd25faf34a,damaged,electronics,1499,0,31645.17,True,False,0
pay_24076cd660ba47,damaged,electronics,7,3,25184.93,False,True,1
pay_6bf532f5c02042,damaged,electronics,874,0,23729.58,True,False,0
pay_7cf7192d68d14b,fraud,digital_services,1362,0,4281.5,True,False,0
pay_c79941db019c40,not_received,apparel,8,2,3150.67,False,True,0
pay_be8c8e83895745,damaged,digital_services,917,0,1266.66,True,False,0
pay_535bfcc195ad41,not_received,electronics,486,0,32826.99,True,False,0
pay_e62b6951498643,not_received,electronics,6,3,23943.73,False,True,1
pay_6910c765804946,damaged,electronics,7,6,11962.94,True,True,1
pay_dbdbe2bea29047,not_received,apparel,397,0,1390.56,True,False,0
pay_a3f727102a5d44,not_received,digital_services,1223,0,933.15,True,False,0
pay_8917a9d8c21849,not_received,electronics,1339,0,34430.53,True,False,0
pay_c8d8c66c5eb942,damaged,digital_services,66,0,3823.43,True,True,1
pay_373f535dcfe242,fraud,electronics,327,0,19310.22,False,False,0
pay_c25b7ca32b584b,not_received,apparel,813,0,2370.77,True,False,0
pay_1aa67b63304f41,not_received,apparel,56,0,4324.07,True,False,0
pay_3f3f1aebf5454b,not_received,electronics,6,6,33591.54,False,True,1
pay_adc42f8573fe44,not_received,electronics,1041,2,24431.66,True,False,0
pay_d0609982fe5646,damaged,electronics,135,0,22096.39,True,False,0
pay_54c5a21fb71649,damaged,electronics,541,0,23542.63,True,False,0
pay_21cf3dc8f34c4d,fraud,digital_services,619,1,3693.91,True,False,0
pay_689d984e52a94e,not_received,digital_services,184,0,3144.09,False,False,0
pay_6154407579794a,fraud,apparel,46,1,2984.78,True,False,0
pay_ab7aa56af40542,fraud,apparel,776,0,3593.58,True,False,0
pay_39ddd9c44b7345,not_received,electronics,1176,0,32803.76,False,False,0
pay_05fadd9079fa41,damaged,electronics,803,0,16224.96,True,False,0
pay_260474220e524f,damaged,digital_services,112,0,2934.47,True,False,0
pay_31d5f4a5a5d642,fraud,apparel,2,4,739.16,False,False,0
pay_35e31032677b45,fraud,apparel,202,0,4327.11,False,False,0
pay_6a0efea2ae1645,not_received,apparel,4,6,2944.95,False,True,0
pay_4b6dabcd80f64d,not_received,apparel,828,1,4725.14,True,False,0
pay_d36ea54ae08140,fraud,electronics,1306,0,23695.5,True,False,0
pay_f45d95ad0a3f44,damaged,apparel,760,2,3711.97,True,False,0
pay_b7c43956356748,damaged,apparel,1477,0,3855.26,True,False,0
pay_aaf5ffa8621643,not_received,digital_services,9,5,3769.17,False,False,0
pay_18f957efa7bb44,damaged,apparel,1228,1,3399.98,True,False,0
pay_1d84d11e45b34b,fraud,electronics,633,1,30334.72,True,False,0
pay_fc1bd39d005646,not_received,electronics,1421,0,24590.51,False,False,0
pay_0fa003e719ca4b,not_received,apparel,1461,0,3573.76,True,False,0
pay_16a97f699da24f,fraud,apparel,1026,1,4657.03,False,False,0
pay_8c473f05073342,damaged,apparel,2,5,2749.05,False,False,0
pay_35804d26fcdf40,not_received,apparel,1296,0,2044.69,True,False,0
pay_e2598e8dea834d,not_received,apparel,572,0,1535.54,True,False,0
pay_799cd86d4e0044,fraud,electronics,1356,0,33729.94,True,False,0
pay_62a87f1c16e344,fraud,electronics,808,0,28678.02,True,False,0
pay_235d2f1d39374a,fraud,electronics,803,0,23607.73,True,False,0
pay_713b33cea97649,not_received,electronics,4,3,32199.2,False,True,1
pay_3e74f12d17764e,not_received,apparel,1385,0,2938.45,False,False,0
pay_1c0c79d4160248,fraud,electronics,1055,0,16358.46,False,False,0
pay_b3567f98cffb4d,not_received,electronics,998,0,30536.11,True,False,0
pay_993344a7fb0842,not_received,electronics,1389,0,21109.49,True,False,0
pay_74f758f2689a46,not_received,electronics,966,0,32847.13,True,False,0
pay_59d2607d8c2641,not_received,digital_services,511,0,1500.14,False,False,0
pay_005bc7d1fe6d47,damaged,electronics,95,0,19289.69,False,False,0
pay_1b243e44e1ef48,not_received,apparel,668,0,2983.11,True,False,0
pay_3d6ef7410d1543,not_received,electronics,5,4,17061.96,False,True,1
pay_8ae718d994cf4b,fraud,digital_services,1159,2,2873.6,True,False,0
pay_97b767f06b184f,fraud,digital_services,913,0,3185.87,True,False,0
pay_e230795847804e,fraud,apparel,1382,0,4095.23,True,False,0
pay_ee8ecdf1c0ef4c,not_received,digital_services,805,0,3572.73,True,False,0
pay_4361db63c2c44f,fraud,electronics,1273,1,19831.94,True,False,0
pay_33ef0b0f684044,fraud,electronics,1481,0,20936.99,True,False,0
pay_c6eb62fbf70747,not_received,electronics,680,0,10945.28,True,False,0
pay_cc200463f23b44,fraud,electronics,286,0,21902.25,False,False,0
pay_1982523816cb4f,fraud,electronics,973,0,32068.77,True,False,0
pay_eda5a05a721845,fraud,electronics,199,0,29393.14,False,False,0
pay_39696665c01848,not_received,apparel,490,0,4627.61,True,False,0
pay_c82ca840d3464f,fraud,apparel,458,0,5457.3,False,False,0
pay_7c6bbad3d7b745,not_received,electronics,1400,0,18518.4,True,False,0
pay_d2a001539ed448,not_received,electronics,1012,0,27829.63,True,False,0
pay_a894909e57654d,not_received,apparel,4,6,2603.38,False,True,1
pay_5fab230e7f5f47,not_received,apparel,61,0,2614.74,True,False,0
pay_edd6d72b7a7543,damaged,electronics,346,0,19639.36,False,False,0
pay_a58d0ea9675142,fraud,electronics,250,0,24794.25,False,False,0
pay_a195987ffa2c49,fraud,apparel,291,0,2091.63,True,False,0
pay_f3adef7057fb4f,fraud,electronics,901,0,18101.36,True,False,0
pay_f80a650348e04a,fraud,digital_services,1003,0,3425.83,True,False,0
pay_59707fdebf4349,fraud,electronics,1003,0,17818.63,True,False,0
pay_dfc51140bd6545,fraud,electronics,9,2,22365.45,False,True,0
pay_346c904d0fd14b,not_received,apparel,779,0,2764.09,True,False,0
pay_589d05b209db45,not_received,digital_services,987,0,2212.88,True,False,0
pay_5752fa8d070e42,fraud,apparel,320,0,3079.69,True,False,0
pay_7fef91b150e545,not_received,electronics,939,2,23846.52,True,False,0
pay_b02b6c00f6304b,fraud,electronics,906,0,32293.1,True,False,0
pay_29938d7f17ad47,fraud,apparel,586,0,4787.43,True,False,0
pay_4bfe6454d7f74e,not_received,electronics,1046,0,22263.5,True,False,0
pay_fd247ff114a945,fraud,apparel,567,0,2153.05,True,False,0
pay_db3f9f9088804e,fraud,apparel,325,0,3317.68,False,False,0
pay_7fcc3a9b1b6949,not_received,electronics,620,0,23028.27,True,False,0
pay_3bae555eb71641,damaged,electronics,1307,0,30144.24,True,False,0
pay_a0d46116e94141,not_received,apparel,633,0,2514.42,True,False,0
pay_28f961d60b7441,fraud,apparel,2,3,5628.82,False,True,0
pay_cf8024181cde40,damaged,digital_services,1119,1,1516.85,False,False,0
pay_cb646aa504054f,not_received,electronics,1203,0,19578.84,True,False,0
pay_f9381bee0c484f,not_received,apparel,1478,0,3201.52,True,False,0
pay_0d9d2aacbced40,damaged,electronics,344,0,29606.27,True,False,0
pay_cfed18c39d934b,not_received,electronics,9,3,30405.6,False,True,1
pay_8f4c591b2cc348,fraud,apparel,1391,1,568.74,True,False,0
pay_8f3b1151cede49,not_received,digital_services,8,3,1594.15,True,True,1
pay_05fa9921991d40,not_received,electronics,6,3,23878.51,False,True,1
pay_b26cb030a87646,not_received,apparel,652,1,5294.8,True,False,0
pay_95f48c8e66df4d,not_received,apparel,1123,0,1133.8,True,False,0
pay_4b164a94313245,damaged,electronics,1441,0,28247.27,True,False,0
pay_9797ec5c895344,damaged,digital_services,1403,0,2247.46,True,False,0
pay_8c49ca3a562942,damaged,apparel,783,0,2799.52,True,False,0
pay_17be581e199147,damaged,apparel,1001,1,2172.56,True,False,1
pay_aec2fa52c4e04d,damaged,apparel,850,0,5572.32,True,False,0
pay_3f8b80b404a043,fraud,apparel,1394,0,2101.44,False,False,0
pay_7fb2be9f911941,fraud,digital_services,828,0,2881.63,True,False,0
pay_5f691e62e9cc4a,not_received,electronics,51,0,25382.28,True,True,1
pay_e6461cfcdfbb4c,damaged,electronics,1086,0,12432.38,False,False,0
pay_38d36c153c624d,not_received,digital_services,10,4,3313.18,False,True,0
pay_9ff6fa043fb94b,not_received,digital_services,47,0,3214.9,True,False,0
pay_0558e88ec1e84e,fraud,electronics,1083,0,19574.73,True,False,0
pay_fceec922b2a748,fraud,electronics,4,4,24742.47,False,True,0
pay_7fd1c4513cdf44,not_received,apparel,5,2,2830.23,False,True,0
pay_7ebc55dbd02642,fraud,electronics,43,0,22507.51,True,False,0
pay_e80f3a362d5f41,fraud,apparel,645,0,3231.53,True,False,0
pay_6b1cc3c8d4394f,fraud,electronics,1154,0,20771.71,True,False,0
pay_8a153ef5c6b647,fraud,apparel,251,0,2167.16,True,False,0
pay_1eff1d50fb4a48,not_received,electronics,242,0,23980.72,True,False,0
pay_f48c0e6e1b8140,fraud,apparel,284,2,2723.7,True,False,0
pay_8227aedc466d4e,not_received,apparel,675,0,1335.17,True,False,0
pay_2563944b17344a,fraud,apparel,554,0,4255.56,True,False,0
pay_58b47de6d54c40,damaged,electronics,529,2,29307.38,True,False,0
pay_ece2905225ab49,fraud,electronics,523,0,19288.48,False,True,0
pay_64e10bc86c8e48,not_received,electronics,1434,0,24728.96,True,True,1
pay_77bcef5ced0e46,not_received,apparel,1273,1,3965.06,True,False,0
pay_423510cd92ca46,fraud,apparel,13,2,3340.16,False,True,1
pay_7f88d33b74bd40,damaged,electronics,1258,0,23666.95,True,False,0
pay_a0a2e3da574741,not_received,apparel,11,6,3402.48,False,True,1
pay_ec6700f93a454d,not_received,apparel,866,1,2626.51,True,False,0
pay_df87944787c048,fraud,apparel,4,3,3864.51,False,True,0
pay_9c1138d2a90a4d,damaged,electronics,1151,0,26412.36,True,False,0
pay_f181027465f34f,not_received,digital_services,939,0,3097.7,True,False,0
pay_f1308fb446544f,fraud,apparel,1180,0,2000.51,True,False,0
pay_45f2fa3f97d946,fraud,digital_services,11,4,2777.17,False,False,0
pay_6d1dc0b78dc64c,damaged,electronics,1259,0,44815.81,True,False,0
pay_9e8dd32941d746,not_received,digital_services,632,0,2160.86,False,False,0
pay_3acb552237544a,not_received,electronics,452,0,24357.39,True,True,1
pay_f718e1ce86804c,not_received,apparel,771,0,3238.47,True,False,0
pay_01dcb191904a4f,not_received,apparel,461,0,2956.86,True,False,0
pay_8835e3ebcd6545,fraud,apparel,789,0,1907.17,True,False,0
pay_0ab880e7aafb4b,fraud,apparel,825,0,3734.32,True,False,0
pay_d4d6bdcc844646,not_received,electronics,9,3,20839.87,False,True,1
pay_ca78dae5191c4a,damaged,digital_services,9,2,2816.19,False,True,1
pay_893e44bce9b649,fraud,apparel,371,0,3008.68,True,False,0
pay_ced837ae06094e,not_received,digital_services,1056,0,3590.81,False,False,0
pay_280bb865500c4e,not_received,electronics,780,0,17384.13,True,True,1
pay_43fa4669895e41,not_received,apparel,1359,1,1590.34,False,False,0
pay_ac956cb97ef146,damaged,apparel,670,0,2801.98,True,False,0
pay_22ed24344c0d44,not_received,apparel,1408,2,2432.49,True,False,0
pay_2e8aad7aaf0047,fraud,apparel,81,0,2901.38,True,False,0
pay_8b8ab945f0e84d,damaged,electronics,195,0,13855.3,False,False,0
pay_1371b85bb0fa4d,not_received,electronics,1301,0,19677.25,True,False,0
pay_1a20de2546a146,damaged,apparel,3,3,4024.42,False,True,1
pay_a66985a556534d,not_received,apparel,117,0,1989.17,True,False,0
pay_7e39f293f1fe44,damaged,electronics,787,0,27905.04,True,False,0
pay_93ed1cfabb4b46,fraud,apparel,1292,0,3218.68,True,False,0
pay_4b621e98e7d14b,fraud,apparel,337,0,2479.63,True,False,0
pay_6ba73c4402bb4e,damaged,apparel,293,0,3520.92,True,False,0
pay_42227d6e26a04c,fraud,electronics,599,1,22020.51,True,False,0
pay_7d14861a786a46,fraud,apparel,1,6,2618.83,False,True,0
pay_dcf97577feec45,not_received,apparel,1441,0,1253.67,True,False,0
pay_608b5b14f7ad4e,damaged,apparel,10,3,3748.93,False,True,1
pay_140b4a10a06047,fraud,digital_services,445,0,2097.31,True,False,0
pay_16dae5f2427a46,damaged,apparel,1033,0,4941.58,True,False,0
pay_22b08e06afe94b,not_received,electronics,279,0,22799.71,True,False,0
pay_22a425abf7fc4a,not_received,electronics,1298,0,24485.68,True,False,0
pay_08c4862a11cb4d,damaged,electronics,771,0,21899.06,True,False,0
pay_a85d4b8271c544,not_received,electronics,1447,0,27410.01,False,False,0
pay_1a556f600eae40,fraud,digital_services,8,4,2327.94,False,False,0
pay_3d817643683042,fraud,digital_services,965,0,3360.5,True,False,0
pay_4f54f58c22a949,not_received,apparel,490,0,2779.12,True,False,0
pay_d22ef082b05741,not_received,electronics,985,2,24428.04,True,False,0
pay_e55f27fd22f141,damaged,electronics,1429,0,33072.59,True,False,0
pay_bb06b9f1f32041,not_received,digital_services,385,0,4800.8,False,False,0
pay_1736efa61f254c,not_received,digital_services,928,0,2758.45,False,False,0
pay_20384320a04348,not_received,electronics,1168,0,17186.46,True,True,1
pay_9cee2685bab941,fraud,apparel,536,1,2599.54,True,False,0
pay_3de59a77adec4a,fraud,electronics,736,0,25237.82,True,False,0
pay_c3a9958b5ee14c,damaged,electronics,800,0,19443.31,True,False,0
pay_a7848243eb664a,fraud,electronics,11,6,24742.97,False,True,1
pay_ab1b62903b7c4b,fraud,apparel,1229,0,3370.63,True,False,0
pay_db77e810d16b43,not_received,electronics,408,0,24785.32,True,False,0
pay_5ecaf9cb07cc40,not_received,electronics,1234,0,26918.75,True,True,1
pay_4455e874ac6845,damaged,electronics,1445,0,27644.51,True,False,0
pay_b301ccf6201244,fraud,electronics,204,1,24455.41,True,False,0
pay_0ee873f69a5f41,fraud,apparel,568,0,1184.51,True,False,0
pay_f0786f4ec04c49,fraud,electronics,358,0,23909.02,True,False,0
pay_98f0bf71ea8343,not_received,digital_services,1073,0,3062.08,True,False,0
pay_94164d317c9245,fraud,electronics,897,1,22188.49,True,False,0
pay_209004b680e648,not_received,electronics,1447,0,26137.35,True,False,0
pay_68e2d0e23ddd48,damaged,electronics,209,0,28203.56,False,False,0
pay_812ac798cd134e,damaged,electronics,159,0,24608.78,True,False,0
pay_39376506cd2349,fraud,electronics,707,0,23528.7,True,False,0
pay_07c4e04e3df14f,not_received,electronics,670,0,25036.88,True,False,1
pay_e99154ca40f541,not_received,digital_services,968,1,3345.19,True,False,0
pay_73ed9648d84f41,damaged,apparel,1239,0,2831.79,True,False,0
pay_42fe41e2c41147,damaged,digital_services,733,0,2264.0,True,False,0
pay_06b77d529e8545,fraud,electronics,1440,0,22568.6,True,False,0
pay_b075f474061e4d,not_received,apparel,98,0,3589.87,True,False,0
pay_b7c7cde81bbb47,fraud,electronics,147,0,26395.74,False,False,0
pay_b79a8d545bbb45,fraud,apparel,1061,2,3240.67,True,False,0
pay_f0fab45a76424e,fraud,digital_services,1041,1,2295.63,True,False,0
pay_af448330e3af48,not_received,digital_services,941,0,4009.45,True,False,0
pay_5ad1c01a5f5745,not_received,electronics,617,0,26768.1,True,False,0
pay_4d0222618b7747,fraud,electronics,497,0,18015.18,True,False,0
pay_0240a67b8e014a,not_received,electronics,10,2,21461.24,False,True,0
pay_701a30052a9041,fraud,electronics,1273,0,25486.29,True,False,0
pay_4cb85351063140,not_received,electronics,7,6,30337.09,False,True,1
pay_abf3acc6c6e64e,fraud,electronics,1096,0,23990.29,True,False,0
pay_d08fcc7f1d634b,fraud,electronics,583,0,27502.54,True,False,0
pay_3c400a324ba947,not_received,apparel,843,0,4654.64,True,False,0
pay_fa3949997dc140,fraud,apparel,1228,0,2978.28,True,False,0
pay_a6b1a1b8fc4243,not_received,apparel,5,4,2408.6,False,True,1
pay_854cef0da3484d,fraud,electronics,287,0,23558.18,True,False,0
pay_d548851eaec14b,not_received,electronics,643,1,28783.09,True,False,0
pay_cab5bd4c317a4e,fraud,apparel,262,0,2941.94,True,False,0
pay_f3ccaa0a00bb4d,not_received,apparel,867,0,2776.11,True,False,0
pay_0aa32e11186745,not_received,electronics,8,3,27112.4,False,True,0
pay_3ad8d92da25243,fraud,digital_services,1,2,1829.88,False,True,0
pay_19df36fa42f444,not_received,electronics,1141,2,27090.27,True,False,0
pay_6ef940f6e17347,fraud,electronics,1465,0,31047.7,False,False,0
pay_8803a2604a2543,not_received,apparel,1485,0,2953.29,True,False,0
pay_19220ad48c2247,fraud,electronics,1278,1,31729.06,True,False,0
pay_e8a3dbfa29434f,not_received,apparel,1495,0,3171.37,True,False,0
pay_56bf2db5a1e446,not_received,electronics,943,1,23367.61,True,False,0
pay_e13bccf2be0b4e,damaged,electronics,6,5,30144.6,False,False,0
pay_9e534431cf2042,not_received,digital_services,314,0,3909.16,True,False,0
pay_e6b1717a91e240,not_received,electronics,209,0,26440.09,True,False,0
pay_86c10cb65de94b,not_received,apparel,1370,1,2762.56,True,False,0
pay_3c43176226d14d,damaged,electronics,913,0,21985.39,False,False,0
pay_1b8aca0caa8848,not_received,apparel,1386,0,3323.95,True,False,0
pay_531d2e54c3844d,fraud,electronics,722,0,25614.38,True,False,0
pay_53ec30026f2243,damaged,apparel,654,0,3954.89,True,False,0
pay_d00bf346dda142,not_received,apparel,106,0,4557.19,True,False,0
pay_16efc5513f2b45,damaged,electronics,1201,0,22742.64,True,False,0
pay_cd7edc549ee54a,damaged,electronics,864,0,17123.71,False,False,0
pay_9677bfb9062f46,fraud,digital_services,1411,0,3834.6,True,False,0
pay_51610cf672fc49,not_received,digital_services,4,2,2990.03,False,True,0
pay_db9557d3bfd24b,fraud,apparel,1156,0,1678.47,True,False,0
pay_9117cb9d94e34c,fraud,apparel,427,1,4347.02,True,False,0
pay_b16a34ef3c4449,fraud,digital_services,366,0,3046.66,True,False,0
pay_20b4c552f8eb4c,not_received,electronics,495,0,35434.79,True,False,0
pay_b33ef6fe11054c,fraud,apparel,1416,0,2771.89,True,False,0
pay_68856342ec4548,fraud,apparel,1065,0,1927.02,True,False,0
pay_895ed4c2b8f04b,not_received,apparel,586,0,805.6,True,False,0
pay_8feaad95939847,fraud,electronics,1335,0,23489.23,True,False,0
pay_7d5ae1329fd64a,fraud,apparel,746,0,3823.03,True,False,0
pay_c3396cb739b846,fraud,apparel,12,4,4265.27,False,True,0
pay_1558e06dae8b42,fraud,digital_services,155,0,3154.47,True,False,0
pay_757f88a8c2f741,not_received,apparel,673,2,3044.99,True,False,0
pay_8a23759d53ab4e,fraud,digital_services,214,1,1738.64,True,False,0
pay_95790929b67544,damaged,digital_services,1358,0,3216.33,True,False,0
pay_f4a96471596a44,not_received,apparel,10,4,2639.54,False,True,1
pay_6bf8a83e21904b,fraud,electronics,784,0,19606.43,True,False,0
pay_a4188d2ac2244e,fraud,apparel,743,2,3792.52,True,False,0
pay_5e15bb936e2548,not_received,digital_services,900,0,1441.55,True,False,0
pay_348e64cf725a40,not_received,electronics,1465,0,30108.48,True,False,0
pay_4dd0afd8e45544,fraud,apparel,10,2,4179.4,False,True,0
pay_102d236fad9c45,fraud,electronics,1459,0,32619.67,True,False,0
pay_0244e1f9141843,damaged,electronics,733,0,19649.98,True,False,0
pay_b1defef45c5e4e,fraud,apparel,556,0,3470.16,True,False,0
pay_250e75218e9b4a,fraud,apparel,11,5,2299.15,False,True,1
pay_36a08119e8d24f,damaged,apparel,95,1,3702.09,True,False,0
pay_c10631dcff1a4a,not_received,digital_services,9,3,3752.28,False,True,1
pay_95c8280da30140,fraud,electronics,620,0,27174.13,True,False,0
pay_325240f8f63a43,not_received,electronics,661,0,28435.92,True,False,0
pay_0132ea705d2846,fraud,digital_services,367,0,3454.18,True,False,0
pay_164e14fcb6d643,not_received,apparel,250,0,2336.44,True,False,0
pay_36786a60959d43,not_received,electronics,328,0,24570.03,True,False,0
pay_0d1ec83c639c42,damaged,apparel,5,6,2993.48,False,True,1
pay_582def8f1a7e4d,damaged,digital_services,962,0,3540.47,True,False,0
pay_2565e28b67fe49,damaged,apparel,1454,0,2564.4,True,False,0
pay_413ad1dc0d3d49,damaged,apparel,1463,0,4278.91,True,False,0
pay_31db402c60d44f,not_received,electronics,1224,0,31534.89,True,False,0
pay_ca518fb8c9814e,fraud,electronics,1318,0,31402.52,True,False,0
pay_99d62c505a9f44,not_received,digital_services,306,0,5260.9,True,False,0
pay_ee934cd6dfa647,not_received,apparel,1297,1,3301.17,True,False,0
pay_0f613b847e3348,damaged,electronics,350,2,26969.26,True,False,0
pay_51222c424a6a49,fraud,apparel,7,2,2877.95,False,True,0
pay_aae28939104947,damaged,apparel,102,1,2820.4,True,False,0
pay_21b169ca1e3141,damaged,electronics,1464,0,37931.07,True,False,0
pay_e6b7da3e77eb4f,damaged,apparel,235,0,4102.79,True,False,0
pay_a90f359a4f0842,damaged,electronics,11,3,25609.27,False,True,1
pay_9d9b3fda5b244b,fraud,electronics,1496,0,31637.92,True,False,0
pay_23469c1064064f,fraud,apparel,380,0,3480.45,True,False,0
pay_f319e87508d949,fraud,electronics,5,3,29097.2,True,True,1
pay_2e9ac23159e849,fraud,electronics,1263,0,26251.39,True,False,0
pay_b450f3c8a9be46,not_received,digital_services,302,0,2892.23,False,False,0
pay_97784663afd54e,damaged,apparel,390,0,1538.1,True,False,0
pay_6bfe26acf1004a,damaged,apparel,337,1,4103.74,True,False,0
pay_fa97148ca61248,not_received,electronics,1167,0,21339.15,True,False,0
pay_74c8e991aa6340,fraud,electronics,1484,0,17216.36,True,False,0
pay_9a744ad4f1fc4f,fraud,apparel,377,0,4978.76,True,False,0
pay_390e196740e64d,fraud,electronics,629,0,28079.6,True,False,0
pay_562b33878e284a,fraud,apparel,834,0,4029.52,True,False,0
pay_da9628c5830347,not_received,apparel,1408,0,3800.19,True,False,0
pay_5a3cfefff8a14b,fraud,apparel,12,4,3303.03,False,True,0
pay_cfb7c34357604d,fraud,electronics,7,4,28822.11,False,False,0
pay_f1f416efae7546,fraud,electronics,577,0,22184.16,True,False,0
pay_1f63eeb4b10e4c,not_received,digital_services,192,0,2098.07,False,False,0
pay_fbfdd086c6894e,not_received,digital_services,975,0,2468.51,True,False,0
pay_4b6a614e17da4d,not_received,apparel,603,0,2424.37,True,False,0
pay_b31e6c38a60e40,not_received,apparel,5,4,467.28,False,True,0
pay_44f1126720c84b,damaged,apparel,656,0,3319.07,True,False,0
pay_24de85d8e4e749,fraud,electronics,754,0,30303.64,True,False,0
pay_c675ff7785fc43,not_received,electronics,1318,0,36568.39,True,False,0
pay_b5ecc44fdf7247,not_received,electronics,42,0,23301.83,True,False,0
pay_069301fbf26d4c,not_received,apparel,4,6,3023.73,False,True,1
pay_f42d449051ec4a,damaged,apparel,908,0,3968.26,True,False,0
pay_5fb178ca437944,fraud,digital_services,8,3,3810.2,False,True,0
pay_815ea51d15ff4b,not_received,apparel,574,0,1837.49,True,False,0
pay_cae5db8b536644,fraud,digital_services,4,5,3234.19,False,True,0
pay_c96756a4a74245,not_received,digital_services,845,0,2768.75,True,False,0
pay_77c9609c6fd342,fraud,digital_services,626,0,4016.2,True,False,0
pay_90f0fef57a3043,fraud,electronics,1377,0,17576.3,True,False,0
pay_565ffac35ed948,not_received,electronics,12,2,17455.83,False,True,0
pay_cba2e81ed0eb47,not_received,apparel,512,0,3137.06,True,False,0
pay_70424e786ecb46,fraud,apparel,135,0,3721.1,True,False,0
pay_891cb24707fb44,not_received,electronics,7,5,29819.52,False,True,1
pay_53eaa763d14641,not_received,digital_services,488,0,2529.26,True,False,0
pay_0cae942737db4d,fraud,digital_services,1218,1,2177.67,True,False,0
pay_a7dcc158f75f42,not_received,apparel,70,0,2024.74,True,False,0
pay_53874201732541,not_received,apparel,1203,2,3166.22,True,False,0
pay_59125e8866654d,not_received,digital_services,8,5,4208.81,False,True,0
pay_5c1f9ff7a71e4a,fraud,electronics,1111,0,22891.79,True,False,0
pay_d26823770e1040,fraud,electronics,12,5,27753.96,False,True,1
pay_4eea6759a59248,not_received,digital_services,1106,0,2721.82,True,False,0
pay_02f8e922b4054d,damaged,apparel,3,3,3210.14,False,False,0
pay_051921cab28d4d,not_received,apparel,4,5,2589.83,False,False,0
pay_8c7d6a4cbc0e4c,fraud,digital_services,977,1,1786.29,False,False,0
pay_7a2c0a73a1dd4b,not_received,electronics,838,0,26308.03,False,False,0
pay_11dddcf00a2648,damaged,apparel,1218,1,4438.75,False,False,0
pay_e818611581f64c,fraud,apparel,7,3,2208.42,False,True,1
pay_34b809f9195a45,damaged,electronics,983,0,26395.59,True,False,0
pay_e62cef1233fa45,damaged,electronics,10,2,26211.45,False,True,1
pay_5cbd38f7fd9348,fraud,digital_services,348,1,1818.56,True,False,0
pay_46b3d691822948,damaged,electronics,513,1,26367.87,True,False,0
pay_ca987054d8aa4f,fraud,electronics,596,0,25795.27,False,True,0
pay_7578be1f92cc43,damaged,apparel,1185,2,2455.98,True,False,0
pay_f4b867f33eb643,not_received,electronics,1078,0,29041.53,False,False,0
pay_9baea1caf0a143,not_received,digital_services,858,0,1828.99,True,False,0
pay_57d96eaa4ad34d,not_received,electronics,1084,0,15224.69,True,False,0
pay_3d6b6aadb86840,not_received,apparel,434,0,2517.79,True,True,1
pay_bb124a1d506343,fraud,electronics,635,0,29820.72,True,False,0
pay_2d58ece948b941,not_received,digital_services,282,0,3503.67,True,False,0
pay_e16f4c26be3e46,fraud,apparel,34,0,2078.72,True,False,0
pay_eb1eba16a7e34e,fraud,electronics,1377,0,27795.92,True,False,0
pay_31a8fe0af9c446,fraud,digital_services,509,0,3592.73,True,False,0
pay_b5c9d1832ee649,not_received,electronics,674,0,21066.79,True,False,0
pay_1a9bbe0d30ad4d,fraud,apparel,429,2,3103.49,True,False,0
pay_c346c29b784f41,fraud,digital_services,888,1,3644.45,True,False,0
pay_90adbb40661c41,fraud,apparel,681,0,2734.87,True,False,0
pay_f7fd3de6eab147,fraud,apparel,1246,0,1698.05,True,False,0
pay_f80400657ddf40,not_received,electronics,150,0,29697.48,True,False,0
pay_f7b253d713ad49,damaged,electronics,1,3,32062.6,False,True,1
pay_329d3763c57f4f,fraud,electronics,485,2,25738.12,True,False,0
pay_7f48120f01f248,damaged,digital_services,968,0,2443.04,True,False,0
pay_363aecd961b74f,not_received,digital_services,255,0,1334.48,True,False,0
pay_138932a6f2d44b,not_received,electronics,1162,0,31908.96,True,False,0
pay_fad8d623837847,not_received,electronics,1206,0,18323.54,False,False,0
pay_86028f1b26c64f,damaged,electronics,8,4,17195.2,False,False,0
pay_cc078d59c6f94f,fraud,electronics,13,2,27681.42,False,True,0
pay_90cf62150c2148,not_received,electronics,926,1,21834.35,True,False,0
pay_6709cca03c5446,not_received,apparel,12,5,3625.74,False,True,0
pay_9dc700c662ee4d,not_received,digital_services,957,0,3347.47,True,False,0
pay_d6580fefacf841,damaged,apparel,1498,0,2531.26,True,False,0
pay_e1a5e4051ca849,fraud,apparel,442,0,2798.15,True,False,0
pay_0be8f43ff49740,not_received,apparel,405,0,4318.51,True,False,0
pay_ef59201fea4041,not_received,apparel,1403,0,2809.68,True,False,0
pay_c325a682435b48,fraud,apparel,1378,0,5165.6,True,False,0
pay_04a4a48af78344,fraud,electronics,149,0,23535.22,True,True,1
pay_2d6d57c3992a48,not_received,electronics,5,6,20693.69,False,False,0
pay_ea524c1fc39540,damaged,apparel,1042,0,3023.5,True,False,0
pay_c664dec1944a40,not_received,digital_services,5,2,4258.89,False,False,0
pay_410dfaa46a4241,damaged,apparel,527,0,1603.27,True,False,0
pay_ffd091e9e15d42,not_received,digital_services,1029,0,3397.78,True,False,0
pay_35cb76536e164f,fraud,electronics,1437,0,17878.97,True,False,0
pay_ee4d1754b50749,fraud,apparel,1140,2,3328.24,True,False,0
pay_83d80410333240,fraud,digital_services,9,4,3825.21,False,True,1
pay_771d20868c6f4c,fraud,apparel,2,4,2737.47,False,True,1
pay_583d265f58194f,fraud,digital_services,306,0,2869.74,False,False,0
pay_2aeaacf6266a4f,not_received,apparel,1013,0,2482.98,True,False,0
pay_ae3ab9dce00d4c,not_received,electronics,7,4,28013.13,False,True,1
pay_3db52e306a2243,fraud,electronics,4,6,26823.72,False,False,0
pay_cb0b6acd19e046,fraud,apparel,345,0,5030.9,True,False,0
pay_61c5724af2614e,fraud,digital_services,1364,0,2850.87,False,False,0
pay_7598524281394e,not_received,electronics,12,6,29884.04,False,True,1
pay_fe95ab0ec66948,fraud,apparel,392,0,1978.73,True,True,1
pay_4fc6a827e80948,fraud,apparel,230,0,1050.46,True,False,0
pay_f06f518f56dd40,damaged,electronics,533,1,18531.79,True,False,1
pay_300c6776ecf842,damaged,electronics,1004,0,23867.48,True,False,0
pay_25e4b3cfed4340,fraud,electronics,1420,0,36985.94,True,False,0
pay_204b2f0b95d743,not_received,electronics,353,0,20856.37,True,False,0
pay_f0a3fa48ce9a46,fraud,electronics,885,0,20382.67,True,False,0
pay_2b6a1e1b13c54b,not_received,electronics,137,0,16060.02,False,False,0
pay_00148c97597045,not_received,electronics,1070,0,28228.45,True,False,0
pay_e2b1795968dc48,fraud,apparel,539,0,2814.68,True,False,0
pay_a0b363f3ce104e,not_received,apparel,1308,0,3863.37,True,False,0
pay_9c7ba6eea00f4e,fraud,apparel,1038,0,2386.52,True,False,0
pay_4722f24ca01346,fraud,apparel,328,0,3434.81,True,False,0
pay_ad9fe8b827714e,fraud,digital_services,1062,0,3289.82,True,False,0
pay_12756c0d12084e,not_received,digital_services,3,3,2031.58,False,True,0
pay_86502b1fce4148,fraud,digital_services,80,0,2723.84,True,False,0
pay_fe5b042f7f004a,fraud,electronics,832,0,19665.07,True,False,0
pay_cbe86aa7a4d640,fraud,digital_services,1105,0,3999.72,True,False,0
pay_bd582311316f4a,fraud,apparel,874,0,2235.23,True,False,0
pay_a4a7c58b82214f,not_received,electronics,553,0,33126.86,True,False,0
pay_f78932d5dd894e,fraud,electronics,912,2,23710.93,True,False,0
pay_bb6d228600ff40,fraud,apparel,123,0,3580.41,True,False,0
pay_83b30805f0d24a,not_received,electronics,1248,0,20350.87,True,False,0
pay_ab4bd2a6363f43,not_received,electronics,7,2,28946.17,False,True,0
pay_d50e834c4bb648,damaged,apparel,938,0,3315.97,True,False,0
pay_25622607964246,not_received,apparel,11,3,2308.67,False,True,0
pay_9d5de8e198e741,fraud,digital_services,810,2,4075.27,True,False,0
pay_8657ef306d7746,not_received,apparel,185,0,3817.89,False,False,0
pay_146ff4d6a96e43,not_received,apparel,150,0,1603.77,True,False,0
pay_f011057477c149,fraud,electronics,332,0,15935.51,True,False,0
pay_c3ae89e7ef8e4f,damaged,apparel,1481,2,3043.78,True,False,0
pay_eb3a471c50cd4d,fraud,apparel,476,0,3452.5,True,False,0
pay_9a816d0caa704d,damaged,digital_services,1457,0,2563.53,True,False,0
pay_f0a82c8499d84b,damaged,electronics,7,2,20416.87,False,True,1
pay_09b28542c36a45,not_received,apparel,321,0,2004.49,True,False,0
pay_86e0fb1ca0884c,damaged,apparel,1434,0,3130.27,True,False,0
pay_d66d0f36414741,not_received,digital_services,141,0,3487.76,True,False,0
pay_268b1ee4bedc40,fraud,digital_services,1178,0,3013.09,True,False,0
pay_f13cb967ec5245,not_received,electronics,1135,0,26500.74,True,False,0
pay_bba4a52574414b,fraud,apparel,283,0,4072.24,False,False,0
pay_74ceeafe8e5a40,fraud,apparel,888,0,3194.0,True,False,0
pay_4238fbe64dbc45,not_received,digital_services,671,0,2453.33,True,False,0
pay_4bb9ad92dfe443,fraud,apparel,1095,0,3095.77,False,False,0
pay_172573a9a65549,fraud,electronics,133,0,21652.53,False,False,0
pay_2907172553d74a,not_received,electronics,1359,0,20617.56,True,False,0
pay_ecb45f9e352b45,damaged,apparel,7,2,1900.92,False,True,1
pay_16f762e061a947,fraud,apparel,879,0,2754.47,False,False,0
pay_72c4115fad5145,fraud,electronics,973,0,25203.59,True,False,0
pay_643f0eb70dfc4b,fraud,electronics,524,0,19297.15,True,False,0
pay_da656b5a544e4a,not_received,apparel,1133,0,4245.53,True,False,1
pay_6af0682876e84c,fraud,digital_services,54,0,3722.02,True,False,0
pay_4b463a3da3514f,not_received,digital_services,1026,0,2012.87,True,False,0
pay_729b0ffd392648,fraud,apparel,1088,0,4733.38,True,False,0
pay_37edd969d3084c,fraud,digital_services,140,0,3087.66,True,False,0
pay_4fcba55f23aa4f,damaged,electronics,1,5,26148.12,False,True,1
pay_9f974bff919f42,fraud,apparel,202,0,2983.15,True,False,0
pay_73cddddb312e42,not_received,electronics,564,0,26161.35,True,False,0
pay_4d4631e2b4e346,fraud,apparel,120,0,3511.79,True,False,0
pay_a22874fa3f1f42,not_received,digital_services,813,0,1995.02,True,False,0
pay_3f64447072464b,not_received,digital_services,33,0,821.59,True,False,0
pay_5fa8f3d5d0f94c,fraud,apparel,10,5,3996.28,False,False,0
pay_5379e777d1324a,fraud,apparel,524,2,3036.53,True,False,0
pay_5e81765c5e6749,fraud,digital_services,655,0,1847.19,True,False,0
pay_5b72d5d8e80841,not_received,electronics,850,2,25731.83,True,False,0
pay_3f0bf6a0b5944b,not_received,apparel,427,0,2610.97,True,False,0
pay_1da7b7b8332a49,not_received,electronics,1164,0,21434.41,True,True,1
pay_fd78fc220e0449,not_received,digital_services,407,0,3827.87,True,False,0
pay_11a9c9db73bc44,fraud,electronics,672,0,19697.65,True,False,0
pay_58590c1ef3f44c,fraud,electronics,327,0,23078.64,True,False,0
pay_32dd8648d64a41,fraud,apparel,1035,0,2318.49,True,False,0
pay_955f69d2089847,fraud,electronics,1248,0,27878.05,True,False,0
pay_d2c6ffccfc074c,fraud,electronics,1236,0,24333.49,True,False,0
pay_e76e32b4c25e41,not_received,apparel,223,0,2714.21,True,False,0
pay_70b7c4f8812248,not_received,digital_services,5,4,3588.94,False,True,1
pay_f4b120a2f5d24c,damaged,electronics,439,0,19237.06,True,False,0
pay_0a716001a1874d,fraud,digital_services,48,0,3416.87,True,False,0
pay_ed3c197735df48,not_received,digital_services,402,0,3174.69,True,False,0
pay_cdf545e72f9645,damaged,apparel,1086,0,1865.11,False,False,0
pay_a59088c292434e,not_received,apparel,140,0,2001.13,True,False,0
pay_1e65a87f6af342,fraud,electronics,895,0,18736.52,True,False,0
pay_c85106cdb47b46,fraud,electronics,333,0,28438.27,True,False,0
pay_c7510afb69ca42,fraud,electronics,1362,0,24485.19,True,False,0
pay_4f9c0a3f5c864f,fraud,electronics,462,0,33864.98,True,False,0
pay_62eb6d6898894e,not_received,electronics,604,0,29963.3,True,False,0
pay_545d1ace84be4a,fraud,electronics,1195,0,18308.59,True,False,0
pay_a336ff58d2fb45,fraud,apparel,186,0,3770.38,True,False,0
pay_3164d0f347224b,not_received,apparel,1432,0,2437.0,True,True,1
pay_36b80b90b4cf4d,not_received,digital_services,958,2,2156.28,False,False,0
pay_1addac52aac548,not_received,electronics,11,6,21405.17,False,True,0
pay_b268adfa367548,not_received,electronics,614,0,25731.16,False,False,0
pay_fa89fff5fcb145,fraud,apparel,504,0,2883.87,True,False,0
pay_b4f53a86bedd41,fraud,electronics,1175,0,34703.95,True,False,0
pay_910fe402a2d845,fraud,apparel,216,0,2001.08,True,False,0
pay_8d1604c9a10346,not_received,apparel,1282,0,765.39,False,False,0
pay_43cda7d205f74e,damaged,apparel,2,2,2312.19,False,True,1
pay_b7798901caf648,fraud,electronics,7,2,34439.05,False,True,0
pay_cada12bbfa274a,not_received,electronics,843,0,22492.82,True,False,0
pay_389bdd3425c348,fraud,apparel,1051,0,2730.32,False,False,0
pay_de4402e61e614c,not_received,electronics,1477,1,26078.46,True,False,0
pay_3004ce05a49c4d,fraud,electronics,741,1,28932.22,True,False,0
pay_fd386c555fb24f,fraud,apparel,611,2,2570.36,True,False,0
pay_5038057222d243,damaged,electronics,86,0,29448.11,True,False,0
pay_de91b968ffc942,not_received,apparel,675,0,2127.53,True,False,0
pay_1b9df1c581a143,not_received,electronics,8,4,27485.21,False,True,0
pay_b3b3d6ea071d45,fraud,electronics,1179,0,29594.25,True,False,0
pay_ca4cca7c54884b,fraud,electronics,1383,0,24241.56,True,False,0
pay_6c9a1c30cb5d46,fraud,electronics,593,0,24251.58,True,False,0
pay_85430043584d4e,damaged,electronics,652,0,27127.86,True,False,0
pay_c1e2b72d2d1f4b,damaged,electronics,1091,0,23686.23,False,False,0
pay_3dace814b0b644,not_received,electronics,396,0,24051.77,True,False,0
pay_5325871ffeba4d,fraud,electronics,214,0,27444.77,False,False,0
pay_f0d3b0e94f6f44,damaged,digital_services,1020,0,1562.21,True,False,0
pay_6c49e6b6f90a4c,not_received,digital_services,1359,0,2669.03,True,False,0
pay_223db5ba1a174e,not_received,electronics,325,0,25683.93,True,False,0
pay_ec3362ebbfba45,fraud,electronics,999,0,24013.87,True,False,0
pay_02b71e35bee145,not_received,apparel,69,1,4239.73,True,False,0
pay_9abac79fb30e43,not_received,digital_services,848,0,3592.03,True,False,0
pay_a292d5d8d00a45,damaged,digital_services,5,3,2640.46,False,True,1
pay_db43e66f227f4c,not_received,electronics,631,0,28589.39,True,False,0
pay_97df61bfe6104a,fraud,apparel,1,4,4050.58,False,False,0
pay_af3aa90c0be241,not_received,apparel,1055,0,1500.3,False,False,0
pay_ab5a3ce1565746,damaged,digital_services,1012,1,3455.87,True,False,0
pay_56785c4e82584a,fraud,electronics,281,0,26557.4,True,False,0
pay_d35609d4a3084b,fraud,apparel,9,6,3477.56,False,True,0
pay_caf26ec2e7c04a,fraud,electronics,1222,1,23477.71,True,False,0
pay_203f3f73f5b44c,not_received,electronics,214,0,33319.46,True,False,0
pay_2ad749f4aefe40,fraud,apparel,434,0,2280.86,True,False,0
pay_9cb8a2fbf16949,not_received,electronics,68,0,23645.61,True,False,0
pay_92c6598d39d843,fraud,apparel,695,0,2908.33,True,False,0
pay_24508c6915bf40,damaged,apparel,124,0,3777.25,False,False,0
pay_6700c47a083e49,fraud,digital_services,336,0,4205.33,True,False,0
pay_ca7df5c333e347,fraud,electronics,612,0,27433.03,False,False,0
pay_1af30805e93547,not_received,electronics,10,4,30655.29,False,True,0
pay_71c7a8a05ce948,not_received,electronics,87,0,27765.71,False,False,0
pay_c967c1f1f6dd4e,fraud,apparel,11,5,2867.57,False,True,1
pay_7d827e70925442,fraud,apparel,1351,0,4540.9,True,False,0
pay_0ba8f76902c947,fraud,electronics,327,0,21187.86,True,False,0
pay_72697bb7671d46,not_received,apparel,889,1,3092.36,True,False,0
pay_92505691d33741,not_received,apparel,965,0,4302.64,True,False,0
pay_fb060870431447,not_received,electronics,1464,0,24210.59,False,True,1
pay_f84e002e6da141,not_received,apparel,125,0,3519.49,True,False,0
pay_b5a4ef1cc7a645,not_received,apparel,177,0,3946.71,True,False,0
pay_22a27b48e1d54d,fraud,digital_services,4,6,3822.12,False,False,0
pay_8adcba0cc4d141,damaged,apparel,13,2,1364.84,False,True,1
pay_199b868a235442,damaged,electronics,1223,0,23465.4,False,False,0
pay_d75be30f9d494a,fraud,apparel,13,2,4096.17,False,True,0
pay_426f6a53e33945,fraud,apparel,7,6,2241.89,False,True,0
pay_c3a9f88f1cf441,fraud,electronics,590,1,30604.61,True,False,0
pay_7cda47eebac147,fraud,apparel,1400,0,3055.44,True,False,0
pay_aa58d655113b43,not_received,electronics,1299,0,26752.31,True,False,0
pay_4dca5034404944,not_received,apparel,69,0,4027.99,True,False,0
pay_d7822ec8201444,not_received,digital_services,921,0,4768.09,False,False,0
pay_d625de50a76d45,not_received,apparel,8,6,3466.96,False,False,0
pay_4e441406acd94f,not_received,apparel,12,6,2837.82,False,True,0
pay_aa4e6eff057b42,not_received,electronics,161,0,21539.77,True,False,0
pay_d124c6c1325e42,fraud,electronics,121,0,26570.22,True,False,0
pay_2ecc0fd047b84f,fraud,apparel,777,0,2305.69,True,False,0
pay_3d3da787635048,not_received,apparel,250,0,2920.0,True,True,1
pay_afb6806e001542,fraud,electronics,1449,0,24714.53,False,False,0
pay_328a5736aacc41,fraud,digital_services,910,0,2581.1,True,False,0
pay_3f6f0defd34f47,damaged,electronics,1331,0,30648.75,True,False,0
pay_50a2e8d188a84b,not_received,apparel,97,0,3392.11,True,False,0
pay_efd293178aff48,fraud,apparel,118,0,3769.56,True,False,0
pay_e5bd4c99804e49,not_received,apparel,1423,0,4323.72,True,False,0
pay_5689601b0f6749,not_received,apparel,1274,0,1621.67,True,False,0
pay_eaf49923e8444f,fraud,electronics,100,0,31083.71,True,True,1
pay_461e6c59364344,fraud,digital_services,421,0,3397.11,False,False,0
pay_24145ec6b0f54f,damaged,apparel,13,5,5246.41,True,True,1
pay_9e2c5b8c379a44,fraud,apparel,631,0,3097.07,True,False,0
pay_260adce5658741,fraud,apparel,89,0,2566.19,True,False,0
pay_cecc09808d3847,not_received,electronics,11,2,28870.94,False,True,0
pay_f78c89cf32b746,not_received,apparel,474,0,2849.22,True,False,0
pay_93ea5b70d57c44,fraud,apparel,769,0,3620.56,True,False,0
pay_76db5b9b9c7c4e,fraud,apparel,572,0,3309.15,True,False,0
pay_fe3f18f50c0343,fraud,apparel,1166,2,3184.78,True,False,0
pay_a3dc385a830647,damaged,digital_services,547,0,3818.1,True,False,0
pay_70c547abf94342,fraud,electronics,769,0,29997.49,True,False,0
pay_b3af970b1ce74d,not_received,digital_services,492,0,4366.85,True,False,0
pay_5cde14c2765041,damaged,electronics,175,0,26320.39,True,False,0
pay_1a8f9bee439b4d,fraud,apparel,1363,0,3098.11,True,False,0
pay_06480093f5c54c,damaged,electronics,10,6,28193.97,False,False,0
pay_5a5f90a10fb94d,damaged,electronics,5,6,21944.3,False,True,1
pay_637ce8f8e3c845,damaged,electronics,231,0,24942.88,True,False,0
pay_3360f3d14c024e,fraud,electronics,511,1,20924.11,False,False,0
pay_aa740e8a2c6e43,not_received,electronics,35,0,27296.72,False,False,0
pay_2e370b52422d46,not_received,apparel,1101,0,1545.62,True,False,0
pay_7751be92031d4c,damaged,electronics,641,0,33211.1,True,False,0
pay_dfe604131a014f,fraud,apparel,1457,1,3608.45,True,False,0
pay_c4e305cced7f47,not_received,electronics,7,5,21914.66,False,True,0
pay_d3693171febc4b,fraud,electronics,1,2,10505.17,False,True,0
pay_bc6c69e94f4648,fraud,apparel,1492,0,3610.93,True,False,0
pay_19c6ec1914bb4e,not_received,electronics,7,6,17462.49,False,False,0
pay_84c87d4f407445,not_received,electronics,658,0,29370.77,True,False,0
pay_84d971038b0441,not_received,digital_services,1345,0,1166.98,True,False,0
pay_81ce53a409c742,not_received,electronics,395,0,19962.61,True,False,0
pay_a8f88b0fb69742,damaged,apparel,1354,1,1241.8,True,False,0
pay_05b1d9d9c13f4c,fraud,electronics,1395,0,18838.01,True,False,0
pay_3035e71bfc994c,not_received,digital_services,372,0,2907.21,True,False,0
pay_d89b5a8a131842,fraud,electronics,1095,0,26513.9,False,False,0
pay_a5387f2af00c4e,fraud,digital_services,870,0,3094.03,True,False,0
pay_16c0b428a61f49,not_received,electronics,314,0,22364.33,True,False,0
pay_2c52281087d847,damaged,electronics,10,3,22452.52,False,True,1
pay_f452d156127a41,not_received,apparel,6,6,2265.24,False,True,0
pay_abebc67985524d,not_received,apparel,1499,0,2698.62,True,False,0
pay_9018b0ae7d874a,fraud,electronics,450,0,23388.67,True,False,0
pay_a76efbd154d844,fraud,electronics,1218,0,25168.64,True,False,0
pay_565f5bf23b714a,not_received,apparel,1248,0,3231.09,True,False,0
pay_7d82d4a6d4894f,fraud,electronics,1342,1,21416.61,True,False,0
pay_8a9650bfa8aa49,fraud,apparel,2,5,3924.64,False,True,0
pay_5a3e61a0ccdd43,not_received,apparel,1028,0,3620.46,True,False,0
pay_5fd6cc3770ef4c,fraud,apparel,1480,0,1379.24,True,False,0
pay_5b419e960ecf49,fraud,electronics,1133,0,22449.4,True,False,0
pay_91c00b19d05c42,not_received,apparel,1073,0,3769.38,True,False,0
pay_d7e9b625314943,not_received,electronics,103,0,33208.23,True,False,0
pay_7f84b34dcd2c48,damaged,electronics,1296,0,29703.87,True,False,0
pay_3bd201ba33004c,not_received,apparel,1418,0,2037.28,True,False,0
pay_5cce028f1d234f,not_received,digital_services,37,0,3583.08,False,False,0
pay_873b022ac9d347,damaged,electronics,1156,0,24866.19,True,False,0
pay_1c091890ffe94b,not_received,electronics,885,0,29761.87,True,False,0
pay_66ee0995a35e4f,fraud,apparel,1374,0,2457.57,True,False,0
pay_4f0f9d9f83744d,fraud,electronics,430,0,34762.52,True,False,0
pay_13462a81e3f440,not_received,apparel,1450,1,2926.31,True,False,0
pay_74d0cb29fd084d,not_received,digital_services,6,4,3912.44,False,True,1
pay_91593968b8ac4c,not_received,digital_services,956,2,3315.73,True,False,0
pay_3b53864d6e0345,not_received,electronics,364,0,28313.65,True,False,0
pay_148f0c96afd34b,not_received,apparel,6,2,3491.31,False,True,0
pay_64c55386b2524b,damaged,digital_services,11,2,1979.45,False,True,1
pay_3702c219e63141,not_received,electronics,3,4,38075.93,False,True,0
pay_5605bde6364c48,fraud,apparel,11,6,3674.44,False,True,1
pay_507b5d69c75e44,damaged,electronics,1308,0,32939.01,True,False,0
pay_90503aa5d1554b,fraud,electronics,13,6,22472.63,False,True,1
pay_ccb9ca42962d49,not_received,digital_services,822,0,1589.2,False,False,0
pay_9227690abc2849,damaged,apparel,1106,0,1558.3,True,False,0
pay_3580dc6a388342,not_received,electronics,1,6,18437.56,False,True,1
pay_af9eff6941a642,not_received,digital_services,224,0,3318.6,False,False,0
pay_406f4829aa2045,not_received,apparel,913,0,4187.44,True,False,0
pay_0d724271a1104e,fraud,digital_services,11,6,1949.81,False,True,0
pay_a97c93920bc249,fraud,electronics,609,0,16773.65,False,True,1
pay_754ea462c7d945,not_received,electronics,851,0,27926.27,True,False,0
pay_e930ada5e9144a,not_received,electronics,5,4,26620.72,False,False,0
pay_9e8d4137319a40,not_received,apparel,1458,2,2884.2,True,False,0
pay_03c3308a960c46,fraud,electronics,12,3,26291.3,False,False,0
pay_e5db6d43841240,not_received,electronics,174,0,31798.89,True,False,0
pay_fcc6254dfe8046,not_received,digital_services,1426,0,2789.27,True,False,0
pay_698768de956e42,not_received,digital_services,887,0,3080.78,True,False,0
pay_752bdd8a7b0742,not_received,apparel,374,0,3490.09,True,True,1
pay_ff9b35d89f9846,not_received,digital_services,545,1,3484.67,True,False,0
pay_ee1f6cff73654e,not_received,digital_services,9,4,2224.78,False,True,0
pay_d255dd68efa647,not_received,apparel,388,0,2400.53,True,False,0
pay_eb362c204eb740,damaged,apparel,10,2,2815.04,False,False,0
pay_d0ca12f9bda148,fraud,digital_services,1475,0,1975.59,True,False,0
pay_eb706d2200b44a,damaged,apparel,991,0,4320.75,True,False,0
pay_289d5f771ced4a,fraud,electronics,3,5,26551.63,False,True,0
pay_a5df0b60402145,fraud,electronics,480,0,17557.52,True,False,0
pay_007ef8836a604d,damaged,apparel,698,0,2039.3,True,False,0
pay_f2ff0e65609a40,fraud,digital_services,953,0,2844.54,True,False,0
pay_b57cc1137e364d,not_received,apparel,13,3,2396.21,True,True,1
pay_1ee509a017e440,damaged,digital_services,804,0,3652.96,True,False,0
pay_d3f08051220748,damaged,apparel,1458,0,3645.7,True,False,0
pay_f8f17e53cc994a,damaged,electronics,323,0,25919.72,True,False,0
pay_139655676ed64c,fraud,apparel,235,0,1666.1,True,False,0
pay_a19c0017ed0645,not_received,electronics,12,3,33044.21,True,True,1
pay_9c3930c9dbb742,fraud,apparel,73,0,4550.99,True,False,0
pay_4809298f297d4e,not_received,digital_services,1268,0,5406.73,True,False,0
pay_416e8606e88b44,damaged,apparel,13,2,1732.94,False,True,1
pay_13034b6d09b948,fraud,digital_services,1275,2,3041.98,True,False,0
pay_0a39000d7fe84e,not_received,electronics,634,0,19310.72,True,False,0
pay_ba7bf45b995446,not_received,apparel,486,0,2459.09,True,False,0
pay_48a46783387246,not_received,electronics,1034,0,23603.83,True,False,0
pay_62b810dea89f49,damaged,apparel,1122,0,2882.67,True,False,0
pay_757f6ec4e9ad4b,fraud,apparel,811,2,2531.92,False,False,0
pay_90cb2331c04447,not_received,apparel,812,0,2051.16,True,False,0
pay_723c231641444b,damaged,electronics,1452,0,22552.53,True,False,0
pay_b1387b13b7db4c,not_received,electronics,12,5,15634.89,False,True,0
pay_3fc8d916b43e45,fraud,apparel,1177,0,3027.66,True,False,0
pay_d7a88e527f8643,not_received,apparel,192,0,3060.73,True,False,0
pay_10dd6588e36148,fraud,apparel,40,0,3577.68,True,False,0
pay_5a3e903eff6f46,fraud,apparel,13,2,2032.99,False,True,0
pay_8db380f65bfa4f,damaged,digital_services,1423,0,2602.6,True,True,1
pay_ec20c3ce4ef448,not_received,digital_services,2,4,2974.92,True,True,1
pay_c5cdaa0b3cc549,damaged,electronics,74,0,25531.35,True,False,0
pay_98cef431bcad47,damaged,electronics,2,6,22357.4,False,True,1
pay_9166a7b0c7dd49,not_received,apparel,10,3,4213.83,False,True,1
pay_3949eb0a3bd74b,fraud,electronics,573,0,26804.14,True,False,0
pay_8fe62a8e4a7047,not_received,electronics,1124,0,27338.82,True,False,0
pay_4209a15efb0d4f,fraud,electronics,1282,0,25516.3,True,False,0
pay_7603a5a93db64d,damaged,electronics,10,4,20559.66,False,True,1
pay_e9ad9ae3d61a44,fraud,apparel,156,0,4762.79,True,False,0
pay_fa4419699c4e42,fraud,electronics,276,0,27856.28,False,False,0
pay_32cb76a0aefb4a,not_received,electronics,1160,0,29410.31,False,False,0
pay_558b7c91d1f349,fraud,digital_services,463,0,2628.62,True,False,0
pay_b7483c4fc2fc46,fraud,digital_services,1295,0,3522.71,True,False,0
pay_df95c039a29d40,not_received,digital_services,725,0,2278.32,False,False,0
pay_0a2105fb48494f,fraud,electronics,294,0,23637.04,True,False,0
pay_f56503d9fb044d,fraud,electronics,135,0,21581.29,False,False,0
pay_d4899aadb1ed41,fraud,electronics,5,4,20425.32,False,True,0
pay_cdad84385db040,not_received,electronics,759,0,32426.44,True,False,0
pay_ecfe7ad64d5448,not_received,electronics,1098,0,20302.57,True,False,0
pay_1d574d36183344,not_received,digital_services,303,0,3525.52,True,False,0
pay_616c2f7ce9b14d,not_received,digital_services,856,0,3024.9,True,False,0
pay_3ea437c7e1e045,fraud,digital_services,1494,0,4091.77,True,False,0
pay_d8e5322e1f1a43,damaged,apparel,9,5,5424.95,False,True,1
pay_baf3c3a97a654b,fraud,apparel,878,2,2849.07,True,False,0
pay_7d652975387d41,not_received,apparel,556,0,2573.31,True,False,0
pay_28742ddba22e43,damaged,digital_services,192,2,3148.83,True,False,0
pay_6c8da05e6d6440,damaged,apparel,1047,0,3648.8,True,False,0
pay_0ff6f46e083043,fraud,electronics,1479,0,19824.59,True,False,0
pay_42bab1d8385647,fraud,electronics,1462,0,19011.7,True,False,0
pay_af7b5bb648784f,not_received,apparel,1194,0,4429.55,True,False,0
pay_0d38e72c6c4d4e,fraud,electronics,863,0,24311.89,True,False,0
pay_56d479d8354947,damaged,digital_services,7,5,2341.02,False,True,1
pay_a624051bf06047,not_received,apparel,598,0,3280.58,True,False,0
pay_9b92c108b56543,not_received,apparel,858,0,4843.63,True,False,0
pay_9b90b50784944a,fraud,electronics,2,5,17692.44,False,True,0
pay_2883405ccf7e40,not_received,apparel,239,0,2339.87,True,False,0
pay_be23f21919eb4b,not_received,apparel,1394,0,1456.63,False,False,0
pay_d3caade9283a45,damaged,apparel,654,0,2580.19,True,False,0
pay_18653013733748,fraud,electronics,1170,0,29984.72,True,False,0
pay_ab857721779f45,fraud,digital_services,598,0,2839.73,True,False,0
pay_a6ef3f58d6414b,fraud,apparel,1480,0,2081.34,True,False,0
pay_93aedb390d214b,fraud,apparel,654,0,3533.68,True,False,0
pay_46b26b9704b242,not_received,digital_services,10,2,3181.5,False,False,0
pay_6ca15562f85f46,damaged,digital_services,1441,0,3341.81,True,False,0
pay_cb674a18ccc94e,fraud,electronics,1499,0,29799.0,False,False,0
pay_254308e0587e41,damaged,digital_services,438,0,2817.48,True,False,0
pay_17ad2c1d360844,fraud,electronics,6,4,33441.41,False,True,0
pay_23963de47dc840,fraud,apparel,98,0,100.0,True,False,0
pay_63e0cc4f994443,fraud,electronics,4,3,30129.89,False,True,1
pay_8b36bf526c444f,fraud,apparel,585,0,4536.08,True,False,0
pay_7b761290351244,damaged,apparel,121,0,1887.77,True,False,0
pay_19670ebe580b46,fraud,apparel,1137,0,4474.81,True,False,0
pay_3577a56b602247,not_received,apparel,10,5,3300.6,True,True,1
pay_9f1b80f0efd543,not_received,apparel,187,0,1419.81,True,False,0
pay_35c320c65ce345,damaged,electronics,1169,0,23963.11,False,False,0
pay_b7f75bfb576d49,fraud,digital_services,1433,0,3442.19,True,False,0
pay_78143506c87842,fraud,apparel,1248,0,2587.69,True,False,0
pay_27f7bfc00e3149,fraud,apparel,313,2,3736.57,True,False,0
pay_d6d4cba72ce24d,not_received,digital_services,1276,0,3235.97,True,False,0
pay_247923e335414f,fraud,electronics,644,1,22539.13,False,False,0
pay_0586bcd7eba249,damaged,apparel,1084,2,3080.25,False,False,0
pay_5bc6b1494de949,not_received,apparel,1,4,2421.16,False,True,0
pay_33e40f1657bd4c,not_received,electronics,124,0,23351.04,False,False,0
pay_91891559a02b44,not_received,electronics,559,0,24093.27,True,False,0
pay_9466e9368c874d,fraud,digital_services,8,2,2260.19,False,True,0
pay_921b04556a7044,not_received,electronics,189,0,27398.79,True,False,0
pay_6b9a9a190aa041,damaged,apparel,909,1,2701.05,True,False,1
pay_8fbe8f4c95844f,damaged,apparel,869,0,3852.04,True,False,0
pay_b4e94400853744,damaged,apparel,5,3,2293.9,False,True,1
pay_4a7afdfcf1ee41,damaged,apparel,1224,1,2131.18,True,True,1
pay_06bda8bb8e2c44,fraud,digital_services,843,1,3034.82,True,False,0
pay_b65eed741d094c,fraud,electronics,1010,0,27288.7,False,False,0
pay_4b15d8e9dccf47,fraud,apparel,252,0,3363.09,True,False,0
pay_6209b38d8b7a41,fraud,apparel,1464,0,3399.23,True,False,0
pay_38865e0899a84e,fraud,electronics,890,0,28409.26,True,False,0
pay_646d1a29cc5a46,not_received,digital_services,166,0,3254.9,True,False,0
pay_b467e37ad88042,not_received,digital_services,5,3,3025.64,False,False,0
pay_f29d15a9630343,damaged,electronics,356,0,25459.61,True,False,0
pay_1ea6b9aac6e74a,not_received,apparel,1186,0,3022.31,True,False,0
pay_f2284a8f5d114d,damaged,apparel,869,0,3917.09,True,False,0
pay_f91951b1d65343,fraud,apparel,1286,0,3656.62,True,False,0
pay_481c5f97e11a42,fraud,digital_services,600,0,5124.39,True,False,0
pay_c3ca4818015540,not_received,apparel,608,0,3035.19,True,False,0
pay_130310bfafc443,fraud,apparel,1470,1,2860.21,True,False,0
pay_efef5f90e0c747,fraud,electronics,112,0,20384.93,True,False,0
pay_e341e3fb0e6040,fraud,apparel,7,3,3738.16,False,True,0
pay_120bc7c56e334e,fraud,apparel,141,0,3554.67,True,False,0
pay_503f72f666df45,not_received,apparel,317,0,1338.15,True,True,1
pay_5f5d22845fbb41,not_received,apparel,7,3,4314.02,False,True,0
pay_dcf62d63b1cb40,not_received,electronics,1318,1,20172.29,True,False,0
pay_b4c522eb1e2743,not_received,electronics,13,6,20583.16,False,True,0
pay_00ca089e059e4e,fraud,apparel,1216,0,1885.99,True,False,0
pay_1e4fdd1afa9b41,fraud,apparel,681,0,2266.39,True,False,0
pay_9eaed521509c43,fraud,apparel,1193,0,4557.54,True,False,0
pay_e625bc656c6646,fraud,apparel,79,0,3899.63,True,False,0
pay_1a6e271301eb4d,not_received,electronics,150,0,21304.18,True,False,0
pay_398df326641b47,not_received,electronics,720,0,18531.55,True,False,0
pay_47048028012b44,not_received,electronics,193,0,23395.45,True,False,0
pay_4975eebb45534a,fraud,apparel,6,6,1964.33,False,False,0
pay_adb191f920f841,not_received,electronics,454,0,25362.84,True,False,0
pay_af8c8e08937d40,not_received,apparel,9,5,4266.23,False,True,1
pay_e319605f0c8f46,not_received,apparel,388,0,5115.94,True,False,0
pay_e576bf7de52846,not_received,digital_services,519,0,3795.46,True,False,0
pay_38c556d2763643,not_received,digital_services,334,0,1419.81,True,False,0
pay_b7ec84d7701649,not_received,digital_services,1126,0,3648.99,True,False,0
pay_b464b90d874343,not_received,apparel,1271,0,1845.09,True,False,0
pay_4caf534f23394c,fraud,apparel,988,2,3833.66,True,False,0
pay_efb8a41476cd4f,not_received,apparel,656,0,3044.0,True,False,0
pay_cc782eedd0a046,fraud,digital_services,707,0,4114.98,True,False,0
pay_4562d87c0e9746,fraud,digital_services,891,1,4090.45,True,False,0
pay_09f0b5facbb347,damaged,apparel,446,0,1911.9,True,False,0
pay_7d5a45f0d39f47,damaged,apparel,2,2,2860.19,False,True,1
pay_668b87f8010641,fraud,apparel,551,0,4024.12,True,False,0
pay_bbf1dc25522141,not_received,apparel,3,6,1908.18,False,True,1
pay_0ef1594c6f7d49,fraud,apparel,497,0,4173.21,True,False,0
pay_c9a6b46a99274d,not_received,digital_services,977,0,1298.93,True,True,1
pay_52389935c0ec48,damaged,apparel,616,0,3482.35,True,False,0
pay_e590cd2ccb894c,damaged,electronics,80,0,26347.36,True,False,0
pay_2c88c36201e149,not_received,digital_services,319,1,3622.07,True,False,0
pay_201c0fc627014d,fraud,electronics,1069,0,31756.77,True,False,0
pay_64c43d9566384b,not_received,electronics,97,1,20327.25,True,False,0
pay_91b2467b85eb4f,fraud,apparel,86,2,1516.15,True,False,0
pay_eaa42aa6339a4f,damaged,electronics,1234,0,26919.62,True,False,0
pay_d52fb690077f4c,damaged,electronics,953,0,35180.87,True,False,0
pay_72ea02ba0a0e40,not_received,electronics,359,0,23072.7,True,False,0
pay_2719335e49d148,fraud,electronics,245,0,27048.29,True,False,0
pay_098a3cc5f0c64b,fraud,apparel,333,0,3029.07,True,False,0
pay_5f4010b40ffb49,fraud,electronics,1443,0,19643.25,True,False,0
pay_d270c68022564e,damaged,apparel,4,5,3438.31,False,True,1
pay_99a59b6eb75446,not_received,electronics,295,2,27628.93,False,False,0
pay_1e447a8d32e04a,fraud,apparel,636,0,3022.18,True,False,0
pay_bf7894015ab74b,not_received,electronics,257,0,30285.1,True,False,0
pay_f61ef6eeb3d145,damaged,electronics,1222,0,27878.38,True,False,0
pay_d3fdfef421fc4b,fraud,electronics,1489,0,24040.09,True,False,0
pay_d6e299cdb07e4e,damaged,apparel,1318,0,3549.46,True,False,0
pay_617215243cd54a,damaged,apparel,186,0,3932.54,True,False,0
pay_0879b425ccef41,damaged,apparel,70,0,4088.12,True,False,0
pay_fd3cd0cace3d47,fraud,digital_services,1419,0,3650.59,True,False,0
pay_34cb10ee72aa44,fraud,digital_services,143,0,2499.8,False,False,0
pay_a28ea04bf24644,fraud,apparel,663,0,1084.59,True,False,0
pay_5a61acc690e84c,fraud,electronics,1193,1,23607.59,False,False,0
pay_94084c97ea8844,fraud,apparel,692,0,3470.03,True,False,0
pay_51a8404b194c4e,not_received,electronics,670,0,18160.84,True,False,0
pay_6433b51be76140,not_received,apparel,1276,0,2765.07,True,False,0
pay_6be6ebe97ebb49,damaged,electronics,643,1,24723.59,True,False,0
pay_090df44d88cb4b,fraud,digital_services,950,0,4043.44,True,False,0
pay_d210a826443342,not_received,digital_services,1475,0,4265.08,True,False,0
pay_805f532367864d,not_received,apparel,920,0,3556.12,True,False,0
pay_d4960e4b8d6f44,not_received,apparel,1172,0,1431.94,True,False,0
pay_637b46a15a5f4c,damaged,apparel,1480,1,4816.37,True,False,0
pay_ea7cf5b2236d41,not_received,electronics,1,5,30070.08,False,True,0
pay_43e3c4b2346648,damaged,digital_services,218,0,1239.81,True,False,0
pay_a2206ab7707546,fraud,apparel,61,0,3050.38,True,False,0
pay_b6ae0724214e41,not_received,electronics,1209,0,29611.69,True,False,0
pay_0b2a9bdd243843,fraud,apparel,1208,2,2356.68,True,False,0
pay_10422d0269554a,fraud,electronics,1182,0,28396.46,True,False,0
pay_87187ad31ff84c,fraud,electronics,5,4,22583.69,False,True,1
pay_92971c5221fc42,fraud,apparel,754,2,2657.61,True,False,0
pay_f829f641241541,fraud,apparel,1076,1,2793.52,True,False,0
pay_9053192e653247,fraud,apparel,12,6,3525.32,False,True,1
pay_f4a4702bb72c49,fraud,apparel,445,0,2308.18,True,False,0
pay_b0858d7d98b147,damaged,electronics,4,3,27385.51,False,True,1
pay_0bc0dc03e2954e,fraud,apparel,585,0,1845.9,True,True,1
pay_af49debf590d48,not_received,electronics,723,0,17439.36,True,False,0
pay_b2bdec8ad4b748,fraud,digital_services,547,1,1815.66,True,False,0
pay_d3139fdfe7af4e,damaged,electronics,355,0,20651.07,True,False,0
pay_f4222537e09b42,damaged,electronics,1486,0,22875.61,True,False,0
pay_e46cef484bc644,not_received,digital_services,472,2,3167.75,True,False,0
pay_7feb453dd2894e,not_received,digital_services,726,0,2067.06,True,False,0
pay_55129ae6d15744,fraud,digital_services,11,4,3850.73,False,True,0
pay_beada7a204414d,damaged,electronics,6,2,26789.56,False,True,1
pay_84e25480fe7d4c,damaged,apparel,7,5,4541.18,False,True,1
pay_c81963811eef46,damaged,apparel,1094,0,4032.6,False,False,0
pay_982b68c625f944,not_received,digital_services,443,2,2844.05,True,False,0
pay_2da7bb9ddf794c,fraud,electronics,1401,1,21529.53,True,False,0
pay_1d375be52c9140,damaged,electronics,1479,0,11965.58,True,True,1
pay_2c3b286663fc48,fraud,apparel,9,4,3649.65,False,True,1
pay_a9914352153843,not_received,electronics,1109,0,31805.66,True,False,0
pay_c57cdeab713049,fraud,apparel,107,0,2642.25,True,True,1
pay_344b6bef754048,damaged,digital_services,1451,1,3522.45,False,False,0
pay_637f3f3c38d545,fraud,apparel,196,0,3028.42,True,False,0
pay_94a9ceaac3f842,fraud,apparel,1337,1,2774.32,True,False,0
pay_96035129b14f49,not_received,digital_services,201,0,1231.81,True,False,0
pay_332b8be745c444,not_received,electronics,1354,0,26824.68,True,False,0
pay_4d76423e5a8940,not_received,electronics,1327,0,25505.03,True,False,0
pay_c1310ba3a61e43,fraud,apparel,259,0,4173.65,True,False,0
pay_da3d5e39ab5b48,fraud,electronics,796,0,29201.34,True,False,0
pay_95df391d785141,not_received,electronics,1251,0,24016.42,True,False,0
pay_bd8809f5df9c41,damaged,electronics,160,0,25857.0,True,False,0
pay_d99b9231bbeb49,damaged,digital_services,1033,0,3201.38,True,False,0
pay_a536fa50699a48,not_received,digital_services,575,0,3285.24,True,False,0
pay_68f881b901ea45,damaged,apparel,1118,0,3629.54,True,False,0
pay_62ce9f677bf94e,not_received,electronics,696,0,19942.98,True,False,0
pay_e3a40446331145,not_received,electronics,1132,0,13816.98,True,False,0
pay_af3fb289b7ee42,not_received,electronics,72,0,24007.06,True,False,0
pay_c7282588d0124f,not_received,electronics,693,0,30026.04,True,False,0
pay_0c241656042643,not_received,electronics,91,0,26705.04,True,False,0
pay_4d62bad045cd4e,not_received,apparel,762,0,1335.75,True,False,0
pay_0ad5dfd48e514b,fraud,apparel,1425,0,2987.72,True,True,1
pay_538dffd73b154c,fraud,electronics,625,0,27884.16,True,True,1
pay_b856ce65d75849,fraud,apparel,148,0,4628.86,False,False,0
pay_f895bc5f3a5244,not_received,apparel,837,0,2079.8,True,False,0
pay_f3a0b7d38db346,fraud,apparel,59,2,4528.48,True,False,0
pay_ef81f12ac6ff4b,fraud,electronics,1481,0,22753.1,True,False,0
pay_6b28171fc0334b,not_received,digital_services,751,0,5075.07,True,False,0
pay_9171b5f95d5c40,not_received,apparel,642,0,3421.86,True,True,1
pay_26655d29de4d4e,not_received,electronics,5,3,27219.1,False,True,0
pay_5f350886f3a54a,not_received,apparel,1068,0,4107.72,True,False,0
pay_784540ad17fa40,damaged,apparel,4,5,4728.13,False,False,0
pay_d4880d5bc65741,damaged,apparel,840,0,1604.39,True,False,0
pay_29ff372c045b47,damaged,apparel,675,0,3194.8,True,False,0
pay_9c5d60255cf148,not_received,apparel,335,0,2684.52,True,False,0
pay_86b0d19fc22349,fraud,apparel,10,3,1534.16,False,False,0
pay_07502b5480e547,damaged,apparel,1349,0,3951.58,True,False,0
pay_9752120ba84e43,fraud,electronics,1289,0,20150.05,True,False,0
pay_dfd2704cafc14a,fraud,electronics,315,0,20464.77,True,False,0
pay_dadd659bf29944,not_received,electronics,1038,0,27319.12,True,False,0
pay_6101dff503554a,fraud,apparel,917,0,2100.1,True,False,0
pay_93810668ba3b4f,damaged,electronics,315,0,31896.86,False,False,0
pay_71ba7ca062c547,not_received,apparel,798,1,2163.85,True,False,0
pay_b51588cdc08142,not_received,electronics,3,3,18719.6,False,True,1
pay_1161826b26e849,not_received,apparel,1452,1,2442.54,True,False,0
pay_dcbbb286c24f48,not_received,apparel,3,3,2520.2,False,True,0
pay_fafc91b3c4534d,fraud,electronics,3,4,25545.35,False,True,1
pay_29eb8e9d6f6049,not_received,apparel,203,0,2649.93,True,False,0
pay_a55ea90525be4a,not_received,digital_services,5,4,2732.58,False,True,1
pay_fa297893f2774a,not_received,electronics,620,0,17883.94,True,False,0
pay_87bb2aacbe104c,not_received,digital_services,1415,0,3273.28,True,False,0
pay_d25aeb4e439649,fraud,apparel,697,0,2663.97,True,False,0
pay_eca8845486a04c,fraud,apparel,1271,0,4858.6,False,False,0
pay_f295cb1ffea544,fraud,electronics,106,2,25143.58,True,False,0
pay_ad9fe8ae4b2d4f,fraud,apparel,336,0,3443.42,True,False,0
pay_8c17fc98076041,damaged,apparel,401,0,1376.62,True,True,1
pay_22e351c9e59542,damaged,apparel,12,2,2448.4,False,False,0
pay_347c7bce738745,fraud,digital_services,314,0,1296.79,True,False,0
pay_c257c847e3244f,not_received,apparel,1259,0,4846.25,True,False,0
pay_c2fca54bc87643,not_received,electronics,1067,0,20874.15,False,False,0
pay_d40d1cd31f5f43,fraud,electronics,704,0,23332.11,False,True,0
pay_300b712528f944,fraud,electronics,10,4,27019.73,True,True,1
pay_484e353ee23546,damaged,digital_services,1429,2,3634.22,True,False,0
pay_df7931e8b08e41,not_received,electronics,1365,0,29781.89,False,False,0
pay_c33134015a534e,damaged,electronics,1130,0,22526.39,True,False,0
pay_70a5b7efe2d44b,fraud,electronics,6,6,30262.35,False,True,1
pay_68d4a2ad8c1149,not_received,digital_services,818,0,2043.3,True,False,0
pay_1329c1e2762242,fraud,apparel,13,2,3227.06,False,True,0
pay_f52baa512fbe46,fraud,digital_services,574,2,5040.64,True,False,0
pay_3d1d11de493146,not_received,apparel,464,0,2938.73,False,False,0
pay_aaf2c74c08a84d,fraud,digital_services,334,0,4365.99,False,False,0
pay_54b648fd70234c,fraud,electronics,742,2,25962.75,True,False,0
pay_398d3442295a48,fraud,electronics,484,0,22347.95,True,False,0
pay_e025c2702be344,fraud,electronics,303,0,26623.34,True,False,0
pay_3a39494b138649,not_received,apparel,1112,0,3833.06,False,False,0
pay_3feabbd380c148,not_received,apparel,1460,0,3038.65,True,False,0
pay_8a8fa3f9fc4d42,fraud,electronics,2,3,28656.29,False,True,0
pay_fb47921445704e,fraud,electronics,513,0,24855.29,True,False,0
pay_5ef02eceb2ae48,fraud,apparel,13,5,2710.64,False,True,0
pay_83c10e1fef334c,not_received,electronics,1107,0,21358.15,True,False,0
pay_75492bf111c446,fraud,apparel,917,0,2749.51,False,False,0
pay_f87c5006a3af47,not_received,electronics,2,4,20932.38,False,True,1
pay_6f80fd1dd4cb41,fraud,apparel,177,0,2774.32,True,False,0
pay_decdf40261fb4e,fraud,apparel,310,0,4098.81,True,False,0
pay_6d2af515aad44a,damaged,apparel,379,0,2469.65,True,False,0
pay_bc7d3f3e76b14b,not_received,electronics,720,0,21583.18,True,False,0
pay_6a822d0185cf45,fraud,electronics,6,6,32962.56,False,True,0
pay_5595983b063f43,damaged,digital_services,411,0,2182.55,True,False,0
pay_78491ccfa8604c,not_received,apparel,1229,0,2909.96,True,False,0
pay_b4d622a49ed542,damaged,apparel,9,6,3969.58,True,True,1
pay_102b8201607249,not_received,apparel,1408,0,2500.37,True,False,0
pay_0c3185364bee48,not_received,electronics,429,0,29812.05,True,True,1
pay_80e5bfc043a54d,damaged,digital_services,985,0,2650.37,True,False,0
pay_bfbc4e7fd12d4d,fraud,apparel,1256,0,2294.1,True,False,0
pay_b6f4b474d0ae44,not_received,apparel,1152,0,2914.1,True,True,1
pay_a20b6fa557ad49,not_received,digital_services,4,6,4192.3,False,True,1
pay_f7a57d888ad841,fraud,electronics,388,0,26283.79,True,False,0
pay_805dbfdba12946,fraud,apparel,1353,0,2548.77,True,False,0
pay_b6cc4ede3fae48,fraud,digital_services,1219,0,2526.44,True,False,0
pay_0d65ec4aef134d,not_received,electronics,1134,0,28282.47,True,False,0
pay_c0e52a8255e246,not_received,electronics,1043,0,17194.68,True,False,0
pay_5ec14857ac2643,not_received,apparel,5,4,3230.66,False,True,1
pay_94f77afd95284d,fraud,electronics,1400,0,26863.99,True,False,0
pay_a6394e32dbdb46,not_received,digital_services,1169,2,2845.3,False,False,0
pay_39dd632e1a3e40,damaged,electronics,1194,0,32954.58,True,False,0
pay_eb236987256e43,fraud,apparel,1041,0,4226.52,True,False,0
pay_042f5c52070748,not_received,electronics,6,6,32724.7,False,False,0
pay_886a25ee6ed54c,not_received,electronics,1388,0,27475.67,False,False,0
pay_9e5f9fc43cc749,not_received,digital_services,1455,0,2724.25,True,False,0
pay_16f04f51fab44a,not_received,apparel,1352,0,4266.75,True,False,0
pay_77adf269be0348,damaged,electronics,1108,0,17232.76,True,False,0
pay_5331cfef076f48,fraud,electronics,1256,0,21609.0,True,False,0
pay_bc5095befeff4c,damaged,apparel,131,0,459.49,True,False,0
pay_844247d6f72a43,fraud,digital_services,612,0,4843.17,True,False,0
pay_bc977c469a8249,fraud,apparel,134,0,3827.28,True,False,0
pay_2617ccf816ce44,fraud,apparel,4,2,3553.44,False,True,1
pay_2d64f6db79b949,not_received,electronics,1258,0,26373.76,False,False,0
pay_86b6518843454b,not_received,digital_services,685,0,3456.29,True,False,0
pay_7d4e0fde70cc48,fraud,apparel,759,0,2858.94,False,False,0
pay_cbe103a5db6543,fraud,apparel,1432,0,3068.31,True,False,0
pay_1405c33b50cc4d,damaged,apparel,709,0,1522.36,False,False,0
pay_08983a2f500c47,damaged,apparel,211,0,3149.02,True,False,0
pay_93df7f17cc1049,not_received,digital_services,370,0,3770.49,True,False,0
pay_48cdbd06bcb343,not_received,apparel,4,4,2677.26,False,True,0
pay_759f40ec37ac4f,not_received,digital_services,1385,2,3030.35,True,False,0
pay_96cc6e9402784f,fraud,apparel,1394,0,2700.49,True,False,0
pay_a9942895835144,damaged,apparel,1157,0,3585.89,True,False,0
pay_fc127d8c949b48,fraud,digital_services,1277,0,2406.97,True,False,0
pay_93f38fb6b31643,not_received,electronics,1446,0,18886.48,True,False,0
pay_ec1b1452aa1e4d,fraud,apparel,3,2,2473.79,False,True,0
pay_5724ec910ac047,not_received,apparel,1176,0,1982.33,True,False,0
pay_1dcd2011cb0c44,not_received,digital_services,1192,0,1435.78,True,False,0
pay_28c7d7f9d0ed4a,not_received,electronics,796,0,21354.7,True,False,0
pay_a57c879049d948,fraud,electronics,1170,0,28708.03,False,False,0
pay_69f9b27d41d540,not_received,electronics,1192,0,25582.29,True,False,0
pay_b5f897896a934d,fraud,electronics,259,0,22739.11,True,False,0
pay_3320638efbdc46,fraud,electronics,1337,0,23562.44,True,False,0
pay_9020dc1592034d,fraud,apparel,142,0,2716.76,True,False,0
pay_b2b31bd02a8c45,not_received,digital_services,904,0,2340.26,True,False,0
pay_74e24342ffcf43,not_received,apparel,647,0,2820.45,True,True,1
pay_fb6b73f6b21f4c,not_received,electronics,64,0,24377.28,True,False,0
pay_5baaa699c2ad44,not_received,digital_services,1474,0,2646.72,True,False,0
pay_cc914f1e2f6448,not_received,apparel,1320,1,3496.09,True,False,0
pay_2adbdd1febfd46,not_received,electronics,317,2,24916.24,True,True,1
pay_ef5014d4b1e046,fraud,electronics,2,3,18701.58,False,True,0
pay_61438c8da1004c,fraud,apparel,2,2,1723.22,False,True,0
pay_6ed1241fcae14b,not_received,apparel,431,0,3290.63,True,False,0
pay_ee127694d61141,not_received,apparel,1283,0,1387.15,False,False,0
pay_5832f82387674b,damaged,electronics,1144,0,27812.32,True,False,0
pay_6c3f7d54a1e44d,damaged,digital_services,5,4,4792.64,False,True,1
pay_c107926afdbc49,fraud,electronics,639,1,35008.06,True,False,0
pay_cf042e2c85404c,fraud,apparel,1374,0,2145.4,True,False,0
pay_50c50d59ff6a4d,not_received,apparel,876,0,3295.0,True,False,0
pay_02bce342af5a4e,fraud,electronics,939,0,15219.92,True,False,0
pay_9e9116c53d2644,fraud,electronics,791,2,32425.49,True,False,0
pay_bf95a5d2c9ce4d,damaged,electronics,840,0,28592.95,True,False,0
pay_b942cdced76a48,fraud,electronics,696,1,29079.15,True,False,0
pay_0845602954ca4d,damaged,electronics,1248,1,30791.34,True,False,0
pay_d258616e777b47,not_received,apparel,152,0,4452.03,True,False,0
pay_a608f292a96f44,not_received,apparel,1053,0,4071.03,True,False,0
pay_6d93c4da231245,fraud,apparel,1385,0,3909.62,True,False,0
pay_47bda6cd42d349,fraud,apparel,531,0,2491.4,True,False,0
pay_c7f135489c954e,not_received,digital_services,664,0,2628.43,True,False,0
pay_e545be819dea4e,fraud,digital_services,860,0,3121.33,True,False,0
pay_3edfd69e48a24e,fraud,electronics,8,6,26718.0,False,True,1
pay_2400e49bd6354e,fraud,apparel,762,0,1278.63,True,False,0
pay_8a328431f0ef4c,fraud,electronics,9,3,23891.33,False,False,0
pay_1ad28c99928841,fraud,electronics,1324,0,27670.98,True,False,0
pay_7e5c01f4c6cd49,not_received,apparel,1438,2,2986.35,True,False,0
pay_bd9d10df79224b,fraud,apparel,9,4,3809.79,False,True,0
pay_ac717f3a78a543,fraud,apparel,900,0,2714.3,True,False,0
pay_dc5edfc0a96545,not_received,apparel,551,0,2574.17,True,False,0
pay_cf646bf307eb41,damaged,electronics,832,0,24981.09,True,False,0
pay_f4e6ac26bf834e,fraud,digital_services,463,0,3221.12,True,False,0
pay_13c01a8c064547,fraud,electronics,703,1,32579.55,True,False,0
pay_0ecc490b9a4d43,not_received,electronics,11,6,29192.8,False,True,0
pay_06a0bcf880644f,damaged,electronics,744,0,25825.69,True,False,0
pay_664a9e7fb6ac44,not_received,digital_services,717,0,100.0,True,False,0
pay_408749b6d23544,not_received,apparel,609,0,2300.07,True,False,0
pay_004b74f971a34d,fraud,apparel,7,2,2610.66,False,True,0
pay_90e7afca69154e,not_received,apparel,679,1,3552.47,True,False,0
pay_8f50864714aa41,fraud,apparel,1156,0,4215.95,True,False,0
pay_d8f8fcfab3d34f,not_received,digital_services,1468,0,4418.05,True,False,0
pay_8435fc8a1a8549,not_received,apparel,655,0,1256.95,True,False,0
pay_80f4adcf115941,damaged,digital_services,10,4,2840.79,False,True,1
pay_ea24719f409f45,fraud,apparel,923,0,2781.05,True,False,0
pay_6891f78ea58145,fraud,apparel,398,0,2043.11,True,False,0
pay_b432fcbbddac4c,not_received,electronics,756,2,29479.3,True,False,0
pay_60b4fcbb48454e,not_received,digital_services,1158,0,3065.76,True,False,0
pay_9b321760b83e4d,not_received,apparel,488,0,1440.17,True,False,0
pay_c404d584eff14d,fraud,apparel,1186,0,1514.98,True,False,0
pay_a2c9d094c3c341,fraud,apparel,13,5,3392.15,False,True,1
pay_d62007e69b6747,not_received,apparel,454,0,4499.04,True,True,1
pay_0b3d8e0961db4b,fraud,electronics,424,0,21523.47,True,False,0
pay_91e190445f8843,damaged,electronics,808,0,27144.4,True,False,0
pay_ff6f53d43bc649,not_received,apparel,1101,0,2531.53,False,False,0
pay_44a3e5daccf547,not_received,electronics,1175,0,20898.7,True,False,0
pay_2e78575c751746,not_received,apparel,997,1,2205.51,True,False,0
pay_91acd482acb548,not_received,apparel,342,0,1929.76,True,False,0
pay_6318772cacb04b,fraud,electronics,1477,2,15366.62,True,False,0
pay_4f6acf5dbb2349,damaged,electronics,1,4,35816.81,False,True,1
pay_655234e35d0e42,fraud,digital_services,2,4,3759.93,False,True,0
pay_d88c79aadfc640,not_received,apparel,334,2,967.27,True,False,0
pay_203800db87e342,fraud,electronics,987,0,16275.15,True,True,1
pay_a4a2a47881a34e,not_received,digital_services,81,0,3756.04,True,False,0
pay_c44ba82a0dd244,fraud,apparel,272,0,4275.3,True,False,0
pay_8fb0d0cadba348,fraud,electronics,106,0,20883.75,True,False,0
pay_99045c2b04914e,damaged,electronics,327,0,24387.65,False,False,0
pay_b517cf654d2645,fraud,electronics,363,0,26871.48,True,False,0
pay_405cc6defa1d4d,not_received,digital_services,2,4,2014.84,False,True,0
pay_13a126fc55c143,damaged,apparel,383,0,2796.37,True,False,0
pay_5bf0188f251643,fraud,apparel,1062,0,2606.53,True,False,0
pay_a5aff49ff8344c,not_received,digital_services,292,0,2330.24,True,False,0
pay_757eaf3e001c4c,fraud,electronics,1366,0,27298.23,True,False,0
pay_5d5c1f35c1ef4f,fraud,electronics,65,0,17154.17,False,False,0
pay_1d27a631fdde45,not_received,electronics,64,0,25514.36,False,False,0
pay_884fdeeca15c46,damaged,electronics,1435,0,33720.14,True,False,0
pay_ffe4c360e9a14f,fraud,apparel,9,6,2962.02,False,True,1
pay_98987424b2204f,not_received,apparel,784,0,1963.84,True,False,0
pay_a4e3a9e881ce4c,not_received,electronics,110,0,27345.98,True,False,0
pay_19a1d25c8d3841,damaged,electronics,8,2,25617.1,False,True,0
pay_2f6530c9931441,fraud,electronics,189,0,8334.13,False,False,0
pay_1c40b6a4824246,not_received,digital_services,1461,0,4370.37,True,False,0
pay_23ffadaa2c2e4d,not_received,apparel,836,0,4157.4,True,False,0
pay_b2de8fe6a76847,not_received,apparel,1087,0,3384.97,True,False,0
pay_cdf5f5272a8447,damaged,electronics,1308,0,31026.94,True,False,0
pay_10e9711914254a,damaged,apparel,452,0,2459.69,True,False,1
pay_cc94b29b63b143,fraud,electronics,453,0,30425.05,True,False,0
pay_6cf88210800c48,not_received,digital_services,172,0,3628.07,True,False,0
pay_d03a2a39c3074e,fraud,apparel,7,2,3807.52,False,True,0
pay_e686a28195b143,fraud,apparel,5,5,3783.42,False,False,0
pay_9dd723e6210049,not_received,apparel,683,0,3121.58,False,True,0
pay_e04f00cd533e41,fraud,apparel,4,5,2856.35,False,True,0
pay_cf46013ddeec43,not_received,electronics,428,0,21460.56,True,False,0
pay_788e3684bcdf49,damaged,electronics,1306,0,24696.15,True,False,0
pay_20e7ea7565cd4c,fraud,apparel,1455,0,4969.58,True,False,0
pay_efe6cd7202e047,damaged,electronics,419,0,17190.64,True,False,0
pay_25286b7519be4d,not_received,electronics,1301,0,17864.93,True,False,0
pay_ffb21cedc4ff4d,not_received,apparel,1317,0,2583.7,True,False,0
pay_4af73b0bfffc4f,damaged,digital_services,1430,0,3266.27,True,False,0
pay_afe71e1b798840,fraud,digital_services,1031,0,2491.01,False,True,1
pay_019387e878834b,not_received,electronics,1276,0,30132.89,True,False,0
pay_8b9073c1aee942,not_received,electronics,1154,0,30763.13,True,False,0
pay_5c0c040e0c424a,fraud,apparel,892,0,3694.77,True,False,0
pay_cdf77cb6ae8b47,damaged,digital_services,10,6,100.0,False,True,1
pay_6f159b8783bc4a,damaged,digital_services,920,0,4129.8,True,False,0
pay_bd5b05b1dc6a4c,fraud,digital_services,1354,0,3923.84,True,False,0
pay_a00f57e0be4540,fraud,apparel,196,0,3115.61,True,False,0
pay_ab5b2cbf3f0547,not_received,electronics,8,4,21345.94,False,False,0
pay_7b093c1ec0734b,fraud,electronics,1466,0,25547.21,True,False,0
pay_b55860ef4ecc4e,not_received,electronics,409,0,24335.53,True,False,0
pay_2f4c86f03bc348,fraud,apparel,1054,0,2133.58,True,True,1
pay_144fe029d5404e,not_received,electronics,158,0,26028.73,True,False,0
pay_6de92a4336a048,fraud,apparel,706,0,3798.81,True,True,1
pay_50835085b6a54d,fraud,apparel,681,2,4237.59,True,False,0
pay_170fa06b203042,not_received,electronics,3,3,27864.65,False,False,0
pay_f389c7eeef664a,not_received,digital_services,9,4,5195.91,False,True,1
pay_f5271bb289524d,damaged,apparel,1290,0,3347.0,True,False,0
pay_3b4214f55b404e,damaged,digital_services,1093,0,2069.56,True,False,0
pay_4ab77021c2d848,fraud,digital_services,695,0,3371.52,True,False,0
pay_e1762b798e494b,fraud,electronics,724,2,22526.54,True,False,0
pay_00d439184cd247,damaged,electronics,438,0,27330.04,False,False,0
pay_995cceca3a1d42,damaged,electronics,566,0,26444.59,True,False,0
pay_bc5e1406dfdd4e,damaged,apparel,814,0,3903.62,False,False,0
pay_69291d590f1941,fraud,apparel,360,0,3247.92,True,False,0
pay_7bc06e1106d641,damaged,digital_services,983,0,2896.13,True,False,0
pay_8d4e03cafe0044,fraud,electronics,1278,0,31369.02,True,False,0
pay_36ca55d4b27a47,not_received,apparel,420,0,2704.82,True,False,0
pay_a7d9000d7bc643,damaged,digital_services,360,1,3306.43,True,False,0
pay_7fdd969dd0fc4b,fraud,apparel,418,0,2893.16,True,False,0
pay_6cb946a57dfa43,damaged,electronics,639,0,26572.76,True,False,0
pay_be5f1c3d1e1a47,fraud,apparel,10,5,3620.67,False,True,1
pay_530b5f5126264e,damaged,electronics,414,0,23872.03,True,False,0
pay_931019a851094f,fraud,electronics,987,0,25035.2,True,False,0
pay_6cf2178903504d,damaged,electronics,1214,0,21994.55,True,False,0
pay_35eb70a797574e,fraud,electronics,857,0,22281.42,True,False,0
pay_2a2a8efe025744,not_received,apparel,1096,1,3590.38,True,False,0
pay_32cd8bd403cc49,not_received,electronics,674,0,22220.16,True,False,0
pay_a428e77fac7a4f,not_received,apparel,887,0,3090.31,True,False,0
pay_8f792b54034e4c,fraud,electronics,900,0,24582.14,True,False,0
pay_3ce0e985e1ce40,not_received,electronics,51,0,17789.59,True,False,0
pay_bfd6ab94956547,fraud,electronics,3,5,20089.51,False,True,1
pay_87c67529b98140,not_received,electronics,1155,0,31854.63,False,True,0
pay_8fb93a8981e54f,fraud,electronics,12,4,24009.15,False,True,1
pay_051e8eb689494b,damaged,apparel,1054,0,1861.23,False,True,1
pay_657f9e57db4741,fraud,digital_services,10,5,1823.64,False,False,0
pay_a5f994631de442,fraud,electronics,6,3,21395.41,False,True,1
pay_715f53e8e71048,fraud,electronics,1168,0,17851.56,True,False,0
pay_d94a5571135d40,not_received,electronics,994,1,33149.41,True,False,0
pay_951011377a2e42,fraud,digital_services,890,0,3982.97,True,False,0
pay_fc363774882640,not_received,apparel,1070,2,4220.04,True,False,0
pay_c3c9acb61a6e4b,damaged,apparel,926,0,1971.2,True,True,1
pay_5277245b273841,not_received,electronics,958,0,35347.95,True,False,0
pay_f5e44ec0623249,not_received,electronics,715,0,19854.27,False,False,0
pay_1bee231089c146,fraud,electronics,443,0,32497.26,True,False,0
pay_e5dcb5554e0b4e,not_received,digital_services,874,0,2651.51,True,True,1
pay_c6484e0cd20447,fraud,electronics,1162,1,30747.95,True,False,0
pay_2a9665dc8bad4f,not_received,apparel,678,0,2727.97,True,False,0
pay_bd8fbad655714e,fraud,apparel,229,0,2673.17,True,False,0
pay_f2bf7ba2bdc141,not_received,apparel,1384,0,2877.31,True,False,0
pay_68a9a26a887844,fraud,electronics,1440,0,28931.06,True,False,1
pay_17635eefd4924e,damaged,apparel,461,0,3166.04,True,False,0
pay_2ad708795dcb46,fraud,electronics,881,2,20215.02,True,False,0
pay_04b51d32ed4f43,not_received,digital_services,1362,0,2284.07,True,False,0
pay_933e5a36d54b4d,fraud,electronics,425,0,32834.09,True,False,0
pay_b03699ba008144,not_received,electronics,1119,0,18245.93,True,False,0
pay_95e5597a101f48,damaged,electronics,1246,1,25904.85,False,False,0
pay_c52984d3413543,not_received,digital_services,13,4,2289.36,False,True,0
pay_b387794ff6504f,not_received,electronics,291,0,27188.0,False,False,0
pay_2471d6ce05f048,damaged,apparel,712,0,2873.5,True,False,0
pay_e188417e204b46,not_received,electronics,767,0,21309.85,True,False,0
pay_b64c5c76fa8741,not_received,electronics,1414,0,27014.88,True,False,0
pay_470f8ef9986046,not_received,apparel,765,2,2497.31,True,False,0
pay_1ed30df00dc745,not_received,electronics,240,0,17604.48,False,False,0
pay_1bad9b6084f94c,fraud,apparel,1418,0,3282.14,True,False,0
pay_e930c46a1f1b44,damaged,apparel,666,0,3473.49,False,False,0
pay_8363ee3e4e9f47,not_received,digital_services,1403,0,3646.12,True,False,0
pay_e27f7c8767af47,fraud,electronics,1150,2,25084.45,True,False,0
pay_8af990dd5ecc46,not_received,apparel,4,4,2993.9,False,True,0
pay_6e0a397021af44,fraud,digital_services,1164,0,3431.07,True,False,0
pay_5b598c7d7cec43,fraud,apparel,388,0,3701.17,True,False,0
pay_e31f266827d24f,not_received,electronics,8,6,28557.11,False,True,1
pay_3bd57fa3314b44,damaged,apparel,1309,1,4768.49,True,False,0
pay_4292c2b464c74a,damaged,digital_services,309,1,3260.78,True,False,0
pay_c1d70cea5fd042,damaged,apparel,280,0,3382.99,True,False,0
pay_4170d78ff9d342,damaged,digital_services,5,6,3488.71,False,True,1
pay_eae0fa8633634f,fraud,apparel,832,1,3518.02,True,False,0
pay_27ce8da300a24e,fraud,electronics,1078,0,21894.63,True,False,0
pay_3451c167d93444,damaged,electronics,1,5,22346.57,False,False,0
pay_da210dd91a8942,fraud,electronics,6,2,32798.92,False,True,0
pay_0a5db98451ff40,not_received,electronics,1,2,21515.38,False,True,0
pay_5967242e62d741,not_received,digital_services,813,0,1849.25,True,False,0
pay_7846eef00fe645,fraud,apparel,7,4,4172.05,False,True,0
pay_8b50bafce47647,damaged,apparel,1435,0,3723.93,True,False,0
pay_94ed0531503546,not_received,apparel,469,0,3650.75,True,False,0
pay_1b915ed88d7e47,not_received,electronics,1075,0,18943.06,True,False,0
pay_4ad7f448c7f84d,damaged,electronics,756,0,23443.27,True,False,0
pay_047264959f1d49,not_received,digital_services,222,0,3264.83,True,False,0
pay_a45ffc26b35145,fraud,apparel,856,0,3987.49,False,False,0
pay_3368a3723dfa41,not_received,apparel,1320,0,2290.5,True,False,0
pay_2d8b4f12003047,damaged,digital_services,1183,0,2454.3,False,False,0
pay_7809c841da5049,not_received,electronics,378,0,23391.14,True,False,0
pay_fec597c1929f46,not_received,digital_services,1239,0,2286.8,True,False,0
pay_af39590e84a24a,not_received,digital_services,724,1,3117.04,False,False,0
pay_41074a17163649,fraud,electronics,12,3,31811.48,False,True,1
pay_7f5da8af316549,damaged,electronics,394,0,16460.82,True,False,0
pay_780b59cc356641,damaged,digital_services,121,0,5122.4,True,False,0
pay_4d5b6dd01c7646,fraud,apparel,877,0,3345.37,True,False,0
pay_2b9433fd931847,fraud,electronics,1374,0,22046.16,True,False,0
pay_5dadf021d32a40,damaged,apparel,6,3,4721.89,False,False,0
pay_a1d9a65b7f814a,damaged,apparel,137,0,3070.84,False,False,0
pay_1b1ddd36bf4743,damaged,apparel,1432,0,3793.16,True,False,0
pay_6f056c87166948,damaged,digital_services,669,0,1890.22,True,False,0
pay_6367bc6fe6944c,not_received,digital_services,1303,1,2811.95,True,False,0
pay_3e20f23cc0f046,not_received,digital_services,47,1,3318.87,True,True,1
pay_9ef77397f5504b,not_received,electronics,203,0,28300.83,True,False,0
pay_e84a482b03d54d,fraud,apparel,565,0,2581.93,True,False,0
pay_58c0ec0244454d,not_received,electronics,1421,1,17250.99,True,False,0
pay_8bbb02c0d24443,not_received,electronics,1,2,11766.79,False,True,0
pay_32129ff91c6b4d,not_received,digital_services,293,0,543.49,True,False,0
pay_39fa0bf9a87c4e,not_received,apparel,1227,0,1689.17,True,False,0
pay_c330daea3f5f41,not_received,digital_services,1241,0,4270.61,True,False,0
pay_275fb6e486c74c,fraud,electronics,715,0,26852.79,True,False,0
pay_3b64aa004a3745,fraud,digital_services,1270,0,2380.33,True,False,0
pay_b75b30fb2daf47,fraud,electronics,615,0,26492.42,True,False,0
pay_1aadb0c56cd541,fraud,electronics,508,2,19120.75,True,True,1
pay_508b58789f2042,damaged,apparel,603,0,1879.15,True,False,0
pay_e1a9192b91d94b,fraud,electronics,4,5,27309.91,False,False,0
pay_5f139bbea34f4a,fraud,apparel,432,0,1707.04,True,False,0
pay_83e6742223e740,not_received,digital_services,544,0,2488.41,True,False,0
pay_34ff8fa10cd94d,not_received,apparel,899,0,3745.66,True,False,0
pay_8206a4a5096b4c,fraud,electronics,12,4,25964.11,False,True,0
pay_c0035b5c8e6642,not_received,electronics,887,0,29576.73,True,False,0
pay_4ec3ee87f45a4f,not_received,apparel,1044,2,3276.33,True,False,0
pay_a0e6938db4504f,fraud,apparel,620,0,3527.55,True,False,0
pay_25e9f2b7070a46,fraud,apparel,1372,0,2552.03,True,True,1
pay_ebf046debd2f4a,damaged,electronics,874,0,21246.51,True,False,0
pay_3efe16e200974e,damaged,apparel,1433,0,1726.41,False,False,0
pay_3cc4b8a2739648,not_received,electronics,943,0,30676.67,True,False,0
pay_45a2b6d8cb2449,fraud,apparel,8,2,1811.87,False,True,1
pay_783730965a1b46,not_received,apparel,600,0,1924.15,True,False,0
pay_8070b201eb794e,not_received,electronics,1481,0,27352.39,True,False,0
pay_d8e8370334604e,fraud,digital_services,266,0,4158.94,True,False,0
pay_cd6c5866e53248,not_received,apparel,1277,0,4073.46,True,False,0
pay_287a71be98ff4c,not_received,apparel,206,0,3420.63,True,False,0
pay_b95f3f9ac76f4f,fraud,apparel,897,0,2325.43,True,True,1
pay_d5545d62143444,not_received,digital_services,6,2,4053.66,False,True,0
pay_910b6623259849,damaged,apparel,908,1,3241.75,True,False,0
pay_bc76c971c36843,fraud,electronics,274,1,18865.91,True,False,0
pay_dbfbd31dccd74d,damaged,electronics,981,0,16045.76,True,False,0
pay_c11a1bfcb7054a,fraud,electronics,945,0,32901.49,True,False,0
pay_73f8d130249248,damaged,electronics,1205,2,20319.9,True,False,0
pay_6f0186099d4e48,fraud,digital_services,1004,0,2709.8,True,False,0
pay_c8cba67cb00c4a,fraud,apparel,453,1,3315.93,True,False,0
pay_d77eddab62d644,not_received,digital_services,1,6,2488.73,False,True,1
pay_0fb353cab58e47,not_received,electronics,582,0,27909.34,False,False,0
pay_41695cdddda94d,damaged,apparel,1496,0,4002.74,True,True,1
pay_9f511108631941,fraud,digital_services,683,1,100.0,True,False,0
pay_48d7651434a647,fraud,electronics,72,0,22862.83,True,False,0
pay_131781f5fb864b,not_received,apparel,132,1,3080.42,True,False,0
pay_19365fe02f4349,not_received,digital_services,1448,0,2218.96,True,False,0
pay_9f1d42090d5e4b,fraud,digital_services,1139,0,3007.14,True,False,0
pay_204f36d6e32143,not_received,digital_services,1152,0,2540.32,True,False,0
pay_6f71cbb85acb46,not_received,digital_services,3,2,2017.38,False,False,0
pay_723405d6ddf84a,damaged,apparel,46,0,2501.24,True,False,0
pay_720875d0c4644e,damaged,electronics,8,6,30863.4,False,True,1
pay_599d1d987c324a,fraud,apparel,13,5,3313.83,False,True,1
pay_7bd039d0409e4e,not_received,digital_services,7,2,3202.39,False,True,0
pay_050eef5fb9a443,fraud,apparel,75,0,3689.88,True,False,0
pay_89d2dc54d94d4a,not_received,electronics,650,0,29912.85,True,False,0
pay_6f282672150f4a,not_received,apparel,1259,0,2364.97,True,False,0
pay_c9270e43306b4c,damaged,apparel,694,2,5180.44,True,False,0
pay_7250fd3d597b4e,not_received,electronics,438,0,25360.73,True,False,0
pay_58244a8952f240,damaged,apparel,6,3,2705.93,False,False,0
pay_37cdd243bbc845,damaged,apparel,1271,0,1719.46,True,False,0
pay_ee77610ff7b64c,damaged,apparel,12,4,2667.01,False,True,1
pay_56eaac45e9da44,damaged,electronics,41,0,34270.46,True,False,0
pay_48121f03ceee42,not_received,electronics,584,0,12942.53,True,False,0
pay_a218b8abbb2c4d,fraud,apparel,546,0,1699.27,True,False,0
pay_ed9fc935474d4f,fraud,apparel,851,0,2610.48,False,False,0
pay_4f01f362542e40,fraud,electronics,1454,0,26101.94,True,True,1
pay_44c30103cc374b,not_received,electronics,13,6,30052.0,False,True,0
pay_b7234dc55a0745,not_received,electronics,1371,0,13076.02,True,False,0
pay_673a2809c6044e,not_received,apparel,1122,0,2757.43,True,False,0
pay_971893e87d184e,damaged,digital_services,8,2,2835.35,False,True,1
pay_f1b75496cb394f,damaged,apparel,1162,0,819.73,True,False,0
pay_e2abd1dfbd6c4a,fraud,digital_services,4,6,3257.65,False,True,0
pay_38e32d98aec247,fraud,apparel,1299,0,3877.51,True,False,0
pay_4b63df26dacf4e,not_received,apparel,1047,0,2597.42,True,False,0
pay_fda53c17c1a740,fraud,electronics,1381,0,26040.56,False,False,0
pay_90972431d6db44,not_received,apparel,11,3,4789.86,False,False,0
pay_4692d97a4a404a,not_received,apparel,1262,0,4621.28,True,False,0
pay_734fe1acd1bc4a,not_received,apparel,3,3,3118.81,False,True,0
pay_40532ed857b146,damaged,apparel,1270,1,4327.65,True,False,0
pay_0ff4a693739241,damaged,electronics,13,6,13458.37,False,False,0
pay_411682597bee43,fraud,electronics,5,6,16197.73,False,True,0
pay_f27f5ee19a4c42,not_received,digital_services,1006,1,4677.61,True,False,0
pay_f2aebf02b2424d,not_received,electronics,217,0,18128.03,False,False,0
pay_d224a6804c034f,fraud,electronics,492,0,24836.39,True,False,0
pay_bf231e0c194c4c,fraud,digital_services,9,4,1570.43,False,False,0
pay_3627ec409bd942,not_received,apparel,80,0,2786.38,True,False,0
pay_fb0c9ba562c14b,fraud,electronics,426,2,18936.87,True,True,1
pay_9238f6bc60b442,fraud,electronics,9,4,25261.66,False,True,0
pay_8e4f333120eb4e,not_received,electronics,133,1,23049.77,True,False,0
pay_2c4a811f787447,not_received,apparel,59,0,2934.56,True,False,0
pay_caffab3bd90545,fraud,apparel,239,1,3481.79,True,False,0
pay_b65ab2e019094c,fraud,electronics,790,0,18559.32,True,False,0
pay_a2ed9c8c96e043,damaged,digital_services,608,0,879.49,True,False,0
pay_10884ae340a345,fraud,electronics,1330,0,27399.52,True,False,0
pay_6ab0fe33643b40,damaged,electronics,886,2,21479.08,True,False,0
pay_fca393e7014245,not_received,digital_services,1097,0,4960.59,True,False,0
pay_63c867ce80dc4c,fraud,electronics,725,0,20604.8,True,False,0
pay_ecc969ed3b0b40,fraud,digital_services,1413,1,4036.65,True,False,0
pay_43ab2b155d494e,fraud,apparel,932,0,3230.32,True,False,0
pay_87984c64414f4f,fraud,electronics,1276,0,22914.85,True,False,0
pay_bfdd586327cf4d,fraud,apparel,482,1,1427.04,True,False,0
pay_606385ee7c0145,not_received,apparel,486,0,3183.84,True,False,0
pay_b052aefb6e124f,fraud,digital_services,478,0,3232.22,True,False,0
pay_bade0be515f443,not_received,apparel,48,0,4513.79,True,False,0
pay_7cbc1c38cfc149,not_received,apparel,1222,1,3446.71,True,False,0
pay_d2e1c44236b544,fraud,electronics,276,0,26204.82,True,False,0
pay_5f8d390f01df47,fraud,apparel,1149,0,2305.51,True,False,1
pay_c7feb7b847ba47,fraud,electronics,95,0,25786.86,True,False,0
pay_49d88df349054d,fraud,electronics,430,0,23137.84,True,False,0
pay_07a52050c8784c,not_received,digital_services,471,0,3021.68,True,False,1
pay_26deba5006c448,fraud,electronics,1408,0,28386.66,True,False,0
pay_b6654e69f82946,not_received,electronics,1249,0,17790.08,True,False,0
pay_e6707d75fb6d4f,not_received,apparel,1246,0,3038.02,True,False,0
pay_1209db5312614b,not_received,digital_services,1195,0,2835.32,False,False,0
pay_1965a9ba9b3e41,not_received,electronics,1,4,26810.62,False,True,1
pay_c63b26b165c948,not_received,electronics,3,4,30257.93,False,False,0
pay_21512473636845,fraud,electronics,13,2,24871.44,False,True,0
pay_96bac72796fe4b,fraud,electronics,574,2,29966.14,True,True,1
pay_95968f1c8bde4f,not_received,apparel,930,0,2935.12,True,False,0
pay_d732afc94ee242,fraud,apparel,469,0,4125.37,True,False,0
pay_855b44cf14b247,not_received,apparel,6,6,3239.51,False,True,1
pay_74b16552eb6341,not_received,apparel,396,0,3293.89,True,False,0
pay_091c272d7b6540,not_received,digital_services,1028,0,2137.48,False,False,0
pay_a8c0823022724b,not_received,apparel,578,0,3880.17,True,False,0
pay_4fa71bbe663743,not_received,digital_services,367,0,4693.84,True,False,0
pay_85738243ba2e45,not_received,apparel,990,0,2481.53,False,False,0
pay_7bc68dddcf7142,not_received,apparel,8,4,2776.54,False,True,1
pay_b6d6c859887446,not_received,apparel,1444,0,1455.11,True,False,0
pay_258e9cb94e0343,not_received,apparel,52,0,2769.93,True,False,0
pay_81b44776c52442,damaged,digital_services,814,0,2686.67,True,False,0
pay_77bbfb3f7edb45,not_received,electronics,603,0,34222.29,True,False,0
pay_e6e494a7a1df45,not_received,apparel,900,0,2066.47,False,False,0
pay_76a0e10819dd46,not_received,apparel,1037,1,4396.18,False,False,0
pay_d764483c3a0147,not_received,apparel,1411,0,2219.48,True,False,0
pay_b8e27c3ea22a4e,fraud,apparel,211,0,2251.27,True,False,0
pay_71d7043c456f4e,damaged,apparel,713,0,2526.3,True,False,0
pay_b6f31ccb4b064c,fraud,electronics,60,0,28083.32,True,False,0
pay_49e1ab29277449,not_received,digital_services,1480,0,4141.61,False,False,0
pay_7d67046ed2db45,not_received,electronics,39,1,30705.56,True,False,0
pay_b7390a182b2449,damaged,apparel,388,1,3362.7,True,False,0
pay_1f4e04a8d56c4f,fraud,electronics,663,0,21282.82,True,True,1
pay_8b72cf03125f4a,not_received,electronics,681,0,24160.75,False,False,0
pay_b7cd71271bd442,not_received,electronics,793,1,35650.12,True,False,0
pay_532d8a05577d48,fraud,apparel,574,0,2614.62,True,True,1
pay_24bff1b1803043,fraud,electronics,841,0,26175.42,True,False,0
pay_576c14bfb3bc4c,not_received,electronics,958,0,18301.14,True,True,1
pay_f545b6488bbc4b,not_received,electronics,521,0,22568.7,True,False,0
pay_f2a44a3437354c,fraud,electronics,588,0,30945.98,False,False,0
pay_365fefc27a514f,not_received,electronics,869,0,16655.0,True,False,0
pay_35f59f9fd34044,not_received,electronics,617,0,22379.54,True,False,0
pay_faa6d0e08ff54a,not_received,apparel,1234,0,2326.42,False,False,0
pay_3f769ad2155e41,damaged,apparel,696,0,2458.05,True,False,0
pay_164aaea4599e40,not_received,apparel,1026,0,1066.65,True,False,0
pay_d7c17b2700ca42,damaged,digital_services,1496,0,4279.67,True,False,0
pay_6f71d4ef9a2848,damaged,apparel,512,0,5199.58,False,False,0
pay_a571e619445843,fraud,digital_services,632,0,2403.19,True,False,0
pay_7d94ebd5f60947,fraud,electronics,1384,0,25134.58,True,False,0
pay_92db670da5794f,not_received,apparel,231,0,1038.07,True,False,0
pay_8d5cf1633bdd47,not_received,electronics,689,1,21762.18,True,False,0
pay_a20fe965a8d34c,not_received,apparel,126,0,2448.78,True,False,0
pay_6ffb83e7e1604c,not_received,apparel,8,4,1198.01,False,True,1
pay_4f626a956bf64a,not_received,electronics,47,0,17646.14,True,False,0
pay_1ffedcf4fe7e49,not_received,apparel,1005,0,943.72,True,False,0
pay_1fca51b767a24a,fraud,apparel,734,0,3311.01,True,False,0
pay_4b163fd25d944f,damaged,electronics,1388,2,27182.04,True,False,0
pay_ab1d42ada0ed4b,fraud,apparel,1314,0,3887.19,False,False,0
pay_f837d6aaa73c48,damaged,apparel,300,0,2856.68,True,False,0
pay_c65bdf7ce55945,fraud,electronics,707,1,32677.86,True,False,0
pay_2474198de7e649,damaged,electronics,1098,0,20293.95,True,False,0
pay_c8a4adb7213e48,fraud,digital_services,502,1,2615.71,True,False,0
pay_fe47a0adca994c,fraud,digital_services,602,0,2793.21,True,False,0
pay_5a2ee046d0fd4d,fraud,electronics,7,5,25261.58,False,True,1
pay_ced79239768b49,not_received,digital_services,729,0,4820.47,True,False,0
pay_f2f5a58a9a7b4b,damaged,electronics,807,0,33350.5,True,False,0
pay_d9aa9c7626c843,not_received,digital_services,4,3,3097.08,False,True,0
pay_72c5cec6bb7e4c,damaged,apparel,656,0,2230.72,True,False,0
pay_fc474e0ef9144c,not_received,digital_services,291,0,3791.56,True,False,0
pay_0da9fcb929c04a,not_received,apparel,329,0,2231.44,True,False,0
pay_2ded4f3bbc8f47,damaged,electronics,363,0,19029.82,True,False,0
pay_56e1cdb58b5244,fraud,electronics,920,0,24423.13,False,False,0
pay_daa448d5ea0942,fraud,apparel,665,0,1864.17,True,False,0
pay_32d741d1561f49,damaged,electronics,377,2,31201.78,True,False,0
pay_8e146274f96b47,damaged,apparel,1391,2,3187.86,True,False,0
pay_57f46f53bb2c40,damaged,digital_services,1340,0,2640.76,True,False,0
pay_60ee6a602f7e49,damaged,electronics,1344,0,18912.29,True,False,0
pay_c1a80478afce48,fraud,apparel,1088,0,4453.37,True,False,0
pay_fcdbf6be37a247,damaged,electronics,944,0,21741.23,True,False,0
pay_59accb80167e46,not_received,apparel,764,0,1658.1,True,False,0
pay_5bac6d118f594d,damaged,electronics,10,6,23404.13,False,True,1
pay_5bba3fa81d7e42,not_received,electronics,1036,0,31067.74,True,False,0
pay_1e906dbf852448,not_received,digital_services,12,5,1982.92,False,False,0
pay_127492c0c6e346,not_received,digital_services,924,0,1931.07,True,False,0
pay_68eee7903b6745,fraud,apparel,216,1,2192.84,True,False,0
pay_05418e2dbd394e,fraud,apparel,797,0,3590.16,True,False,0
pay_a4c32b34b1874b,damaged,apparel,8,6,2119.62,False,True,1
pay_5f7e96e44edc4d,damaged,apparel,1046,0,2956.77,True,False,0
pay_69dd5ef8b7c345,fraud,electronics,7,6,22558.03,False,True,0
pay_f94e14a28fc847,not_received,electronics,537,0,22688.67,False,False,0
pay_74ec5fe9736645,not_received,electronics,12,2,30937.83,False,False,0
pay_42983ce2066748,not_received,electronics,5,2,29289.04,False,True,0
pay_931080a8899945,fraud,electronics,7,4,23237.93,False,True,1
pay_6e3a703012974c,damaged,electronics,1410,0,34366.93,True,False,0
pay_a1b3d635d4db46,not_received,apparel,1234,1,2664.34,True,False,0
pay_05d2ed0e136d45,not_received,electronics,54,1,14961.13,False,False,0
pay_1d07ee5632e54e,not_received,apparel,691,0,3895.55,True,False,0
pay_6144b7880d7d4b,fraud,apparel,12,2,1064.4,False,True,0
pay_7d733a6fb0254a,not_received,digital_services,11,6,4949.71,False,True,0
pay_21bd8626298b4c,fraud,electronics,1182,0,22046.95,True,False,0
pay_455dccdf12de44,fraud,apparel,189,0,4150.88,True,False,0
pay_adaeaf86caa148,not_received,apparel,1037,0,2812.38,False,False,0
pay_435330b52fb34e,damaged,digital_services,492,0,1049.1,False,False,0
pay_1c745b6c81424a,not_received,electronics,5,2,24162.0,False,True,0
pay_795214be5c7241,fraud,electronics,747,0,22972.22,False,False,0
pay_433a11e2c9434c,not_received,electronics,1444,0,20042.02,True,False,0
pay_dbd9c18a42974b,damaged,electronics,352,0,31026.13,True,False,0
pay_549d7e4de72a47,not_received,apparel,2,3,2110.09,False,True,1
pay_ca342a3731624c,damaged,digital_services,1238,0,3403.07,True,False,0
pay_44878cc5177f4e,not_received,electronics,1426,0,22597.79,True,False,0
pay_ab2695e9028845,not_received,electronics,321,0,25431.18,True,False,0
pay_dc84a1a437fe46,fraud,electronics,1127,0,18905.64,True,False,0
pay_6b23d2f5c51943,fraud,electronics,1322,0,30449.31,False,False,0
pay_c78600295b6848,fraud,digital_services,1297,0,2757.55,True,False,0
pay_39da59ccceb840,not_received,digital_services,1174,0,2885.09,True,False,0
pay_2b75454b89534f,damaged,electronics,368,0,31690.13,True,False,0
pay_f1490c095df94b,damaged,electronics,457,0,17383.61,False,False,0
pay_8e94f3d4678e46,fraud,digital_services,1115,0,2004.64,True,False,0
pay_b3584f48af3340,fraud,electronics,716,2,26176.16,False,False,0
pay_63f41f414efb40,fraud,apparel,187,2,3440.83,True,False,0
pay_e35a8047c4ac4c,fraud,digital_services,1254,0,3921.47,False,False,0
pay_9fa943efdb3641,not_received,apparel,1039,0,3138.07,True,False,0
pay_7c557aea57d84d,damaged,electronics,1216,1,28508.8,True,False,0
pay_3bbaeed2aac34f,damaged,electronics,1360,0,25068.89,True,False,0
pay_dd5a740dd1b441,not_received,digital_services,935,1,994.73,True,False,0
pay_89cadfbf870b46,damaged,electronics,968,0,24440.9,True,False,0
pay_a66ae45be19d4c,not_received,electronics,900,2,16370.58,True,False,0
pay_83a19894e8714f,fraud,apparel,798,0,2328.91,True,False,0
pay_da3455f06af94d,not_received,digital_services,1311,0,2852.86,True,False,0
pay_6e5e1229b1284d,not_received,apparel,642,1,2744.34,True,False,0
pay_dccd8394a3c94f,not_received,electronics,674,0,24235.62,True,False,0
pay_a610811129ea43,fraud,apparel,701,0,2085.08,True,False,0
pay_8c0c637230a148,fraud,electronics,1418,0,20375.9,True,True,1
pay_781be30dfbf047,fraud,electronics,1404,0,18685.0,True,False,0
pay_0257dbc49ba341,damaged,digital_services,836,0,4223.79,True,False,0
pay_f7ddbca0ed654c,not_received,electronics,356,0,33056.96,False,False,0
pay_2534725234ef4f,not_received,electronics,80,0,21200.04,True,False,0
pay_22719d8390de4b,not_received,electronics,5,2,29264.95,False,True,0
pay_8e00495f7a204b,fraud,apparel,1439,0,3523.6,True,False,0
pay_65f26a0402f747,not_received,apparel,777,0,3355.76,True,False,0
pay_5962632fa81840,damaged,apparel,360,0,2238.1,True,False,0
pay_9ca480b404d240,not_received,apparel,845,0,1097.06,True,False,0
pay_ca65eff7927b4a,damaged,apparel,240,0,3810.34,True,True,1
pay_1bc510688aca49,fraud,apparel,56,0,3048.47,True,False,0
pay_8928fd915fe348,fraud,electronics,8,3,21037.84,False,False,0
pay_7be1656bd59746,damaged,electronics,1012,0,26929.79,False,False,0
pay_564df713610c4e,damaged,apparel,1020,0,3949.69,True,False,0
pay_e1faaa9c3ece48,damaged,electronics,541,0,24401.48,False,False,0
pay_30f62166fb714d,not_received,electronics,1486,0,22100.88,True,False,0
pay_dd3f07e3305244,damaged,apparel,318,1,2968.59,True,False,0
pay_cc3f4f366c2440,damaged,apparel,1076,0,3178.01,True,False,0
pay_c1e55024d1e24f,damaged,apparel,890,0,2574.9,True,False,0
pay_08e21a918ffb4c,not_received,apparel,645,1,2336.39,True,True,1
pay_7dc949e788c447,fraud,apparel,1019,0,2089.25,True,False,0
pay_2ad57b019d834c,damaged,digital_services,667,0,3009.41,True,False,0
pay_87674cfa9b424e,not_received,electronics,473,0,26886.36,True,False,0
pay_61fe8cdf971e41,not_received,apparel,1454,0,3038.03,True,False,0
pay_59ea0cbdea5947,not_received,electronics,4,6,27324.61,False,True,1
pay_a5db4974d96048,not_received,electronics,324,0,30196.88,True,False,0
pay_c6bc9e38ea1e4a,not_received,digital_services,299,1,3168.44,True,True,1
pay_051f7450436340,fraud,electronics,1030,0,19270.06,True,False,0
pay_3244df73d8ec46,damaged,electronics,885,0,27705.95,True,False,0
pay_5dbddf925d3e4f,not_received,apparel,1121,0,2344.11,True,False,0
pay_1692bdbcb9b94d,not_received,electronics,570,0,28104.6,True,False,0
pay_8d04cfb66c8043,fraud,apparel,907,1,2494.17,True,False,1
pay_75afc07a45814c,fraud,electronics,175,0,15894.28,True,False,0
pay_49e6f64e9e1742,fraud,electronics,1017,0,19738.83,True,False,0
pay_1fa658a2354140,not_received,apparel,11,5,1156.78,False,True,0
pay_3d877fbbc8344b,fraud,apparel,9,2,1514.28,False,True,0
pay_fa2448d9513c43,damaged,apparel,425,0,1356.25,True,False,0
pay_10fb2e817b934e,fraud,apparel,754,0,1491.24,True,False,0
pay_a685e85dab6c48,fraud,apparel,1460,0,3698.11,True,False,0
pay_a11ba9c7a74c49,fraud,apparel,1239,1,2455.97,True,False,0
pay_49c5b844157c4b,fraud,electronics,151,0,34254.46,True,False,0
pay_dc162928b81b40,not_received,electronics,174,0,29017.65,False,False,0
pay_239b9a1f26f347,damaged,electronics,51,0,27299.75,False,False,0
pay_a363c806886746,not_received,electronics,7,4,27507.03,False,True,1
pay_41c9a0a5063e42,fraud,electronics,803,0,26325.09,True,False,0
pay_36583f662a1f40,fraud,electronics,863,0,23132.82,True,False,0
pay_fafdf76d98a34a,not_received,digital_services,600,1,1363.48,True,False,0
pay_d1de26b682a84d,damaged,apparel,347,0,2617.92,False,False,0
pay_079bf53c6cf944,fraud,electronics,1445,1,24901.74,True,False,0
pay_f34b085bca9740,not_received,apparel,717,0,2340.66,True,False,0
pay_59c83b89586049,not_received,apparel,1415,0,2576.84,True,False,0
pay_daea8b4272114f,fraud,electronics,11,3,15541.13,False,True,0
pay_0bd8bef02ef445,not_received,apparel,539,0,2737.0,True,False,0
pay_12ac7903a55440,fraud,electronics,384,0,27659.12,True,True,1
pay_5f467fee6ea747,not_received,apparel,10,5,4865.11,False,True,1
pay_53aded96b04b4f,fraud,electronics,745,0,21809.35,True,False,0
pay_f97982c9e55445,not_received,apparel,392,0,2990.92,True,False,0
pay_28b425f2c5104e,fraud,apparel,4,3,4027.22,False,True,0
pay_edfc4f8b7a074c,damaged,apparel,198,0,3603.06,True,False,0
pay_50a81bd43bc246,fraud,apparel,779,0,3183.74,True,False,0
pay_c7ba413ac2a845,damaged,apparel,544,0,3112.38,True,False,0
pay_23fff21d02aa4b,damaged,electronics,565,0,15973.44,True,False,0
pay_f742a9eac45247,damaged,apparel,4,5,3073.04,False,True,1
pay_1f925217cb014b,not_received,digital_services,313,0,2884.15,True,False,0
pay_c127b465abc54b,not_received,apparel,411,0,3068.62,True,False,0
pay_b12b3243c15c48,fraud,digital_services,1370,0,656.5,False,False,0
pay_a62590c8aaa64d,fraud,electronics,5,3,18876.46,True,True,1
pay_e09a8426bd734b,not_received,electronics,102,0,13368.74,True,False,0
pay_3833aec59db64a,fraud,apparel,376,0,4371.23,True,False,0
pay_561473c56dc54e,damaged,electronics,928,0,25413.14,True,False,0
pay_93cca24ae42d41,fraud,electronics,1256,0,35548.17,True,False,0
pay_bf4f701765594f,not_received,apparel,8,6,4005.61,False,True,1
pay_8a218526426241,not_received,electronics,784,0,15739.96,True,False,0
pay_5720ed6f1e4d43,not_received,electronics,7,3,23687.22,False,True,0
pay_07ca6642b04b4a,not_received,digital_services,204,0,4340.91,True,False,0
pay_10a3ff2e93df4a,fraud,electronics,192,0,30326.53,True,False,0
pay_e5d1ff45e97e47,not_received,electronics,859,0,16659.38,True,False,0
pay_44f9074584994a,fraud,electronics,1242,0,19930.71,True,False,0
pay_7c3364a799c14c,damaged,digital_services,510,0,4056.75,True,False,0
pay_dd662a00db8f4b,not_received,apparel,6,2,2213.58,False,True,0
pay_7a5cd7143c0e4e,damaged,electronics,1019,0,24559.21,True,False,0
pay_6a2ac9cde1684f,fraud,electronics,1489,2,34460.84,True,False,0
pay_22a22a22d0494f,fraud,apparel,1237,1,3241.24,True,False,0
pay_e27b8289ca224f,fraud,electronics,956,0,25535.35,True,False,0
pay_0f2c2c7efa0d47,fraud,digital_services,4,6,3428.2,True,True,1
pay_9030036696b148,fraud,apparel,356,0,3190.13,True,False,0
pay_a1d24126f84c46,not_received,electronics,602,0,14019.83,True,False,0
pay_092961febdda4a,fraud,digital_services,385,0,2416.91,True,False,0
pay_f8f30c222e5b4e,not_received,electronics,9,2,20250.95,False,True,0
pay_8f82a37f57834e,damaged,electronics,1,3,26110.86,False,True,1
pay_69ff507fcbaf40,not_received,electronics,572,2,20495.6,True,False,0
pay_c5c27ba700d74f,fraud,apparel,135,0,3415.95,True,False,0
pay_a6de68c97ce04e,fraud,electronics,1196,0,24242.35,True,False,0
pay_9b3b3fb1b84045,not_received,electronics,814,2,26347.2,True,False,0
pay_afa03d2fcfb24a,fraud,electronics,824,2,31343.95,True,False,0
pay_4e1c68d576ba4d,not_received,digital_services,1235,0,1858.94,True,False,0
pay_e85a0facfcb343,fraud,electronics,730,0,21188.42,True,False,0
pay_c5656593a4b946,damaged,electronics,1281,0,19876.02,True,False,0
pay_73ed1d9d5fa94b,not_received,apparel,171,0,3579.25,True,False,0
pay_a4fbe1ed189d44,not_received,apparel,7,3,4895.33,False,True,1
pay_c08f6a62ecc54b,fraud,digital_services,1017,0,4588.8,True,False,0
pay_58d0bdfbda5149,fraud,electronics,13,3,23025.08,False,False,0
pay_c607610397b843,not_received,digital_services,1289,0,2573.91,True,False,0
pay_6f25e21cfe7545,not_received,apparel,2,3,4296.04,False,True,1
pay_1f971c6159bd4a,fraud,electronics,198,0,33475.34,True,False,0
pay_d7ed2f68b0dd45,fraud,digital_services,4,3,1998.59,False,True,0
pay_ccd92dcb75f740,fraud,apparel,553,0,1784.38,True,True,1
pay_2c68518a50e141,not_received,apparel,624,0,4428.09,False,False,0
pay_aa4d02d1f1814a,fraud,digital_services,467,0,1257.14,False,False,0
pay_7e1de56cc0fd4c,not_received,apparel,1250,2,3284.73,True,False,0
pay_e7ebfd7025584d,not_received,electronics,873,0,20884.08,False,False,0
pay_c052d807b8ba41,not_received,digital_services,629,1,3117.32,True,False,0
pay_be43130eb4d847,damaged,electronics,134,0,26522.89,True,False,0
pay_b4f533e8b5854a,damaged,apparel,8,6,2844.33,False,True,1
pay_0ee6c827ee4846,not_received,electronics,727,1,32656.95,True,False,0
pay_48c030ca12e34c,fraud,electronics,793,0,26247.63,True,False,0
pay_c9a14508537945,not_received,apparel,725,0,2551.41,False,False,0
pay_d5509481fd7840,not_received,apparel,462,1,2865.17,True,False,0
pay_3fdb2a543aed40,not_received,apparel,245,0,3783.77,True,False,1
pay_82647dc12f384a,not_received,digital_services,1396,0,2860.72,True,False,0
pay_3fab70c7bc984a,fraud,electronics,4,3,20160.84,False,True,0
pay_f9d13dd8cb8f49,not_received,apparel,235,0,1788.76,True,False,0
pay_75767be5711843,fraud,apparel,112,0,3968.05,True,False,0
pay_8e2386398ace4c,not_received,apparel,1347,0,2142.21,True,False,0
pay_733d1df9d24449,fraud,apparel,126,0,3473.08,True,False,0
pay_fe32989beeef46,not_received,electronics,1154,0,25134.89,False,False,0
pay_9a354560446146,fraud,apparel,12,4,1084.42,False,True,0
pay_bb542e5b4fce45,not_received,apparel,319,0,2675.75,True,False,0
pay_2706dc464bfd4f,not_received,electronics,948,0,29743.97,False,True,1
pay_48770279b35649,fraud,apparel,1300,1,3159.81,False,False,0
pay_09e33196eb1644,not_received,electronics,5,4,31181.46,False,True,1
pay_ab06896eadcb48,not_received,digital_services,13,3,3091.95,False,True,1
pay_ca3c44b638aa4e,not_received,apparel,835,0,1830.37,True,False,0
pay_4a3901de2f1647,fraud,electronics,107,0,22130.7,True,False,0
pay_86c660b2079a43,not_received,electronics,74,1,20445.93,True,False,0
pay_0c8e51bc86a74d,not_received,apparel,602,0,4197.05,True,True,1
pay_c65f8630f2f84a,not_received,apparel,1257,0,3231.51,True,False,0
pay_adf7eb73dd7843,not_received,digital_services,1142,0,2859.91,True,False,0
pay_15a63440f6774c,not_received,electronics,671,0,30657.2,True,False,0
pay_4c9b3615342e4a,fraud,electronics,13,4,20168.33,False,False,0
pay_9548ccdd51b541,fraud,digital_services,975,0,2988.82,True,False,0
pay_a6249aaaff3f4e,fraud,electronics,458,0,20252.21,True,False,0
pay_57e74105fa1f41,fraud,apparel,576,0,3276.73,True,False,0
pay_471019442e2247,not_received,electronics,1146,0,25539.38,False,False,0
pay_182ad31bc73a4e,not_received,apparel,3,5,2961.26,False,True,1
pay_496ec36a2cff42,fraud,electronics,897,0,18209.7,True,False,0
pay_fc7c3bff71ef41,damaged,apparel,331,0,1594.77,True,False,0
pay_d057e3fe719a48,not_received,apparel,994,0,2170.57,True,False,0
pay_cc9c0e54c9db4d,damaged,digital_services,10,5,3027.52,False,True,1
pay_f7b798d568f647,not_received,electronics,1407,1,29227.95,False,False,0
pay_8eca3f0dd5d74c,not_received,electronics,1011,0,19192.71,False,False,0
pay_2bce167ecc3045,fraud,electronics,104,0,24038.3,True,False,0
pay_ab52ae4f6db441,fraud,digital_services,1467,0,4403.17,True,False,0
pay_6eb29b140e7145,fraud,apparel,7,2,1993.14,False,True,0
pay_a323737c77f749,not_received,apparel,1324,0,4075.37,False,False,0
pay_82585e4960d14b,fraud,electronics,833,0,31589.14,True,False,0
pay_e18886e51bed42,not_received,apparel,452,0,4124.28,True,False,0
pay_f3a9a3cc663743,fraud,electronics,494,0,25833.33,True,False,0
pay_08a4a919b35041,damaged,electronics,1208,0,29318.16,True,False,0
pay_399f7031e84943,fraud,apparel,1107,0,2632.42,True,False,0
pay_c7fa0ad5caf142,fraud,electronics,31,1,18092.32,True,False,0
pay_a50dd1516bcf45,fraud,apparel,1123,0,4835.81,False,False,0
pay_c78c84e6b5b54c,not_received,digital_services,289,0,3691.24,True,True,1
pay_36fbb7b888eb4c,fraud,digital_services,205,0,4026.34,True,False,0
pay_728aba7d865348,not_received,apparel,1494,0,4928.6,True,False,0
pay_2d22782e0c9044,fraud,electronics,1374,0,23972.23,True,False,0
pay_55b1e2fca57c47,fraud,apparel,4,2,1840.88,True,True,1
pay_070e5fb1b00548,damaged,electronics,1171,0,26683.66,True,False,0
pay_3aa90625c9404c,fraud,electronics,720,0,30513.4,True,False,0
pay_84d2d54c045c44,damaged,apparel,5,6,2414.16,False,True,1
pay_0520ab0c6dec47,damaged,digital_services,362,0,2348.51,True,False,0
pay_4dc8a77c620d41,fraud,electronics,703,0,29002.88,True,False,0
pay_f7a50c8e49d645,fraud,electronics,962,0,29068.87,True,False,0
pay_a82491b6c4954e,fraud,apparel,724,0,2688.77,True,False,0
pay_5048e78ca8ac48,not_received,electronics,381,0,24311.39,True,False,0
pay_e7ed3089547e42,not_received,apparel,329,0,3299.44,False,False,0
pay_40a4c813e79d41,not_received,electronics,236,0,22837.55,True,False,0
pay_e208aa5abdb542,not_received,electronics,1169,2,31107.75,True,False,0
pay_c91bd29de77a4d,fraud,apparel,7,4,3019.89,False,True,0
pay_9a2d70066f044b,damaged,digital_services,873,0,2918.58,False,False,0
pay_f0be8be0cdeb43,not_received,apparel,1447,0,3190.6,True,False,0
pay_da5de9de25324a,not_received,digital_services,373,0,3575.97,True,False,0
pay_a1c25e86f32947,damaged,electronics,1325,0,30793.97,True,False,0
pay_a917164c9c0842,not_received,digital_services,1,3,2848.35,False,True,1
pay_2a6a1e8b450041,fraud,electronics,1093,0,16425.64,True,False,0
pay_68c4d9be8d9f41,not_received,digital_services,268,1,2711.89,False,False,0
pay_3647cc7b610b46,not_received,apparel,890,0,4580.86,True,True,1
pay_84c30e86957d49,fraud,electronics,667,0,20706.86,True,False,0
pay_ef9d6e5ae1b64d,damaged,electronics,1020,0,24807.6,False,False,0
pay_f3cc2557420949,fraud,apparel,275,0,2363.29,True,False,0
pay_5a9e5786bdef4b,not_received,electronics,537,0,23314.29,True,False,1
pay_491627c2fcf346,not_received,digital_services,494,0,4266.31,True,False,0
pay_78f5be918d894f,fraud,electronics,988,0,25052.59,False,False,0
pay_c51ddf9fee044e,damaged,electronics,1076,1,25732.37,True,False,0
pay_7936d1f6855141,damaged,electronics,168,0,23605.24,True,False,0
pay_b9d4ef63907348,not_received,electronics,564,0,21276.01,False,False,0
pay_bf2e65afd4e94a,fraud,apparel,1043,0,3323.38,False,False,0
pay_6bc5720d05c64f,fraud,apparel,354,2,1428.2,True,False,0
pay_8e44b91d51f94a,fraud,digital_services,465,0,3322.62,True,False,0
pay_a15353b2d24948,fraud,electronics,516,0,19667.9,True,False,0
pay_df0482a1e90e46,not_received,digital_services,1370,0,3321.1,True,False,0
pay_c0262e994f764a,damaged,electronics,1314,0,22992.27,True,False,0
pay_8de23b298be549,not_received,digital_services,260,0,2544.38,True,False,0
pay_1f05582dfbca45,damaged,electronics,1070,0,28192.33,True,False,1
pay_fb2e9ed3b4f846,not_received,apparel,628,0,3541.73,True,False,0
pay_4d0a659dcf7c41,not_received,apparel,1343,0,3011.48,True,False,0
pay_6bac7478054241,damaged,electronics,123,0,26608.61,True,False,0
pay_a3184cfba86c41,not_received,electronics,504,0,22502.33,True,False,0
pay_58488262b6d745,damaged,apparel,685,0,3799.19,False,False,0
pay_749db00be2874c,fraud,electronics,662,1,27718.67,True,False,0
pay_27463faca0c84c,fraud,apparel,1417,0,4289.11,True,False,0
pay_20df25ab9e5e4d,damaged,apparel,892,0,2202.5,True,False,0
pay_4a7a9f89c1ca48,not_received,apparel,1105,0,4883.02,False,False,0
pay_0b014f9a5d824b,damaged,digital_services,152,0,1909.58,True,False,0
pay_85edc97672c942,damaged,electronics,1329,0,20876.13,True,False,1
pay_beadc4342b3f4d,fraud,electronics,1485,0,28149.88,True,False,0
pay_f412be2d0ce643,not_received,electronics,7,3,28278.88,False,True,1
pay_4486ef5ab67241,fraud,apparel,1151,0,2212.34,True,False,0
pay_8a4ea110551e43,not_received,digital_services,1482,0,1647.12,True,False,0
pay_e4e2645f7e4c48,not_received,digital_services,1005,0,2808.44,False,False,0
pay_728411b9cb994f,fraud,digital_services,1036,0,1171.93,True,False,0
pay_6b0790c60b7d47,not_received,digital_services,250,0,3368.03,True,False,0
pay_063c275172344e,not_received,digital_services,1486,1,2098.69,True,False,0
pay_366848d7b5b649,fraud,electronics,773,0,26392.15,True,False,0
pay_bb87d7f8147f41,damaged,digital_services,1493,0,3300.78,True,False,0
pay_046455461a7446,not_received,apparel,583,0,3260.65,True,False,0
pay_5dd493a1a94c44,damaged,electronics,711,0,14689.53,True,True,1
pay_e5f1e895863a4f,fraud,electronics,1285,0,25314.49,True,False,0
pay_ee03fa29b3044d,fraud,electronics,242,0,23517.14,True,False,0
pay_04d3666c872342,not_received,apparel,1152,0,2801.55,True,False,0
pay_6ff6c071bad045,fraud,apparel,686,0,3149.53,True,False,0
pay_5614a178f1cb40,damaged,electronics,392,0,29229.89,True,False,0
pay_955f1db2c72444,fraud,apparel,185,0,4246.33,True,False,0
pay_b1ade2cb64e042,not_received,electronics,1268,2,33956.49,True,False,0
pay_7e48a49e79ec40,not_received,digital_services,1020,0,1647.96,True,False,0
pay_625ba6338c9f47,fraud,apparel,588,0,2955.23,True,False,0
pay_0a45a278225d40,fraud,digital_services,1434,1,2513.59,False,False,0
pay_06f856fe6c2f4e,not_received,electronics,552,0,25410.09,True,False,0
pay_527d52690f3f4b,not_received,digital_services,350,0,4052.56,True,False,0
pay_61eafd5a377940,fraud,electronics,3,6,23556.18,False,True,1
pay_6857e38de8824d,damaged,apparel,1498,0,3812.09,True,False,0
pay_14cc16d0fd2747,fraud,apparel,584,0,2208.13,True,False,0
pay_90febec7d09846,not_received,apparel,1220,1,3532.63,True,False,0
pay_4707871c631543,not_received,digital_services,286,0,2199.7,True,False,0
pay_e2d3a2319b7343,fraud,apparel,806,0,1958.04,False,False,0
pay_a9086bf788cf47,damaged,digital_services,261,0,3715.5,False,False,0
pay_04f92a23e09645,fraud,electronics,1266,0,37194.89,True,False,0
pay_fc27440dbf064a,fraud,electronics,103,0,28566.71,True,False,1
pay_95c2d4c4e3ef47,fraud,apparel,934,0,4718.59,True,False,0
pay_eda65e6f5cd54b,not_received,electronics,1440,0,22874.65,True,False,0
pay_faf8258fb4654d,not_received,digital_services,1283,0,3714.84,True,False,0
pay_341ce05ee23c43,not_received,apparel,71,1,3446.5,True,True,1
pay_a9e186b8aeaf41,fraud,apparel,6,5,3427.86,False,True,1
pay_3ba049ee61bb41,fraud,apparel,123,0,3717.15,True,True,1
pay_2205d06084d842,damaged,apparel,786,0,3324.33,False,False,0
pay_019633584d8e43,fraud,electronics,7,6,25476.2,False,True,0
pay_28186e56115b4a,damaged,apparel,4,3,3230.14,False,True,1
pay_d0c9712c78fb41,fraud,apparel,1317,0,2592.5,True,False,0
pay_f716ac11720d42,damaged,digital_services,1098,1,4245.12,True,False,0
pay_aca1417106e04c,fraud,electronics,695,0,20295.6,True,False,0
pay_1af10ebcbb904a,not_received,apparel,256,1,3317.68,True,False,0
pay_c8e7a0d025834e,fraud,electronics,1028,0,22620.54,True,False,0
pay_83a8ee5f985f42,fraud,electronics,976,0,39772.17,True,False,0
pay_c573134610b548,fraud,apparel,1342,0,2153.99,True,False,0
pay_fb84e05005e74d,fraud,electronics,408,0,31204.92,False,False,0
pay_8b4e78866be745,fraud,apparel,902,0,2956.43,True,False,0
pay_225592ef0f604e,not_received,apparel,1389,1,3519.9,True,False,0
pay_86248dfbd1c843,not_received,electronics,718,0,16684.93,False,False,0
pay_d640365f95d242,not_received,apparel,310,0,2219.36,True,False,0
pay_0e16b0d3459849,not_received,electronics,1003,0,34082.43,True,False,0
pay_31baa085d55c4a,not_received,digital_services,742,0,2077.54,True,False,0
pay_f5bd070d69d947,not_received,electronics,1012,1,27593.71,True,False,0
pay_5439e060f8f94b,not_received,electronics,675,0,25426.89,True,False,0
pay_0b201682317541,not_received,apparel,185,0,2628.31,True,False,0
pay_6f18744d81744f,damaged,digital_services,11,5,3426.59,False,True,1
pay_f394966d4d844c,fraud,digital_services,907,1,2339.89,True,False,0
pay_623af98f7bd542,fraud,electronics,3,6,17577.36,False,True,0
pay_57417eac3cb346,not_received,electronics,13,3,29593.42,False,True,0
pay_c812a7a9c2c540,fraud,apparel,6,3,4414.55,False,False,0
pay_c242b08ffd434d,damaged,digital_services,1124,0,2025.65,True,False,0
pay_8e8cc35c7e5e41,damaged,electronics,915,0,16877.57,True,False,0
pay_6cd2f80e229849,fraud,apparel,7,4,2726.99,False,True,0
pay_3250ae85a7774c,fraud,electronics,285,0,23947.52,True,False,0
pay_21f499e570ad4c,not_received,electronics,1230,0,25284.92,True,False,0
pay_24f1851561bf47,not_received,apparel,511,1,270.75,True,False,0
pay_6e676291dbc04b,fraud,electronics,6,4,20079.03,False,True,1
pay_e2413da1c26b43,not_received,electronics,405,0,25252.04,True,False,0
pay_84f6737487c54f,not_received,electronics,13,2,24578.67,False,True,0
pay_20cc5b68b80044,fraud,apparel,973,1,3243.22,True,False,0
pay_3565f965fa8446,fraud,electronics,1468,0,16188.71,True,False,0
pay_495b674a126748,not_received,apparel,949,0,2874.58,True,False,0
pay_c96804a3fe9240,fraud,digital_services,740,0,3182.77,True,False,0
pay_a80b02aa036e44,damaged,electronics,13,6,20136.46,False,True,1
pay_f25aaca45ea14e,not_received,apparel,1007,0,3341.5,True,False,0
pay_337ccf679a5c48,not_received,digital_services,1363,0,2355.69,True,True,1
pay_5cac88ba673140,damaged,electronics,534,0,25428.63,False,False,0
pay_a22c578cf9af41,damaged,electronics,284,0,28938.9,True,False,0
pay_856e2089ff4d47,fraud,electronics,580,0,21356.48,True,False,0
pay_81dcef19cf1c4e,fraud,apparel,8,2,1881.17,False,True,0
pay_ff93e1bfa68341,not_received,apparel,358,0,3355.44,True,True,1
pay_c850a8788f7646,not_received,electronics,1169,0,22667.43,True,False,0
pay_2ae61f619c484e,fraud,digital_services,1,4,2866.84,False,True,0
pay_86ebb18bbc294f,damaged,apparel,305,2,3386.19,True,False,0
pay_3bc2631facb148,fraud,electronics,1184,0,15751.92,True,False,0
pay_c8663ebb94514d,fraud,apparel,632,0,2721.02,True,False,0
pay_2fdf7a2a905046,fraud,electronics,91,0,25657.82,True,False,0
pay_2668a54103284e,not_received,apparel,738,0,3700.07,False,False,0
pay_9994d40fd19b45,not_received,electronics,481,0,34079.39,True,False,0
pay_9607d0b9d99843,fraud,apparel,176,2,4754.57,True,False,0
pay_5bd22bc8215345,fraud,electronics,813,0,27391.84,False,False,0
pay_e38950c6d38a45,fraud,apparel,237,1,3953.58,True,False,0
pay_4c4042dfb49a41,not_received,electronics,8,2,25188.75,False,True,0
pay_2b13f490c23543,fraud,apparel,1493,0,3661.4,True,False,0
pay_c93f0deae4434b,damaged,electronics,1497,0,30901.44,True,False,0
pay_1e0ce2e081ac4d,fraud,electronics,831,0,21694.09,True,False,0
pay_9a7aaeb869e14d,damaged,electronics,1250,0,28743.68,True,False,0
pay_5c1c3d9e1fcf44,fraud,electronics,493,2,25839.84,True,False,0
pay_ad4db406e56e4c,not_received,apparel,607,0,3834.0,True,False,0
pay_e7c162c2987941,fraud,digital_services,810,0,3384.5,True,False,0
pay_04afddd930ff49,fraud,apparel,509,0,2747.81,True,False,0
pay_10a84b279a3246,damaged,digital_services,912,0,2330.91,False,False,0
pay_9e42f9d8c0324d,damaged,electronics,178,0,21333.34,True,False,0
pay_ee3d052396764b,not_received,electronics,473,0,27252.18,True,False,0
pay_fcc2ce02439349,not_received,apparel,1249,0,3210.55,True,False,0
pay_6589e521ecf843,not_received,digital_services,135,0,5001.68,True,False,0
pay_1c9167b03c834b,damaged,apparel,459,0,1299.39,True,False,0
pay_9dd09bf564b349,fraud,electronics,301,0,25687.07,True,False,0
pay_796ae36fae724d,not_received,electronics,1236,0,28392.43,True,False,0
pay_c787ba16402041,not_received,electronics,1192,0,20773.45,True,False,0
pay_537b9f7e62214a,fraud,electronics,8,5,20458.38,False,True,0
pay_7b248a7c9ebe4a,damaged,apparel,10,2,3570.85,False,True,1
pay_c3037fb69bcf4a,fraud,electronics,1170,0,23595.15,True,False,0
pay_eea5dbf727e24e,fraud,digital_services,721,2,2491.75,True,False,0
pay_25c2aa77f54144,not_received,digital_services,10,3,2809.66,False,True,0
pay_c1f81b7e3c0448,not_received,digital_services,7,6,3140.01,False,True,0
pay_bb5c50b31b854a,fraud,digital_services,3,2,1126.78,False,True,0
pay_591ef020527a49,fraud,electronics,808,0,21813.2,True,False,0
pay_349f8cc21a5947,damaged,digital_services,1175,2,2487.31,True,False,0
pay_de2dd71eb3164e,fraud,electronics,36,0,22062.41,True,False,0
pay_26d0870d819148,not_received,digital_services,1388,0,2188.93,True,True,1
pay_dc2a994ae6d64a,not_received,electronics,941,0,24318.85,True,False,0
pay_fff18458c44640,not_received,apparel,9,5,3354.64,False,True,0
pay_633c3ad5c5a544,damaged,electronics,290,0,24443.39,True,False,0
pay_0cbf028369104a,not_received,electronics,754,0,21572.8,True,True,1
pay_384aff1f0b784b,not_received,digital_services,13,3,2903.64,False,False,0
pay_dd0a40eb5f3444,not_received,digital_services,1452,2,1964.51,False,False,0
pay_7dd699078b8440,not_received,apparel,419,0,3899.19,True,False,0
pay_324b8a91d46941,not_received,apparel,846,0,2897.47,True,False,0
pay_7b5aea16b25741,damaged,apparel,2,4,1571.72,False,True,1
pay_ca1a666a422444,fraud,electronics,1417,0,27914.73,True,False,0
pay_855a5a1025544f,fraud,apparel,464,0,3454.32,True,False,0
pay_40aae91b8f7146,fraud,apparel,650,0,2495.82,True,False,0
pay_dbcb2a9ab8ce47,fraud,apparel,1402,2,4259.95,True,False,0
pay_5f69d5d16c5b4c,fraud,digital_services,862,0,3930.6,False,False,0
pay_e5b0ad7c1bb44b,damaged,apparel,486,0,2402.34,True,False,0
pay_b47ed169a0bd41,not_received,apparel,236,0,2548.97,True,False,0
pay_05fd460afc684c,not_received,digital_services,654,0,2705.5,True,False,0
pay_584d47b90c0846,not_received,digital_services,1022,1,2926.71,True,False,0
pay_3dbdce73c2a04f,damaged,digital_services,1077,0,810.36,False,False,0
pay_83318f344bb54f,not_received,apparel,1362,0,1500.2,True,False,0
pay_4434e86ed2c446,damaged,electronics,35,0,26781.27,True,False,0
pay_8dbd852ac26f43,fraud,electronics,1256,0,22194.97,False,False,0
pay_cd750eca025045,damaged,electronics,4,5,26810.94,False,True,1
pay_e6c7f92d150345,not_received,apparel,2,3,2763.75,False,True,1
pay_570d93c27b7e4f,fraud,electronics,1113,0,21147.41,True,False,0
pay_b9cce92ea27e43,not_received,apparel,838,0,3173.64,True,False,0
pay_91464389f1b742,not_received,digital_services,1003,0,5056.76,False,False,0
pay_1715df34016b4f,fraud,digital_services,551,0,3843.12,True,False,0
pay_637fc83b4d7e40,not_received,electronics,622,0,27241.15,True,False,0
pay_99ffee32c62f41,fraud,electronics,122,0,26748.48,True,False,0
pay_8d6b7d4aea2f49,fraud,digital_services,355,0,4628.31,True,False,0
pay_4a2a3337c7cb4c,damaged,apparel,676,0,3222.12,True,False,0
pay_3011c43bd93845,not_received,digital_services,290,0,2913.58,True,False,0
pay_274c104950a149,damaged,digital_services,1080,2,3885.09,True,False,0
pay_05be013b937645,not_received,apparel,1216,0,1835.07,True,False,0
pay_afd83cee171242,fraud,electronics,302,0,29177.84,True,False,0
pay_00364cbcb06946,not_received,apparel,730,0,2423.72,True,False,0
pay_6d9a4a8889df43,not_received,apparel,862,0,1850.09,True,False,0
pay_8a9f7b5b8e6a4f,damaged,electronics,300,0,27220.76,False,False,0
pay_32148896d6da4e,fraud,apparel,515,0,4215.73,True,False,0
pay_1b3c2e2c95ad4b,damaged,digital_services,10,5,2643.64,False,False,0
pay_d7627f3930bf4b,damaged,electronics,488,0,31007.6,True,False,0
pay_7b57f06f648448,not_received,digital_services,81,0,5879.48,False,False,0
pay_c2e9e05dd1a941,damaged,apparel,328,0,2294.21,True,False,0
pay_55ebf6d2ac7040,fraud,digital_services,654,0,1884.78,True,False,0
pay_b9949d4a00ef46,damaged,electronics,1288,1,30201.72,True,False,0
pay_70f09916442643,not_received,electronics,1237,2,27353.66,True,False,0
pay_eed070fc6c9e49,fraud,electronics,619,0,27969.44,True,False,0
pay_a0ec41b829ca46,damaged,electronics,1130,0,16324.92,True,False,0
pay_2668881c9f0942,not_received,electronics,11,6,28568.0,False,False,0
pay_2f98b9a6f99048,not_received,digital_services,397,2,3427.84,True,False,0
pay_e3a08d5f9c594e,not_received,apparel,770,0,4038.51,True,False,0
pay_2b6c0a8f7a3d4d,fraud,digital_services,811,0,1938.9,True,False,0
pay_4923e989a5c148,not_received,apparel,1258,2,3900.76,True,False,0
pay_947d148d7fb741,damaged,electronics,140,0,24187.51,True,False,0
pay_c9e1e5ca69e742,fraud,apparel,77,1,2168.36,True,False,0
pay_80ea23e2a2e640,fraud,digital_services,1187,0,2531.75,True,True,1
pay_a26ee568950849,fraud,apparel,12,3,2825.14,False,True,1
pay_0a926b3f087d47,not_received,electronics,116,0,22654.06,True,False,0
pay_081ed32cab4847,not_received,digital_services,834,0,3663.6,True,False,0
pay_83547cfed84341,not_received,electronics,774,0,23135.66,True,False,0
pay_cd242f8d48fa49,damaged,apparel,278,0,4576.87,True,False,0
pay_921c9f435c0342,not_received,apparel,12,4,2985.19,False,True,0
pay_64e741ddb1034a,fraud,electronics,6,2,31722.67,False,True,0
pay_d3c4d48705f643,damaged,electronics,253,0,20082.53,True,False,0
pay_8b47e07e6a364c,not_received,digital_services,990,2,3029.29,False,False,0
pay_fa0925cfd4404a,not_received,digital_services,673,0,3519.3,False,False,0
pay_21c4cab1e0994d,not_received,apparel,520,2,3178.31,False,False,0
pay_ad8679e2ec5742,damaged,electronics,11,3,25260.86,False,True,1
pay_8268137470f847,not_received,electronics,703,0,23262.96,True,False,0
pay_95ec636d3fc143,fraud,electronics,315,0,22088.13,True,True,1
pay_fd428361506542,not_received,apparel,196,0,4722.94,True,False,0
pay_e6903b39c36244,fraud,electronics,11,3,25464.61,False,True,0
pay_acb7f8f977aa4e,fraud,electronics,452,0,23550.06,True,False,0
pay_e9072d4806e04d,not_received,apparel,1381,0,3657.44,True,False,0
pay_974e27b5425c4b,fraud,apparel,1015,0,1756.19,False,False,0
pay_6e5c6887066b47,fraud,digital_services,635,0,4042.38,True,False,0
pay_46d02d59ee2640,fraud,apparel,666,0,4655.63,True,False,0
pay_c6038e65e6a04c,not_received,apparel,1315,0,3777.93,True,False,0
pay_26188cb4660e49,damaged,electronics,442,0,23279.42,True,False,0
pay_702e5cd4bff747,damaged,apparel,939,0,3233.42,True,False,0
pay_e0a05f83cc1341,fraud,apparel,1016,0,4828.43,True,False,0
pay_f4a34997fb9348,not_received,apparel,10,3,2395.82,False,True,1
pay_f837a42cf4d440,damaged,apparel,2,5,2448.65,False,True,1
pay_06149ef5d31a4c,fraud,apparel,13,6,2672.96,False,True,0
pay_63711e75329549,not_received,digital_services,457,0,3809.17,True,False,0
pay_186f486e7fe44c,not_received,apparel,966,0,2959.47,True,False,0
pay_7227f8126c8647,fraud,apparel,10,5,2654.37,False,False,0
pay_f949ceb5d77e4e,damaged,apparel,142,1,3082.03,True,False,0
pay_5648ad0b0e5a43,damaged,electronics,770,0,25939.52,False,False,0
pay_593ca3f74d2048,fraud,apparel,4,6,2322.83,False,False,0
pay_8a06b066ceca47,fraud,digital_services,1150,0,3566.93,False,False,0
pay_1334e53382284b,fraud,electronics,34,0,28088.01,True,False,0
pay_bdecc021a5e94e,fraud,electronics,1100,0,20848.13,True,False,0
pay_e294aa9f9a8c46,not_received,apparel,430,0,4073.73,True,False,0
pay_0c85dc54b35740,not_received,electronics,4,4,13542.76,True,False,0
pay_4fbc8efb2d1843,fraud,apparel,711,0,932.74,False,True,1
pay_28042ed74c5444,damaged,electronics,7,5,27631.9,False,True,1
pay_07d35f34bf2046,fraud,apparel,1359,0,3631.74,True,False,0
pay_fca0e7c45cfd4a,fraud,apparel,1,5,3296.31,False,True,0
pay_929a5a61969949,fraud,apparel,349,0,2883.0,True,False,0
pay_1c4661b694264f,not_received,electronics,1057,0,29526.76,True,False,0
pay_bd64a4cf198b4c,not_received,electronics,918,0,23737.39,True,False,0
pay_0cceb875c0ae45,fraud,electronics,420,1,23783.42,True,False,0
pay_41fd4bc2044941,fraud,apparel,620,1,1859.74,False,False,0
pay_e1787c53c3bb4c,damaged,electronics,731,0,27344.49,True,False,0
pay_923f068f88c941,damaged,apparel,856,0,2885.7,True,False,0
pay_bf584c4356314a,fraud,apparel,1202,0,3446.63,True,False,0
pay_e0847fd4107948,fraud,electronics,301,0,15131.79,True,False,0
pay_a247878c309d47,not_received,electronics,1379,0,21673.01,True,True,1
pay_c4a0bbbfa3f84d,not_received,electronics,938,0,19653.92,False,True,1
pay_f1ff4c7c1da14f,fraud,apparel,8,2,5018.85,False,True,0
pay_4747cb58c60d4c,damaged,electronics,858,0,22218.1,True,False,0
pay_db8bb9cfb2c145,not_received,electronics,928,0,27254.01,True,False,0
pay_b70565a77fa24e,not_received,electronics,971,0,26813.33,True,False,0
pay_e2c10b0e6b6d46,not_received,digital_services,1499,1,1888.4,True,False,0
pay_cf074a19771848,damaged,apparel,52,0,2780.44,True,False,0
pay_a9f0387590b745,not_received,digital_services,1306,2,2878.72,True,False,0
pay_4331c10f8bd94a,fraud,electronics,827,0,23762.39,True,False,0
pay_a670b76b37ff44,fraud,electronics,744,0,30361.92,True,False,0
pay_bed5c293d0b74e,not_received,electronics,1107,0,25634.71,True,False,0
pay_e3d3d513988f42,fraud,digital_services,945,1,4242.39,True,False,0
pay_ba0c70d90bd64c,not_received,electronics,1311,0,29100.85,True,False,0
pay_b2d407924a4e42,damaged,apparel,1151,0,808.1,False,False,0
pay_44879dc3b64c4a,not_received,electronics,686,0,25122.77,False,False,0
pay_cf813c468ce142,damaged,apparel,1036,0,2401.05,True,False,0
pay_b47152c0acdf4a,fraud,electronics,1250,0,32830.33,True,True,1
pay_5f4dc01461da49,damaged,apparel,895,0,2651.8,False,False,0
pay_a8edcfef24b043,not_received,digital_services,1250,0,2919.88,True,False,0
pay_d3868edd3c3f41,fraud,apparel,1157,0,186.68,False,False,0
pay_01e374eeaf534b,not_received,apparel,138,0,2129.6,True,False,0
pay_4d4a31f1d5a34e,fraud,apparel,485,1,2410.95,True,False,0
pay_67af7b5bf4f947,not_received,digital_services,865,0,3160.92,True,False,0
pay_1f12beee54e44f,not_received,electronics,1352,0,20359.88,True,False,0
pay_97cda6120d7f45,fraud,electronics,937,0,24149.48,True,True,1
pay_61076ac7ad8c46,not_received,apparel,752,0,2657.93,True,False,0
pay_9404dc4e64b941,not_received,apparel,4,3,3978.98,False,True,1
pay_14a94de68b4b4d,fraud,digital_services,761,0,4391.44,True,False,0
pay_c776c631a3b943,fraud,apparel,1403,0,3746.97,True,False,0
pay_f76a3b93aec941,not_received,apparel,995,2,4000.78,True,False,0
pay_a9c7bff9f5974e,not_received,electronics,262,0,31525.98,True,False,0
pay_5b41d2b729f141,damaged,apparel,410,0,2896.33,True,False,0
pay_efd04075bd364d,damaged,apparel,10,5,3038.87,False,False,0
pay_8b628231dacb45,not_received,apparel,1423,0,4451.79,True,False,0
pay_2ff1c637583947,not_received,electronics,940,0,26182.04,True,False,0
pay_c9482f60fd7b44,not_received,digital_services,656,2,2900.5,True,True,1
pay_1050464a03af41,not_received,electronics,1317,0,19006.77,True,False,0
pay_c0c2ace212a446,fraud,electronics,834,0,18603.54,False,False,0
pay_4b256ebf995144,fraud,digital_services,5,4,2698.55,False,True,1
pay_66349848f1e74d,not_received,apparel,1379,0,2331.85,True,False,0
pay_d9098cd6c28146,fraud,apparel,285,0,2700.8,False,False,0
pay_745335a3863647,not_received,digital_services,568,0,2537.7,True,False,0
pay_37a9855912a54e,damaged,electronics,360,0,27042.23,True,False,0
pay_1a244d9cd0a447,fraud,electronics,538,0,25559.97,True,False,0
pay_c9e1f343860d49,not_received,apparel,3,3,2841.95,False,False,0
pay_dfe5e6e8037240,damaged,electronics,1001,0,17058.13,True,True,1
pay_8c00b958aa5e45,not_received,digital_services,8,5,1228.21,True,True,1
pay_9c517895b5be45,fraud,digital_services,1112,0,4305.83,True,False,0
pay_05a23a3a595e45,fraud,electronics,658,0,20915.03,True,False,0
pay_3691d8d0039141,not_received,digital_services,1020,0,3419.34,False,False,0
pay_defa293686b248,not_received,electronics,5,4,17493.61,False,True,0
pay_d67f338c952343,fraud,apparel,3,2,3291.5,False,True,0
pay_d3d83d08f4fb40,fraud,digital_services,840,1,771.74,True,False,0
pay_5117121cbeb147,damaged,digital_services,1488,0,2829.16,True,False,0
pay_363d3c7a5bb445,not_received,electronics,113,0,20752.36,True,False,0
pay_34f41c598dd44f,damaged,electronics,867,0,21182.32,False,False,0
pay_6e2cd517e33a4e,not_received,electronics,5,3,25024.03,False,True,1
pay_66b71eaecf574e,damaged,apparel,504,0,2056.47,True,False,0
pay_ff6e5498f28d47,fraud,apparel,6,5,3843.51,False,True,1
pay_4832751c4ba04e,not_received,electronics,943,0,20395.03,True,False,0
pay_0ed7ea09bf5248,fraud,apparel,1073,0,4854.37,True,True,1
pay_e719e4c81ef748,not_received,digital_services,486,0,4299.28,True,False,0
pay_efce8b904e1245,not_received,apparel,1093,0,3088.4,False,False,0
pay_326a2ddc9c284b,fraud,electronics,937,0,25003.8,True,False,0
pay_09ff398ca6354d,damaged,digital_services,695,0,3609.43,True,False,0
pay_a58464f9323041,damaged,electronics,382,0,26910.33,False,False,0
pay_5931d5327a1240,fraud,apparel,11,2,3487.94,False,True,0
pay_c3517442cd5d44,not_received,electronics,915,1,18740.02,False,False,0
pay_c4706adf48dd4e,fraud,apparel,1495,0,3052.29,True,False,0
pay_1fc6f7a483234c,not_received,apparel,214,0,2542.76,True,False,0
pay_cafbefca0fd245,damaged,apparel,669,0,3400.11,True,False,0
pay_c53319f05da041,fraud,apparel,678,0,3714.72,True,False,0
pay_ce7747e37a1842,damaged,electronics,1447,0,20295.18,False,True,1
pay_c69ca08fc2e443,fraud,apparel,4,2,3786.61,False,True,0
pay_42c6e272a7a14d,not_received,apparel,1208,0,1014.94,True,False,0
pay_8c6d846c0bd546,not_received,electronics,622,0,25556.22,True,False,0
pay_fa8661db1c3c4a,fraud,digital_services,209,0,2474.4,True,False,0
pay_7ed99db9edd644,fraud,digital_services,881,2,3847.27,True,False,0
pay_a077cbc0397c46,damaged,digital_services,1245,0,1340.98,True,False,0
pay_38ebac2605184d,not_received,apparel,1235,2,2724.87,True,False,0
pay_e0e92a57cd3944,fraud,electronics,6,4,14996.17,False,True,0
pay_96b300fa291a4b,not_received,apparel,1212,0,1069.1,False,False,0
pay_00dc652f17f348,fraud,digital_services,1006,0,3067.64,True,False,0
pay_feeb054b20bd43,fraud,electronics,784,0,38093.37,True,False,0
pay_cb8007b2f4a743,not_received,apparel,206,0,4562.08,True,False,0
pay_10aec66b594145,fraud,electronics,232,0,26953.66,True,False,0
pay_caeae0b2de6649,damaged,electronics,952,0,20613.68,True,False,0
pay_631b5875f5224c,not_received,electronics,554,0,25146.22,True,False,0
pay_188af74d777f41,damaged,digital_services,971,0,3969.25,True,False,0
pay_da613f10dae742,not_received,apparel,456,0,2991.5,True,False,0
pay_449e9857bc8945,damaged,electronics,273,1,26068.92,True,False,0
pay_9a1081412b974e,not_received,apparel,901,0,3242.92,True,False,0
pay_022d4042da064c,not_received,electronics,916,0,24566.82,False,False,0
pay_af3ab117ca3c47,damaged,apparel,1409,0,3311.78,True,False,0
pay_de9e89ceb1b042,not_received,digital_services,3,5,2902.72,False,True,1
pay_c048db6b9dc44c,fraud,apparel,48,0,2190.68,True,True,1
pay_fecbfaf9121f44,not_received,apparel,826,0,3649.41,True,False,0
pay_43a89011843143,damaged,apparel,628,0,3393.1,True,False,0
pay_36655e3475f541,not_received,apparel,1264,0,3032.7,True,False,0
pay_c9d6a9e72f3f40,not_received,apparel,992,1,978.17,True,False,0
pay_94d04e61c5384f,not_received,digital_services,13,5,2347.64,False,False,0
pay_d10f55c8579f43,damaged,apparel,1066,0,2276.26,True,False,0
pay_7ad2720e52a64a,fraud,digital_services,12,2,4731.82,False,True,0
pay_274b571893c343,not_received,digital_services,373,0,2382.07,True,True,1
pay_66c0539ec6144a,fraud,apparel,448,1,4724.96,True,False,0
pay_8ee61142d5b946,not_received,digital_services,13,5,4256.52,False,True,0
pay_e8e524c189f049,not_received,electronics,580,0,25507.08,True,False,0
pay_8041cf8c66574f,fraud,apparel,588,0,1247.34,True,False,0
pay_338b3b2d04c64b,fraud,apparel,702,0,1612.56,True,False,0
pay_6933df81cc004a,not_received,apparel,376,0,3924.1,False,False,0
pay_e30e9fa0f1a342,fraud,digital_services,9,6,2428.09,False,True,1
pay_dda32da8f65143,fraud,electronics,574,0,15077.8,True,False,0
pay_2abb0547736042,damaged,electronics,718,0,28831.72,True,False,0
pay_6bece365940045,fraud,digital_services,1252,0,2079.85,True,False,0
pay_6804bc9edac84e,not_received,electronics,13,3,28093.4,False,True,1
pay_506ffa97f47b44,damaged,electronics,1142,0,18932.65,True,False,0
pay_e988baf99cbe46,fraud,electronics,1404,0,21836.22,True,False,0
pay_7afd49a71e0049,fraud,apparel,810,0,1798.16,True,False,0
pay_e51f9b783d3e4a,not_received,apparel,252,0,3710.64,True,False,0
pay_ef6543625e7947,not_received,digital_services,3,3,3309.24,False,True,0
pay_5fde73c7293341,damaged,electronics,1093,0,18724.92,True,False,0
pay_40fb922d1f3c47,damaged,digital_services,1446,1,1167.32,True,False,0
pay_8d3423a0ced147,not_received,electronics,252,1,24275.7,True,False,0
pay_657e2b49542940,fraud,electronics,1466,0,25295.34,True,False,0
pay_ff112a61671d40,fraud,apparel,161,0,3445.95,False,False,0
pay_71a6f6c038eb4d,fraud,electronics,366,0,20455.11,True,False,0
pay_6a41fa03247149,fraud,electronics,432,1,28576.41,True,False,0
pay_b5fb5b810d9f49,not_received,electronics,5,3,24543.81,False,True,0
pay_cf7b855d5e5146,not_received,electronics,1248,0,15069.27,True,False,0
pay_ee301b98521c4c,fraud,digital_services,10,6,5806.98,False,True,1
pay_1ed1cc205ee14a,damaged,electronics,967,0,28561.37,True,False,0
pay_f08b7cc9a8e242,fraud,digital_services,399,0,1409.97,True,False,0
pay_e380d9099bd745,not_received,digital_services,495,0,2948.67,True,False,0
pay_418d600fcf384e,not_received,electronics,498,0,29795.33,True,False,0
pay_86981bb5c89e48,not_received,apparel,1367,0,3462.04,True,False,0
pay_19b928222e6747,not_received,apparel,685,0,2034.45,True,False,0
pay_8769cb736cc54c,fraud,digital_services,3,2,3026.71,False,False,0
pay_aebe64618ece4b,not_received,digital_services,601,0,2667.46,True,False,0
pay_93765081db8141,not_received,apparel,1,3,3187.03,False,True,1
pay_0d8be5cfead946,damaged,electronics,942,0,18603.71,True,False,0
pay_c7e7e859d01640,not_received,apparel,221,0,4018.57,True,False,0
pay_cee06da11e5b48,not_received,digital_services,318,0,3911.21,True,False,0
pay_df9104d7ae9f40,not_received,apparel,484,0,2868.48,True,False,0
pay_924a3876169741,damaged,digital_services,804,0,2171.44,False,False,0
pay_36eef3ae46b540,fraud,apparel,894,2,2628.65,True,False,0
pay_1c4de04b4b8448,not_received,electronics,802,0,25926.07,True,False,0
pay_282375eee36147,not_received,digital_services,682,0,2467.64,True,False,0
pay_8e0c54ba0cf24e,not_received,digital_services,683,0,3329.97,True,True,1
pay_7e2a2560e12245,fraud,electronics,1124,0,17056.82,True,False,0
pay_dc0769bbdd1b4b,not_received,electronics,188,0,26139.02,True,False,0
pay_d0c2527d1a0847,fraud,apparel,13,6,3965.8,False,True,1
pay_a200369cc0584a,not_received,apparel,907,0,1432.42,True,False,0
pay_7c6277e4cbf742,not_received,electronics,92,0,33025.67,True,True,1
pay_71eb97cd598349,damaged,electronics,669,0,27194.39,True,False,0
pay_51ecd88bbbb74b,not_received,apparel,801,1,2712.0,True,False,0
pay_0261bcc9831447,fraud,electronics,491,0,27046.96,False,False,0
pay_35948349546b40,fraud,electronics,236,0,14981.69,True,False,0
pay_a81b23915c9b48,damaged,apparel,598,1,2276.4,True,True,1
pay_f6f589a8533b4e,fraud,digital_services,1088,0,2844.28,True,False,0
pay_ff74aa5f06eb45,not_received,apparel,383,0,3186.19,True,False,0
pay_2b332e05d4614b,fraud,apparel,1195,0,2077.79,True,False,0
pay_e6d38fc20e8a40,not_received,apparel,12,3,2452.3,False,False,0
pay_8c0e4c99b40a4b,not_received,apparel,949,0,2371.91,True,False,0
pay_b51ea3fb017945,fraud,electronics,1076,0,20862.63,True,False,0
pay_fdd87e7f22d740,fraud,electronics,407,0,33926.84,True,False,0
pay_b5e0fbd4de4f4d,damaged,electronics,1490,0,23411.33,True,False,0
pay_752480f6455b44,not_received,digital_services,1168,0,5393.56,True,False,0
pay_231396145c3547,not_received,digital_services,1,4,4426.95,False,True,0
pay_f92e4aee88484f,damaged,apparel,568,0,1910.19,True,False,0
pay_ed8dada5e5d445,damaged,digital_services,4,2,1715.45,False,True,1
pay_ce4a55e6b34542,fraud,digital_services,498,2,1470.36,True,False,0
pay_ae354a103be643,damaged,digital_services,702,0,2397.4,True,False,0
pay_b61af6ab12a449,fraud,electronics,1017,0,20103.94,False,False,0
pay_b9bb8288f79742,fraud,apparel,120,0,2950.13,True,False,0
pay_6d91d4832e0b4d,damaged,apparel,12,4,3036.57,False,True,1
pay_216075f75f0142,fraud,apparel,1161,0,2522.57,True,False,0
pay_72fb5aadbda849,fraud,electronics,91,0,25954.13,True,False,0
pay_c7db683488c449,fraud,apparel,1131,0,3022.92,True,False,0
pay_687b7c77a3f64a,not_received,apparel,1339,0,2821.7,True,False,0
pay_3b32cfeb86a346,not_received,digital_services,1099,0,3432.99,False,False,0
pay_ba7158c41dbf48,not_received,apparel,2,4,2093.48,False,True,1
pay_38662f9b703d4c,damaged,electronics,430,0,22202.8,True,True,1
pay_470d8386199b4e,not_received,electronics,1027,0,19945.52,True,False,0
pay_824153d45c4346,fraud,apparel,13,3,2640.4,False,True,0
pay_28f875802e7747,damaged,apparel,854,0,3490.25,True,False,0
pay_b53d164b52ce41,fraud,apparel,675,0,4229.25,False,False,0
pay_12f9c59e502046,fraud,apparel,1237,0,4328.39,False,False,0
pay_7c3c8a97c38742,fraud,digital_services,12,2,2903.46,True,True,1
pay_0f58251dda3a45,not_received,electronics,611,0,24976.86,True,False,0
pay_cbc375638be848,fraud,apparel,385,0,2266.71,True,False,0
pay_6f028cae5d5c4b,fraud,digital_services,1409,0,3455.21,True,True,1
pay_5ee26d14a8c54f,fraud,digital_services,2,3,3144.63,False,False,0
pay_eea718ada06447,fraud,electronics,1120,0,24351.89,False,False,0
pay_0919af7a17da45,not_received,electronics,1216,0,24470.82,True,False,0
pay_d0abb7da812b47,damaged,electronics,652,0,36669.88,True,False,0
pay_ecbc2264fae24d,not_received,digital_services,790,2,2019.44,True,False,0
pay_62e3a31d10a140,fraud,apparel,432,1,4560.35,True,False,0
pay_5bcce14966d544,fraud,apparel,360,0,3093.6,True,False,0
pay_0c57479cab1249,damaged,electronics,322,0,28126.77,True,False,0
pay_c0f238d063c842,fraud,electronics,125,0,32853.41,True,False,0
pay_149cbceadaa94e,damaged,apparel,444,0,5286.89,True,False,0
pay_d6bd39e73d0d4a,fraud,apparel,468,0,2839.9,True,False,0
pay_9ef127d011b641,damaged,apparel,883,1,3273.59,True,False,0
pay_144f86f228274b,fraud,electronics,1124,1,31077.45,True,False,0
pay_ab08ca77d41a4c,not_received,electronics,1438,0,24712.3,True,False,0
pay_53cb914b14e24f,not_received,digital_services,1405,0,2318.06,True,False,0
pay_8b0443e198d849,not_received,electronics,339,0,22202.81,False,False,0
pay_805275e2659041,fraud,digital_services,191,0,3611.21,True,False,0
pay_f48f07c5503945,not_received,electronics,1284,0,30044.57,True,False,0
pay_681e2e0f582445,not_received,electronics,1381,0,32489.85,True,False,0
pay_42786a71305a47,fraud,apparel,440,0,3359.81,False,False,0
pay_76754a4d7b2844,fraud,digital_services,328,0,1849.7,True,False,0
pay_39694ad2c82747,not_received,electronics,13,6,23130.93,False,False,0
pay_85d84881884d4e,fraud,apparel,429,0,3778.87,False,False,0
pay_b2963b9e53bd48,not_received,apparel,1434,0,3791.16,True,False,0
pay_d0eabf441e3948,fraud,electronics,540,0,18143.15,True,False,0
pay_c851da817ddf4d,not_received,electronics,747,0,26154.32,True,False,0
pay_be7ba47e75b643,fraud,digital_services,566,0,4634.93,False,False,0
pay_19883c87441049,not_received,electronics,610,1,25824.69,True,False,0
pay_581f0448f90f4c,fraud,apparel,544,0,2450.42,False,False,0
pay_ed267a72165e4b,fraud,digital_services,737,0,2955.51,False,False,0
pay_3372fe24fe1746,fraud,electronics,1256,0,23165.05,True,False,0
pay_9d07e0e6f7364d,damaged,electronics,472,0,22577.72,True,False,0
pay_725676eb55954f,fraud,electronics,218,2,27306.4,True,False,0
pay_79d28eaa400448,not_received,electronics,1395,0,25710.57,True,False,0
pay_5ac3550011ae4e,fraud,electronics,858,0,29181.02,True,False,0
pay_05e35944a0604c,fraud,apparel,3,5,3705.05,False,True,0
pay_427271d1fe2641,not_received,apparel,12,5,3549.68,False,True,1
pay_d7a6df929e7b42,not_received,apparel,949,0,2849.73,True,False,0
pay_37958628ccec45,damaged,digital_services,565,1,3025.9,True,True,1
pay_e72bb6ee2db149,damaged,electronics,1066,0,28922.75,True,False,0
pay_79b6c54b43664e,not_received,electronics,4,3,23993.02,False,True,1
pay_170ac48f552f40,not_received,electronics,734,0,20483.87,True,False,0
pay_7cfa51cc666e44,not_received,electronics,1424,0,24978.97,True,False,0
pay_6e05fe2af71d4d,fraud,electronics,802,0,22151.02,True,False,0
pay_c3f853debe724d,damaged,apparel,138,0,3288.39,False,False,0
pay_7b8177a2702b4e,not_received,digital_services,844,0,4011.52,True,False,0
pay_c9b9e093541a4d,not_received,digital_services,392,0,2840.06,False,False,0
pay_152fd950f1194a,fraud,electronics,4,4,29732.23,False,False,0
pay_63cf5e79c25c42,fraud,digital_services,165,0,2908.54,True,False,0
pay_4f9afa20b73b49,damaged,digital_services,5,6,5385.82,False,True,1
pay_42610798555941,fraud,electronics,747,0,19165.66,True,False,0
pay_3657ba16522e43,not_received,electronics,393,1,25320.55,True,False,0
pay_13fc995722d047,fraud,digital_services,2,2,3503.23,False,True,0
pay_6e491706303a4c,damaged,apparel,110,0,3797.23,True,False,0
pay_0d2a958e31b347,fraud,digital_services,200,0,3110.73,True,False,0
pay_9f9183908fcd42,damaged,apparel,1238,0,956.16,True,False,0
pay_9a9f374579084e,fraud,electronics,2,2,30704.0,False,True,0
pay_d1e7c7bf1eba4a,damaged,electronics,8,6,26441.08,False,True,1
pay_6934490fdc9a44,not_received,digital_services,1348,2,2572.86,True,False,0
pay_5faaa6ba89b64e,fraud,electronics,233,0,20572.56,True,False,0
pay_60860acea60e4f,not_received,electronics,1083,0,23519.41,True,False,0
pay_ee7c709967074f,fraud,apparel,365,0,1115.17,True,False,0
pay_bfe960d1e1d14e,fraud,electronics,777,0,24396.34,True,False,0
pay_3c27ac47fd1c4e,damaged,electronics,863,0,22002.87,True,False,0
pay_c677d866da4a42,not_received,apparel,7,6,2575.03,False,True,1
pay_8486cd93b1e040,fraud,electronics,933,0,20167.68,True,False,0
pay_654691df36394b,fraud,apparel,1,4,3169.22,False,False,0
pay_a850a279200041,fraud,electronics,216,0,22678.46,True,False,0
pay_4ea47fc8b05f48,damaged,apparel,1171,0,2416.85,True,False,0
pay_259b7326fa7a4c,fraud,electronics,131,0,32328.0,True,False,0
pay_d7a76b0fa8494e,damaged,electronics,290,2,32985.19,True,False,0
pay_f61b6b99e7e146,damaged,apparel,363,0,3746.9,True,False,1
pay_31f3ffbb021443,fraud,electronics,865,0,16832.71,True,False,0
pay_48feb4670f0349,fraud,electronics,7,3,34937.4,False,False,0
pay_661d1757965e4d,damaged,apparel,416,2,5077.73,True,False,0
pay_ca6dbb7d6c7943,fraud,electronics,829,0,20172.95,True,True,1
pay_296c2a8f9a7648,fraud,electronics,7,4,16630.53,False,True,0
pay_5f515a26a56a47,fraud,apparel,1168,0,2603.81,True,False,0
pay_a71c82d0626544,not_received,apparel,7,5,1918.99,False,True,0
pay_f4fd0e3901e34e,not_received,apparel,169,0,2469.46,True,False,0
pay_ac84bfd15d9341,fraud,apparel,630,0,1612.4,True,False,0
pay_64228e54a21447,fraud,apparel,6,5,3054.61,False,True,1
pay_c5e737a9497d4a,damaged,apparel,495,0,1906.65,True,True,1
pay_7d5b59a320544f,not_received,electronics,332,0,26607.65,True,False,0
pay_f3d782407b5e41,not_received,electronics,1116,0,32993.86,True,False,0
pay_e6db3449130646,not_received,apparel,11,3,2384.41,False,True,1
pay_2f45b3ee5aab43,not_received,apparel,863,0,3656.47,True,False,0
pay_2b644fae5e5742,not_received,apparel,317,0,3094.34,True,False,0
pay_d49b27e3d99e49,fraud,electronics,379,0,23277.07,True,False,0
pay_a0f03d5a5c6c45,fraud,electronics,1226,0,31421.8,True,True,1
pay_b5d14d22bf564f,not_received,digital_services,720,2,1436.1,True,False,0
pay_87a1bc66b6d841,not_received,apparel,793,0,1748.23,True,False,0
pay_563109d6d5ef42,damaged,apparel,918,0,3136.57,True,False,0
pay_db5a85b37c3b4f,fraud,electronics,697,0,28702.97,True,False,0
pay_ec194da4460c4a,damaged,electronics,1371,0,28373.15,True,False,0
pay_47fc258f6ffd4c,damaged,electronics,13,4,29529.73,False,True,1
pay_86433f73aea748,fraud,apparel,1177,0,4078.26,True,False,0
pay_bc6648f0e81e4a,not_received,digital_services,1445,0,3416.7,True,False,0
pay_eb4e136e21a944,not_received,digital_services,715,0,3176.01,True,False,0
pay_997758869caf42,damaged,apparel,1084,0,2624.8,False,False,0
pay_d2e287ef733e47,not_received,digital_services,351,0,2918.88,True,False,0
pay_b6425bc0a09b43,not_received,apparel,347,0,4879.38,True,False,0
pay_44b522c8431942,not_received,electronics,815,0,22986.13,True,False,0
pay_22afb5c8a16b4d,fraud,electronics,980,0,19352.51,True,False,0
pay_0ad4a6ee8b714b,fraud,apparel,626,0,1425.12,True,False,0
pay_30e2e65bdcec48,not_received,electronics,450,0,16156.5,True,False,0
pay_4402c1aa9aa548,not_received,apparel,627,0,3812.54,True,False,0
pay_b819660bfebd47,not_received,digital_services,187,0,3825.49,True,False,0
pay_8af5194b62f445,not_received,electronics,1392,0,23230.51,True,False,0
pay_26c11229990a40,fraud,electronics,818,0,24951.47,False,False,0
pay_966e4361e45f41,not_received,electronics,363,0,20196.02,True,False,0
pay_e9cd17074ad346,fraud,apparel,640,0,4540.57,True,False,0
pay_f1926f0ce6d543,damaged,electronics,304,0,21494.66,True,False,0
pay_c3ee3261f8424c,damaged,apparel,33,0,1590.7,True,False,0
pay_d0abeb6276814a,not_received,electronics,1291,0,17339.38,False,False,0
pay_474fd7b1d0844e,fraud,apparel,1202,0,3893.11,True,False,0
pay_52f2817bb3084e,fraud,electronics,1205,0,31940.75,True,False,0
pay_75da8726f65847,not_received,digital_services,11,4,3343.61,False,True,0
pay_18724f2c27a54d,not_received,apparel,13,5,3358.4,False,True,0
pay_8f92291486ae45,not_received,apparel,947,0,2802.71,True,False,0
pay_0ef10e6154b342,fraud,apparel,7,5,1834.25,False,True,0
pay_bec51d21e29745,not_received,apparel,590,0,4297.43,True,False,0
pay_f824131f624643,not_received,electronics,589,0,17829.37,True,False,0
pay_36afa14f068c47,fraud,apparel,814,0,4778.04,False,False,0
pay_1b1fd6eb5f4448,not_received,apparel,433,0,3368.35,True,False,0
pay_7a32249575e647,fraud,apparel,207,0,3216.22,True,False,0
pay_5c1bee8233db47,not_received,electronics,1158,0,20877.22,False,False,0
pay_2c5a7cce916f49,damaged,electronics,1179,0,23566.7,True,False,0
pay_d36e043ef86749,not_received,electronics,1243,1,14646.74,True,False,0
pay_5b231d1092304c,damaged,electronics,1452,2,18458.45,True,False,0
pay_252ad15df24a47,not_received,digital_services,40,0,3055.73,True,False,0
pay_e20139b16c2549,fraud,electronics,11,2,15679.48,False,True,0
pay_cadf3dee6fa346,not_received,electronics,225,0,22650.26,True,False,0
pay_7a3e822dae414a,not_received,apparel,919,0,3432.51,True,False,0
pay_814870195ded4e,fraud,digital_services,1347,0,2770.44,False,False,0
pay_64b941a5d06d47,fraud,apparel,7,3,2284.04,False,True,0
pay_84a85960db3a4d,not_received,electronics,7,6,24908.78,False,False,0
pay_06a4035c1e9e44,fraud,electronics,474,0,28843.32,True,False,0
pay_226d561983d047,fraud,apparel,6,3,3222.13,False,True,1
pay_9c05ce349dfb42,not_received,electronics,259,0,19230.65,True,False,0
pay_768ad5f5a0914c,fraud,electronics,812,0,23161.23,True,True,1
pay_9dc497e6fe064f,damaged,electronics,697,0,24088.14,True,False,0
pay_7ef6e05594e842,fraud,digital_services,8,6,4675.43,False,True,1
pay_a2b27b5296984f,not_received,electronics,562,0,14141.88,False,False,0
pay_84fc5407f33748,not_received,apparel,730,0,4993.92,True,False,0
pay_1ecec8b3176242,not_received,digital_services,301,0,2180.52,False,False,0
pay_0fc929f17f2042,fraud,apparel,9,6,2805.29,False,True,0
pay_57edf2b7f0f44f,damaged,electronics,1205,0,25949.95,True,False,0
pay_86fb5581b08748,not_received,electronics,1279,1,18109.13,True,False,0
pay_55a728b0811b48,damaged,digital_services,11,4,2866.34,False,True,1
pay_429291b4925047,fraud,electronics,1066,0,23424.32,True,False,0
pay_0ca4fcc7fc8746,fraud,apparel,1168,0,1269.56,True,False,0
pay_af106ca29bd64b,not_received,digital_services,291,0,2538.77,True,True,1
pay_f08b6a4de3df42,fraud,electronics,755,1,27359.86,True,False,0
pay_2e6f75957ae246,not_received,apparel,620,0,3401.15,True,False,0
pay_5a5c5609beed4e,fraud,digital_services,10,2,1245.14,False,True,1
pay_29e7a878473f46,not_received,apparel,3,5,2731.58,False,True,1
pay_9867e16fc1c240,damaged,apparel,508,0,3602.65,True,False,0
pay_8c6201c954c04a,not_received,digital_services,464,2,3450.52,True,False,0
pay_2d2a7554ceda46,damaged,apparel,104,0,2198.98,True,False,0
pay_ae550976945f45,not_received,apparel,454,1,2246.98,True,False,0
pay_a77dc42bbec548,not_received,apparel,118,0,2450.21,True,False,0
pay_8a6761ed939c4c,damaged,electronics,1263,0,24021.63,True,False,0
pay_1068b539979d49,damaged,electronics,704,1,12896.35,True,False,0
pay_841539f707c247,not_received,electronics,1158,0,23770.79,True,False,0
pay_cbf0e557f50847,fraud,electronics,1097,0,33113.41,True,False,0
pay_80c4d5cd3ebf42,not_received,electronics,11,4,16130.41,False,False,0
pay_50136d46d0d740,fraud,apparel,522,0,2480.43,True,False,0
pay_c010ec4318824f,not_received,electronics,1493,0,29538.73,True,False,0
pay_7974e730db8943,not_received,digital_services,753,0,2505.76,True,False,0
pay_03aac9457f2a4f,damaged,apparel,855,0,3263.22,False,False,0
pay_5fe4e7511a534e,damaged,apparel,456,0,993.28,True,False,0
pay_0a3b6db354a145,not_received,apparel,1496,0,2326.61,True,False,0
pay_842d296ee8bd40,fraud,electronics,212,1,25363.55,True,False,0
pay_6d9ef65105ad4c,damaged,apparel,6,3,2070.52,True,True,1
pay_370f35a8917446,fraud,apparel,1215,0,2085.49,True,False,1
pay_f4e07bf35b6e4d,not_received,apparel,260,0,3341.62,True,False,0
pay_3f11b18f91714d,fraud,electronics,971,0,20660.19,True,False,0
pay_b520b299062e4d,fraud,apparel,973,2,4036.79,True,False,0
pay_fe955ce5c6e346,damaged,apparel,7,6,4077.91,False,True,1
pay_11cdbd9153cd4e,fraud,apparel,9,4,2545.31,False,True,0
pay_b2d5933a540a42,not_received,electronics,455,0,34815.95,True,False,0
pay_b6fb6e73806347,fraud,apparel,1048,0,1718.76,True,False,0
pay_16c788dec30d48,damaged,apparel,101,0,298.95,True,False,0
pay_937b53784a994a,damaged,apparel,776,1,3070.0,True,False,0
pay_b38f39ab47a643,fraud,apparel,592,0,2487.54,True,False,0
pay_fb75bbcaeb5146,fraud,electronics,2,5,21044.29,False,True,0
pay_793bd13809ca42,not_received,electronics,681,0,24997.81,True,False,0
pay_50cf7de6fd7747,fraud,electronics,10,5,28511.44,True,False,0
pay_ce37bcc9784349,not_received,electronics,800,0,17002.68,True,False,0
pay_3a1dfdc7b2f942,fraud,electronics,548,0,23219.7,True,False,0
pay_c79d39d164294d,fraud,electronics,1073,0,21352.93,True,False,0
pay_865ee6e413a648,not_received,electronics,1303,2,42116.3,False,False,0
pay_f1f0346987df44,fraud,apparel,1269,0,4438.7,True,False,0
pay_9502e02343e34b,damaged,digital_services,215,0,5143.37,True,False,0
pay_ca651371842b44,fraud,electronics,1398,1,29649.23,False,False,0
pay_67460683dd074d,fraud,electronics,568,2,20349.18,True,False,0
pay_745d79ea98b84b,damaged,digital_services,234,0,2133.34,True,False,0
pay_774f54076df945,not_received,apparel,1395,0,3217.22,True,False,0
pay_099cb0fb672043,not_received,electronics,1473,0,33265.17,True,False,0
pay_e6325479593d44,fraud,apparel,473,0,1068.08,True,False,0
pay_33c21ac05d1d42,not_received,electronics,443,0,16271.88,True,False,0
pay_64c309323f314e,not_received,apparel,1301,0,1959.12,True,False,0
pay_d4a3da4add7443,fraud,digital_services,155,0,3122.56,True,False,0
pay_6f81541a856a41,damaged,electronics,760,0,17960.33,True,False,0
pay_588a3abe904949,not_received,digital_services,1418,2,3069.91,True,False,0
pay_f69d7c14fbc44b,fraud,electronics,1119,0,17770.43,True,False,0
pay_dbed8f9dd3f349,not_received,apparel,319,0,2604.01,True,False,0
pay_14e64e6a74cf42,not_received,apparel,934,0,3050.72,True,False,0
pay_d593756dc4f649,fraud,apparel,5,4,1521.23,False,True,0
pay_fe21da74a3564d,not_received,electronics,369,0,29322.11,True,False,0
pay_a54e8cac0b6346,fraud,apparel,1161,0,1736.75,False,False,0
pay_20a5cbf78ccd4d,not_received,apparel,397,0,3191.11,True,True,1
pay_80155a3146b742,not_received,apparel,754,0,2052.83,True,False,0
pay_dad6ce76c0ce40,not_received,electronics,8,6,20500.55,False,True,0
pay_10c169050b3247,damaged,electronics,287,0,28814.03,False,False,0
pay_48ad45c0eb5b47,fraud,apparel,1088,1,1886.97,False,False,0
pay_a3f57372797743,not_received,digital_services,11,5,2772.84,False,True,1
pay_3c98806f4abc43,not_received,apparel,970,0,4326.91,True,False,0
pay_18acea200d584c,not_received,apparel,7,3,1169.82,False,True,0
pay_b40d2c7b80b341,not_received,electronics,220,0,31710.54,True,False,0
pay_8b55ed74737d45,fraud,apparel,567,0,4199.54,True,False,0
pay_d9194688dd2846,fraud,electronics,748,0,23464.48,True,False,0
pay_024ab567596f4a,fraud,apparel,526,0,4707.97,True,False,0
pay_3014a5a4087147,damaged,digital_services,1412,0,4398.92,False,False,0
pay_6c8c667a51cc4e,fraud,digital_services,8,6,2926.07,False,True,0
pay_a8526595d90b42,damaged,electronics,1260,0,32354.01,True,False,0
pay_def31f98e6d84d,not_received,apparel,2,2,1902.6,False,True,1
pay_ada08733187e42,fraud,electronics,1285,0,23350.87,False,False,0
pay_d546d84e9dcf4c,not_received,electronics,719,2,29112.11,True,False,0
pay_a308aa35585642,damaged,electronics,372,0,22951.59,False,False,0
pay_16b0255be66242,damaged,electronics,176,0,32980.85,False,False,0
pay_0a0bf7e65cfd43,fraud,apparel,1313,0,3769.24,True,False,0
pay_85297c7babfe4f,fraud,apparel,638,0,5189.94,True,False,0
pay_43195ed9b8a040,fraud,digital_services,452,0,2827.76,True,False,0
pay_901ba8afa74a41,fraud,electronics,12,2,30596.83,False,True,0
pay_c02ed77ff77440,not_received,electronics,360,0,27930.05,True,False,0
pay_52f11dacc66f4b,damaged,electronics,1253,0,25385.09,True,False,0
pay_65ec1be4af8b4d,fraud,electronics,1151,0,26355.8,True,False,0
pay_a685bcba59b246,not_received,digital_services,9,5,2733.62,False,True,1
pay_6a4493a6d7db41,not_received,electronics,1010,2,30106.27,True,False,0
pay_2ac12d8e0afc4a,fraud,digital_services,517,1,2290.49,True,False,0
pay_48653dfbb91e43,fraud,electronics,10,2,26334.26,False,True,0
pay_9465c1241a834d,not_received,electronics,4,5,15551.25,False,False,0
pay_58319adf5c2e4a,damaged,electronics,3,3,22461.07,False,False,0
pay_8cb694c2f2b643,not_received,digital_services,1275,0,2879.55,False,False,0
pay_aa89966dae9c4f,fraud,electronics,1483,0,30838.54,False,True,0
pay_d6039a7aaa1b42,fraud,digital_services,9,6,2268.92,False,True,1
pay_a9bd66ccf5ea40,fraud,apparel,180,0,3339.32,True,False,0
pay_85587e309cb14c,not_received,electronics,291,0,27538.04,True,False,0
pay_b24b2e51db7144,not_received,apparel,192,1,2306.0,True,False,0
pay_467aa7f5ffea46,fraud,electronics,1346,0,27042.76,False,False,0
pay_d63315bbd7a547,damaged,electronics,453,0,25435.27,True,False,0
pay_a57f21cb3aaf4b,not_received,digital_services,729,0,2552.75,True,True,1
pay_885a984384ef49,not_received,apparel,64,0,1573.05,True,False,0
pay_c7f1d0c1452349,damaged,apparel,197,0,1475.44,True,False,0
pay_b408f87ad39a4c,fraud,electronics,270,0,21308.49,True,False,0
pay_47841d4ad7cb46,damaged,electronics,728,0,34236.12,False,False,0
pay_29392cc1b8b94b,fraud,electronics,1222,0,26596.99,False,False,0
pay_adc2b2d02b9d45,fraud,apparel,84,1,2545.83,True,False,0
pay_96c27abc43104a,damaged,apparel,1118,0,3536.84,True,False,0
pay_1274a688bfa447,damaged,apparel,956,0,3598.79,False,False,0
pay_73ca8543226649,not_received,apparel,601,0,3004.44,True,False,0
pay_6e65ea4dc3804f,not_received,electronics,1062,0,23952.48,True,False,0
pay_071cde29c0db4e,not_received,electronics,888,0,23127.95,True,False,0
pay_4e44ee9d55b34d,damaged,electronics,387,1,23848.63,True,False,0
pay_dbf1765148144e,fraud,apparel,471,0,3358.29,False,False,0
pay_757bb886beab4d,damaged,apparel,941,0,136.56,True,False,0
pay_a9cd901b046c46,not_received,electronics,5,4,23584.79,False,True,1
pay_248d43bbf87f43,not_received,electronics,1046,0,38975.53,True,False,0
pay_4197aec1fc9f4f,not_received,apparel,885,0,2859.88,True,True,1
pay_01ca2fddc3d04e,not_received,digital_services,1142,0,3707.47,True,False,0
pay_267510fdcf6f41,damaged,apparel,1343,0,3317.1,True,False,0
pay_4844e87524cb4c,not_received,electronics,652,0,25611.49,False,True,1
pay_9b98749e434b4e,damaged,apparel,658,0,5343.65,True,False,0
pay_9a75f589c36248,fraud,apparel,707,0,2230.92,True,False,0
pay_984e328eb4944e,not_received,electronics,847,0,19848.66,True,True,1
pay_15aa04eceaba47,damaged,apparel,1449,0,3534.44,True,False,0
pay_d347fa2e833340,not_received,electronics,126,1,24759.1,True,False,0
pay_392b9556023446,not_received,electronics,443,0,22628.33,True,False,0
pay_d0d5db2d48c246,not_received,digital_services,5,2,4473.57,False,True,0
pay_53ec3926008c45,damaged,digital_services,756,0,4391.51,True,False,0
pay_a0bc9a324fef4f,damaged,apparel,758,0,3950.51,True,False,0
pay_b6a3d057284e42,fraud,electronics,1147,0,18759.01,True,False,0
pay_da77d2c967e34b,damaged,apparel,9,2,3097.49,False,True,1
pay_2378ba638c834b,not_received,electronics,916,2,26696.6,True,False,0
pay_88beb38054214b,fraud,electronics,761,0,24704.11,True,False,0
pay_00edd060ad464a,damaged,electronics,543,0,25918.31,True,False,0
pay_fd6339fc7b374a,not_received,apparel,8,3,2999.07,False,True,0
pay_cecc404af9d440,damaged,electronics,1304,0,29142.88,True,False,0
pay_b409e65b82c046,fraud,apparel,809,1,1850.01,True,False,0
pay_aeaa43cd75de40,fraud,electronics,959,0,35524.93,True,False,0
pay_1556c24a783546,not_received,digital_services,876,0,4941.57,True,False,0
pay_e98e3c276cfb44,fraud,digital_services,8,2,4031.78,False,True,0
pay_10463083de694c,not_received,apparel,720,0,2856.48,True,False,0
pay_119850c150374d,fraud,apparel,1449,0,2378.51,True,False,0
pay_a1430d06e90442,not_received,electronics,8,4,19286.54,False,False,0
pay_3c95ff80873745,fraud,apparel,667,0,2886.68,True,False,0
pay_f5d79119fbff48,fraud,digital_services,12,5,2712.6,False,True,1
pay_843f91d602664c,not_received,electronics,1079,0,26266.62,True,False,0
pay_f58e269d25ff47,fraud,apparel,482,0,3090.94,True,False,0
pay_6757634189ba41,not_received,electronics,78,0,28224.77,True,False,0
pay_7f4282d9681843,damaged,electronics,359,0,18746.57,True,False,0
pay_d26cae58adca46,not_received,apparel,626,0,3280.1,True,True,1
pay_f9ec2dd92d1b41,damaged,digital_services,1478,0,4495.09,True,False,0
pay_976124f6d6af40,fraud,electronics,647,0,19618.31,True,False,0
pay_c6bf955b6dc649,fraud,apparel,7,4,2589.97,False,True,0
pay_138eb106f29d44,damaged,digital_services,1451,2,1795.35,True,False,0
pay_3691aa2a2ad040,not_received,apparel,1353,1,3514.05,True,False,0
pay_8cba1badbb1b4a,not_received,digital_services,1164,0,2789.13,False,False,0
pay_560bcee7f81941,not_received,electronics,1074,0,24569.33,True,False,0
pay_0da51ec6c22f40,not_received,digital_services,683,0,1726.93,True,False,0
pay_390e0291fef745,fraud,electronics,1257,0,21337.58,False,False,0
pay_10800793e5fe44,not_received,digital_services,1294,0,4617.51,False,False,0
pay_d74b0e66399e4a,not_received,electronics,8,5,26082.65,False,True,0
pay_38c1bebcc46e4d,not_received,apparel,1184,0,2140.35,True,False,0
pay_fa32a374f4734c,damaged,electronics,11,2,21854.1,False,True,1
pay_2df6a665f09f49,fraud,apparel,326,1,3091.65,True,False,0
pay_d8d744e2cd3241,fraud,electronics,48,0,19703.6,True,False,0
pay_f27a94ef9c784b,damaged,digital_services,1428,0,6523.3,True,False,0
pay_46ae44f48eed4e,not_received,electronics,169,1,32247.78,True,False,0
pay_8c07393c5e4c43,not_received,apparel,596,0,4108.56,False,False,0
pay_2670fe04d58043,fraud,electronics,6,6,27932.64,False,True,0
pay_121772eea96949,fraud,digital_services,825,0,3612.64,True,False,0
pay_218da24148ae4b,not_received,apparel,711,0,3365.16,True,False,0
pay_fbb70970074f4c,fraud,digital_services,875,0,2176.87,False,False,0
pay_b11d3fa34c094a,damaged,apparel,697,0,3073.88,True,False,0
pay_93f6e422d4b44c,damaged,electronics,1479,0,20703.8,False,False,0
pay_b68180c1452041,damaged,electronics,498,0,34293.94,True,False,0
pay_f04a200faee14d,fraud,apparel,11,3,2683.63,True,False,0
pay_febe43757f8349,not_received,apparel,928,0,3457.18,True,False,0
pay_980c0ed602414c,fraud,apparel,907,0,2272.77,True,False,0
pay_2aa99a39af3d4e,fraud,electronics,1360,0,25945.02,False,False,0
pay_8e73fda6854e47,fraud,apparel,1259,0,1276.64,True,False,0
pay_c5105a0c11c342,fraud,digital_services,153,1,3360.22,True,False,0
pay_3e0530136a7e41,damaged,electronics,1200,0,16334.01,False,False,0
pay_6d2bc5bc575149,fraud,electronics,1313,0,21317.23,True,False,0
pay_0c6f400c4ae241,fraud,apparel,164,0,2515.14,False,False,0
pay_2e3f28dff84544,damaged,electronics,70,0,22586.07,True,False,0
pay_e0987028ff004f,fraud,apparel,941,2,3504.89,True,False,0
pay_1609d896826740,not_received,apparel,1374,0,2797.62,True,False,0
pay_7cf67f8670f943,fraud,digital_services,722,1,584.33,True,False,0
pay_fe5c77878ed848,fraud,digital_services,9,6,3417.65,False,False,0
pay_cf1c8aaaed5c42,damaged,apparel,1073,0,2208.63,True,False,0
pay_38a64850f4ed43,fraud,electronics,929,0,21411.73,False,False,0
pay_dea01bb3824544,not_received,electronics,578,2,31188.14,False,False,0
pay_615fcc8849cd46,fraud,digital_services,367,0,3586.38,True,False,0
pay_fcad22adae9146,fraud,apparel,307,0,2984.44,True,False,0
pay_c5806df89d8848,fraud,apparel,1417,0,3193.91,True,False,0
pay_c60355db9c6648,fraud,apparel,639,0,3982.63,True,False,0
pay_6b463b59a20a4e,fraud,electronics,412,0,25462.82,True,False,0
pay_a3ead69066ca46,not_received,electronics,900,0,34160.71,True,False,0
pay_57563207e44d49,not_received,electronics,311,1,26535.84,True,False,0
pay_2905fb28fca445,fraud,apparel,77,0,1478.75,True,False,0
pay_bbcd191a0a9b43,not_received,apparel,449,0,1754.07,False,False,0
pay_4f8c6ee3b95d44,damaged,electronics,1,2,20693.38,False,True,0
pay_fe0760edec554a,damaged,apparel,932,0,4013.59,True,False,0
pay_ed6de0975e9841,not_received,digital_services,700,0,3340.73,True,False,0
pay_988187bb5a814e,damaged,apparel,1498,0,4005.23,True,False,0
pay_e6fabe8a047449,fraud,apparel,1227,0,2235.75,True,False,0
pay_516785c2bb884a,fraud,electronics,1068,0,13657.86,True,False,0
pay_2b7d972a78dc47,not_received,digital_services,1299,2,1388.78,True,False,0
pay_a605b49f3ae54c,not_received,apparel,938,0,3370.91,False,False,0
pay_80e8be228d0341,not_received,digital_services,10,4,4330.76,False,True,1
pay_b744b269584c4a,not_received,apparel,975,0,2903.3,True,False,0
pay_737c01041bbe46,damaged,digital_services,1233,1,2313.34,False,False,0
pay_e6d59735031d4d,damaged,digital_services,1225,2,4135.24,True,False,0
pay_fccdf578ab4f4e,not_received,apparel,884,0,4090.74,True,False,0
pay_adf05f16f63f41,not_received,electronics,817,0,29332.18,True,False,0
pay_9f86e334ff4845,fraud,electronics,333,0,29365.02,True,False,0
pay_1a9715d6f70742,fraud,electronics,284,0,25610.5,True,False,0
pay_1a34caea800b41,fraud,electronics,327,0,31950.21,False,False,0
pay_35f20c240a4b4e,not_received,electronics,70,0,27012.09,True,True,1
pay_082879519c6244,fraud,apparel,132,0,2477.16,False,False,0
pay_0ac3ff0935824d,damaged,electronics,1083,1,29132.62,True,False,0
pay_fc7690a9622342,fraud,apparel,1178,0,3552.89,False,False,0
pay_6fc97f42cd174c,not_received,digital_services,9,6,2671.64,False,True,0
pay_321ca26ed67745,fraud,apparel,642,0,1450.95,True,False,0
pay_3dfd7ef5b43c47,fraud,digital_services,329,0,2268.23,True,False,0
pay_66792161d4654e,damaged,electronics,338,0,24043.79,True,False,0
pay_20e5b5366eda41,not_received,apparel,11,5,3244.53,False,True,0
pay_d8a246f5644e4d,damaged,electronics,1254,0,28413.36,True,False,0
pay_30f80c2fc4284d,damaged,apparel,620,0,3065.99,True,False,0
pay_b5a458691cb842,fraud,apparel,1462,0,3096.25,True,False,0
pay_2ca548ecf1f340,fraud,electronics,553,0,17886.46,True,False,0
pay_ef5ddf8b16754f,damaged,electronics,875,0,26764.39,True,False,0
pay_3e0bdc2cdd504f,damaged,apparel,113,0,3280.39,True,False,0
pay_9ab9ae216a4041,not_received,apparel,330,0,4127.73,True,False,0
pay_b0fccf501e8b4c,not_received,apparel,962,2,3779.71,True,True,1
pay_e09ed217bf7841,not_received,electronics,1299,2,17734.75,True,False,0
pay_27f4e29b5afd42,fraud,apparel,315,0,3531.71,True,False,0
pay_d2eb9e7de9ce4a,not_received,electronics,11,6,21390.38,False,False,0
pay_b094ccbc6ceb41,damaged,digital_services,1,3,4818.66,False,False,0
pay_0d500c9b8abb46,not_received,digital_services,121,0,1965.61,True,True,1
pay_4192f7dfbb7940,fraud,electronics,366,1,18900.94,False,False,0
pay_2072765dcf5245,fraud,electronics,4,6,17397.85,False,True,1
pay_d260066672a04e,fraud,apparel,76,0,2229.64,False,False,0
pay_057cb897500842,fraud,electronics,836,2,24488.36,True,False,0
pay_a65356287f4b4c,damaged,digital_services,625,0,2371.92,True,False,0
pay_5e1d4fb600f24f,fraud,apparel,520,0,1017.93,True,False,0
pay_1d4c984feaf74d,fraud,electronics,421,0,23617.41,False,False,0
pay_b982ceffbcdc4f,fraud,electronics,660,0,30465.09,True,False,0
pay_8de76938118845,not_received,apparel,1465,0,3583.79,True,False,0
pay_97e261bc4c3a40,not_received,apparel,1196,0,3601.41,True,False,0
pay_02103810240743,fraud,apparel,494,0,2434.63,False,True,0
pay_009c42dd84bb45,fraud,electronics,376,0,18955.46,False,False,0
pay_504280df87ce44,fraud,electronics,6,2,28455.24,False,True,0
pay_e7628745bf744b,not_received,apparel,850,0,3406.39,False,False,0
pay_d4114ba8c1fe42,fraud,apparel,263,0,1776.86,True,False,0
pay_eb1405a1dd4943,damaged,electronics,684,0,14703.18,True,False,0
pay_aecb3b84532545,not_received,electronics,1492,1,28200.46,True,False,0
pay_3068010e63ee43,fraud,apparel,1044,0,1998.6,True,True,1
pay_c8e25ff77a8948,not_received,apparel,11,6,3189.55,False,False,0
pay_816b3e8aaf4b4d,fraud,electronics,238,0,24268.5,True,False,0
pay_a950f9edc6084e,not_received,apparel,13,4,2404.87,False,False,0
pay_61892cc849ad4d,fraud,electronics,1164,0,30857.93,True,False,0
pay_da8cf7c17e2d44,not_received,electronics,114,0,31902.5,True,False,0
pay_06bf625164eb4a,not_received,apparel,1326,0,4097.13,True,False,0
pay_6c48b64227c545,damaged,apparel,641,0,1977.83,True,False,0
pay_d5f59b5e82b948,fraud,electronics,319,0,25818.54,True,False,0
pay_80fe964cfb964f,fraud,electronics,1045,0,18324.83,True,False,0
pay_84c7ec87498643,not_received,electronics,1417,0,30823.23,True,False,0
pay_828f46043c8c4d,damaged,digital_services,423,0,3978.14,False,False,0
pay_ecfa3f4e253148,damaged,electronics,1276,0,27268.5,True,False,0
pay_78fbabfd8f4447,fraud,electronics,104,0,24736.79,True,False,0
pay_f64d73cf976d4d,fraud,electronics,1338,0,27521.36,True,True,1
pay_63012ce0c1fb43,not_received,apparel,1456,0,3108.35,True,False,0
pay_d3fd2de388d44a,fraud,apparel,1139,0,3224.73,True,True,1
pay_8f58df0db55543,fraud,electronics,1461,2,29365.15,True,False,0
pay_cbab901eeb0d43,fraud,apparel,10,3,4850.75,False,True,0
pay_896c9b080adc47,not_received,electronics,580,0,23938.08,False,False,0
pay_692768e171584e,damaged,apparel,1446,0,3104.5,True,False,0
pay_3ded913968c649,damaged,electronics,1402,0,15716.81,True,False,0
pay_d8e248431ff640,fraud,electronics,845,0,21647.82,True,False,0
pay_ffddb7a44d0b4c,not_received,electronics,327,0,24549.45,True,False,0
pay_74ac50a9b5cc4d,damaged,apparel,4,4,2891.0,True,False,0
pay_ad0448967a6749,fraud,apparel,6,2,3658.42,False,True,0
pay_20c30d1c17934e,not_received,apparel,458,0,1776.59,True,False,0
pay_ae04f67e07404d,not_received,electronics,193,0,24474.89,True,False,0
pay_2589dddfa47942,fraud,electronics,1,6,16116.79,False,True,0
pay_a06215a82ef242,not_received,apparel,111,0,1367.9,True,False,0
pay_ee1a2cf2d0684a,fraud,digital_services,10,5,3877.05,False,True,1
pay_254b77cfd7dd4b,not_received,digital_services,621,0,1944.86,False,False,0
pay_920e874b495f4f,fraud,apparel,1013,0,2441.5,False,False,0
pay_9e5dc2860d484e,fraud,electronics,456,0,26573.55,False,False,0
pay_b9bdf0e5842944,fraud,apparel,1187,0,2665.24,True,False,0
pay_de51ec9bcd0946,damaged,electronics,849,0,14689.53,True,False,0
pay_037f2de706af46,not_received,apparel,345,0,2412.63,True,False,0
pay_7c836f53f87d45,not_received,electronics,619,0,29401.87,True,False,0
pay_f5d2099f359d46,not_received,electronics,1137,0,28672.77,True,False,0
pay_4e24ca144aa14a,not_received,electronics,924,0,22438.13,True,False,0
pay_9ad8b45c2a184a,fraud,apparel,375,0,871.32,True,True,1
pay_46172f9576984c,not_received,apparel,1037,1,2679.23,True,True,1
pay_daf189f8df1f47,fraud,apparel,10,2,1762.67,False,True,0
pay_c821a533dfd645,fraud,digital_services,7,4,3225.22,False,True,1
pay_084a14ed2df44c,not_received,digital_services,949,0,3377.46,True,False,0
pay_4dc89691e19f45,fraud,electronics,9,2,21937.48,False,True,0
pay_59ca20b436c94e,fraud,apparel,1376,1,2567.68,True,False,0
pay_e7361a7a34364f,not_received,apparel,8,4,2865.55,False,True,0
pay_87e1bfdb823c46,not_received,digital_services,119,0,3158.4,True,False,0
pay_abf58e54537241,not_received,electronics,689,0,19637.81,True,False,0
pay_620b8f7f592e42,not_received,electronics,6,3,34693.47,False,True,1
pay_bfdbcead81e948,not_received,electronics,1275,0,32080.42,True,False,0
pay_e45af1eec5fe4e,not_received,digital_services,267,0,1360.69,True,False,0
pay_6233075198f848,fraud,digital_services,10,6,2256.08,False,True,0
pay_1687227d55f043,fraud,electronics,868,0,26490.74,False,False,0
pay_45fad948010144,not_received,digital_services,6,4,3226.99,False,False,0
pay_65b344f4ca6f4f,fraud,electronics,242,0,20778.78,True,False,0
pay_6cab18eaeebd4e,damaged,electronics,846,0,27692.97,True,False,0
pay_e4c26fc1f04e41,damaged,apparel,4,5,4167.39,False,True,1
pay_b9d10c4e41894a,fraud,electronics,1392,0,26075.99,False,False,0
pay_1b5db1e8aabc46,fraud,electronics,252,0,24310.32,True,False,0
pay_568d4a3eb0ad4d,fraud,digital_services,1224,0,2278.53,True,True,1
pay_a9b110b5f71848,fraud,apparel,589,0,3194.59,True,False,0
pay_20807b7863ff4e,fraud,digital_services,159,0,1059.52,True,False,0
pay_3d2215fc577340,not_received,electronics,1247,2,34017.01,True,False,0
pay_d82be1cd3e7a4e,damaged,electronics,1256,2,20573.24,False,False,0
pay_bbe851cd2c4748,not_received,electronics,736,0,18568.03,True,False,0
pay_0b37cd8963964a,fraud,digital_services,52,0,3764.06,True,False,0
pay_6a009414c42446,fraud,electronics,1007,0,24604.01,True,False,0
pay_f8c1efd0c96144,not_received,electronics,533,0,37387.02,True,False,0
pay_d83eab05c74940,damaged,electronics,1255,0,24047.86,True,False,0
pay_6246bb1faf6440,damaged,apparel,88,0,4959.14,False,False,0
pay_77c027e627f745,damaged,electronics,636,0,23074.65,True,True,1
pay_81d8cc6e0d9646,not_received,electronics,237,2,23096.01,True,False,0
pay_48dcd8af911540,not_received,apparel,1309,0,2729.7,False,False,0
pay_b512cae9252d4f,fraud,electronics,650,0,28048.88,True,True,1
pay_98b081d3f63b44,not_received,electronics,1336,1,21994.6,True,False,0
pay_0bcb3e10867e4b,fraud,electronics,1480,0,24737.02,True,False,0
pay_9fad4512ca3441,not_received,digital_services,851,0,2914.65,True,False,0
pay_d37e816ac22c42,not_received,electronics,587,2,17499.02,True,False,0
pay_b1446acfacf344,fraud,electronics,1193,0,23328.32,True,False,0
pay_825a535858e046,fraud,electronics,468,0,26876.92,True,False,0
pay_5211aa44cdee4a,fraud,digital_services,139,0,4213.6,True,False,0
pay_8334900046984e,fraud,electronics,727,0,18071.01,False,False,0
pay_8a8d09ae2afa4f,fraud,digital_services,166,1,3231.31,True,False,0
pay_5b4ba2b1f91f41,fraud,digital_services,331,0,4190.82,True,False,0
pay_23fd3e1509b648,fraud,electronics,1474,0,25507.11,True,False,0
pay_c4aed38e57dd4e,fraud,electronics,990,0,21922.26,True,True,1
pay_78ce01d3b09242,damaged,apparel,9,6,3504.71,False,True,1
pay_c283262d17ea48,fraud,apparel,6,4,3510.84,False,False,0
pay_4e3221db187748,fraud,apparel,605,1,2335.39,True,False,1
pay_6f9494e18f364c,not_received,digital_services,102,0,3547.21,False,False,0
pay_99464780a0bf41,damaged,electronics,563,2,20963.86,True,False,0
pay_71f29789c13a45,not_received,apparel,1,6,3494.32,False,False,0
pay_e829bedcf17747,fraud,electronics,422,0,24498.29,True,False,0
pay_d3de697d2e6542,not_received,apparel,1490,0,3865.0,True,False,0
pay_58aa6f6aa75640,not_received,apparel,1099,0,2574.65,True,False,0
pay_d143daddc49c40,not_received,electronics,203,0,30890.1,True,False,0
pay_6bcd2aa5161d42,not_received,electronics,92,0,34065.32,True,False,0
pay_5d343f213d954a,damaged,electronics,12,5,31290.32,False,True,1
pay_b56f85e25d724d,damaged,apparel,135,0,1662.98,True,False,0
pay_df30188759624e,not_received,digital_services,1316,0,2591.91,True,False,0
pay_572622b6ba5247,not_received,apparel,750,0,2147.42,True,False,0
pay_837a80043d3245,not_received,apparel,1385,0,2200.35,False,False,0
pay_a64b49cf350d47,damaged,electronics,1382,0,21010.12,True,False,1
pay_6e067423c30240,fraud,electronics,35,0,19838.31,True,False,0
pay_67a56a35cf814c,damaged,electronics,629,0,24319.38,False,False,0
pay_7079df9297754d,fraud,electronics,1328,0,27186.46,True,False,0
pay_410338217ef14e,not_received,apparel,1108,0,5009.74,True,False,0
pay_d18c6d523fa440,damaged,digital_services,1373,0,4562.03,True,False,0
pay_27f3bdacee8147,fraud,apparel,1131,0,3103.79,True,False,0
pay_1a2912c913f540,not_received,apparel,350,0,3753.08,True,False,0
pay_b10e3d911c4a42,fraud,electronics,1292,0,25514.56,True,False,0
pay_031a0a1fd12e49,fraud,electronics,725,0,28891.63,True,False,0
pay_e44af4b197e04d,fraud,electronics,879,0,22366.24,True,False,0
pay_03ae9f4680b547,fraud,apparel,1166,0,3707.86,True,False,0
pay_912477925c494d,fraud,apparel,1158,0,1989.68,True,False,0
pay_15d0f65a287e4b,damaged,electronics,687,1,16857.07,True,False,0
pay_9873e5d02c484d,damaged,apparel,1448,0,3876.68,True,False,0
pay_bfaaec2e57bf46,fraud,apparel,9,4,2326.84,False,True,1
pay_b420e9d51ebd4d,not_received,electronics,11,5,17302.07,False,True,0
pay_3688d0108bd846,fraud,apparel,2,3,3590.75,False,True,1
pay_6fef81e446d64e,fraud,apparel,1087,0,2065.11,False,False,0
pay_e3ea4817c56046,fraud,electronics,835,2,25927.8,True,False,0
pay_0fe42142fc214e,damaged,apparel,735,0,2670.87,True,False,0
pay_5a2c1da7690049,damaged,electronics,1080,0,29485.33,False,False,0
pay_6c97c317115941,fraud,apparel,1182,0,2029.41,False,False,0
pay_9b141504ac6644,fraud,digital_services,508,0,3604.82,True,False,0
pay_6c672d5e0d0645,fraud,apparel,1153,0,1840.73,True,False,0
pay_8f1cf9140ed641,not_received,electronics,990,0,25540.61,True,False,0
pay_6bfeef3f7ecd43,not_received,electronics,673,0,30479.01,True,False,0
pay_8d1d86f2080f43,fraud,electronics,9,2,31604.03,False,True,0
pay_76ae98711b6d42,not_received,electronics,12,5,13037.35,False,False,0
pay_085bbb079a5640,fraud,apparel,866,0,2930.62,True,True,1
pay_1ed407e8ba424e,damaged,electronics,785,2,28205.2,True,False,0
pay_22953d4c8b5141,not_received,electronics,446,0,22751.95,True,False,0
pay_3f65455a270d4e,not_received,apparel,410,0,2635.69,True,False,0
pay_a9f0f7a69bab4c,not_received,apparel,276,0,2662.55,True,False,0
pay_137ad867da4340,damaged,electronics,732,0,27027.18,False,False,0
pay_6e780af876704e,fraud,apparel,822,2,3258.92,True,False,0
pay_e1de689a001849,fraud,digital_services,1466,0,3742.82,True,False,0
pay_267ac391fb574a,damaged,electronics,11,5,25412.86,False,True,1
pay_e1a6f06a830647,fraud,apparel,1132,0,4787.83,True,False,0
pay_510cf3f0547e42,fraud,apparel,699,0,2883.51,False,False,0
pay_b7dd5f3ef81d4e,not_received,apparel,1134,0,3560.71,True,False,0
pay_0fd943f8bb7949,damaged,electronics,1187,0,27284.05,True,False,0
pay_2246c35da01948,not_received,electronics,1130,0,18929.73,True,False,0
pay_0494f956261a4d,damaged,apparel,1350,0,2355.11,True,False,0
pay_30ed15d6bb9145,not_received,digital_services,13,3,2318.72,False,True,0
pay_5a61ab3c8ce242,fraud,apparel,878,0,4151.43,True,False,0
pay_f1762d7560cc49,not_received,digital_services,2,6,3276.11,False,True,0
pay_bc5ffaade75849,not_received,apparel,9,6,1680.66,False,True,0
pay_517450e8291749,fraud,digital_services,719,0,3295.35,False,False,0
pay_3d3ef211a6b644,fraud,apparel,106,0,2248.22,True,False,0
pay_fe1aabb33ce648,fraud,digital_services,889,0,1366.33,True,False,0
pay_cb36b68a746544,not_received,electronics,1030,0,26095.17,True,False,0
pay_003e2a8bd45141,damaged,digital_services,1202,0,1710.56,True,False,0
pay_66a12b0c71a849,not_received,electronics,8,6,24153.08,False,True,0
pay_cfa44dd0978c4b,damaged,electronics,1365,0,21180.26,True,False,0
pay_152263d12af94c,fraud,apparel,485,0,3531.69,True,False,0
pay_9e0a27dfe14343,damaged,electronics,692,0,22151.79,True,False,0
pay_046d4f68a8ee4d,damaged,electronics,1403,0,21852.47,True,False,0
pay_ebdf3e3d25bc42,fraud,digital_services,4,2,4051.19,False,True,0
pay_be254dc02a3f42,damaged,apparel,884,0,2992.55,False,False,0
pay_74da1034890b4b,fraud,digital_services,562,0,3546.82,True,False,0
pay_9f58c626264844,damaged,digital_services,1386,0,1975.22,True,True,1
pay_8a5f42bb741642,damaged,electronics,1423,2,27305.53,True,False,0
pay_a23019cb4d5641,not_received,electronics,895,0,15012.66,True,False,0
pay_1f4197ca316c44,not_received,electronics,8,3,20434.38,False,True,0
pay_28e7ca2b58bb46,fraud,apparel,500,0,4284.83,True,False,0
pay_15839fc149124b,not_received,apparel,5,6,3288.6,False,True,0
pay_3b0bb52d8a0440,fraud,apparel,1138,0,2465.68,True,False,0
pay_493662add40941,not_received,electronics,7,5,27181.72,False,True,1
pay_3ccc303e0b7c48,not_received,electronics,819,0,26741.03,True,False,0
pay_82ff5438d40141,damaged,apparel,908,0,3875.92,True,False,0
pay_45867ea2d23d44,fraud,electronics,1030,0,30666.38,True,False,0
pay_86a93c53c78245,damaged,digital_services,3,6,2171.2,False,True,1
pay_1a40db0e5c5742,damaged,electronics,1030,0,31323.02,True,False,0
pay_4f622f91e91345,not_received,electronics,1106,0,34023.15,True,False,0
pay_99ebc0709a9b44,fraud,electronics,1332,0,23542.08,True,False,0
pay_658219904f7e42,fraud,apparel,127,0,2326.5,False,False,0
pay_bd5d624b31a04d,fraud,electronics,933,0,13163.39,False,False,0
pay_8a2f673a3c724d,not_received,electronics,1,3,29630.75,False,True,0
pay_5266b66334f04e,not_received,apparel,629,0,3929.38,True,False,0
pay_854157b275d647,damaged,digital_services,1175,0,3033.04,True,False,0
pay_9074f09ad7b742,fraud,digital_services,60,0,3083.07,False,False,0
pay_775687e846ad49,fraud,electronics,552,1,25673.34,True,True,1
pay_8c491607ef8d40,not_received,apparel,334,2,3199.67,True,False,0
pay_d3bb621e6c4848,damaged,electronics,467,0,15201.76,True,False,0
pay_f10eca54114547,damaged,electronics,864,0,28439.39,True,False,0
pay_fcc5229fadaa4b,damaged,apparel,566,0,2494.56,False,False,0
pay_b0556a0ee34f4a,not_received,electronics,1097,0,25532.02,True,False,0
pay_5630ff8135ea44,not_received,apparel,1459,0,3367.52,True,False,0
pay_0c5a41a50d924f,damaged,digital_services,170,0,3314.96,True,False,0
pay_ec99747e6c0346,not_received,electronics,403,0,21498.85,False,False,0
pay_5a20db88cbc442,fraud,electronics,7,4,28010.67,False,False,0
pay_3085d483a12b4d,fraud,apparel,1495,0,3379.48,True,False,0
pay_9431269798a44a,fraud,apparel,12,3,2614.68,False,True,0
pay_aaa0e2fa011547,not_received,digital_services,1,4,3170.15,False,True,1
pay_e8cd2e9d086646,fraud,digital_services,11,5,4512.47,False,True,1
pay_43b3726a2cf04b,fraud,apparel,1207,0,3078.99,False,False,0
pay_ecd41f85ef854e,fraud,electronics,326,0,35183.27,True,False,0
pay_fbb913c40f254f,not_received,apparel,3,3,2482.77,False,True,1
pay_c2c9a82869624b,fraud,electronics,533,0,24772.24,True,True,1
pay_aaa095839e7f4b,not_received,digital_services,199,1,2437.13,False,False,0
pay_814fc8ffb8b346,fraud,electronics,720,0,25192.9,False,False,0
pay_cdfcb7e2e8a246,fraud,apparel,4,2,934.19,False,True,0
pay_3f9383d01fa94d,not_received,electronics,8,3,26683.75,False,False,0
pay_c8574aea95b642,fraud,apparel,1494,0,4347.55,True,False,0
pay_cbfe20476bf046,fraud,apparel,1495,0,3621.91,True,False,0
pay_75aa446323444b,fraud,apparel,53,1,2193.09,True,False,0
pay_eb6edcf877fb44,damaged,apparel,12,6,2366.44,False,True,1
pay_6714719ccc7c4f,not_received,apparel,861,0,3635.78,True,False,0
pay_933f6136b1584b,fraud,electronics,299,0,30059.05,True,False,0
pay_9cf4f2226e4d45,fraud,digital_services,161,0,2630.53,False,False,0
pay_a208ffe4a9b74e,damaged,digital_services,9,6,3402.06,False,False,0
pay_bb981dde9cd64f,not_received,electronics,958,0,14401.75,True,False,0
pay_f2502b5a46cb42,not_received,digital_services,1027,0,2815.39,True,False,0
pay_2442c37137f445,not_received,digital_services,687,0,3321.58,True,False,0
pay_2f1be4c4438049,not_received,apparel,313,0,2614.5,True,False,0
pay_9f98a31237ba48,not_received,electronics,879,0,28963.26,False,False,0
pay_9a786d80f82749,not_received,apparel,1106,2,1328.66,True,False,0
pay_b063537b1c324f,not_received,electronics,514,0,30085.55,True,False,0
pay_52359b54b4714a,fraud,apparel,142,2,1793.09,True,False,0
pay_f4dfdd3acb554e,damaged,apparel,12,3,3529.52,False,True,1
pay_e06a3609741247,not_received,digital_services,1250,0,2756.56,True,False,0
pay_1ba5c874f38942,fraud,apparel,1415,0,776.47,True,False,0
pay_f8e152dbc05f43,damaged,electronics,11,3,22451.04,False,True,1
pay_6af8a0dbd3604b,damaged,apparel,833,0,3355.33,True,False,0
pay_967eb7e346a242,damaged,electronics,861,0,35102.24,False,False,0
pay_c7ceac6e4fe147,damaged,electronics,552,1,14405.44,True,False,0
pay_b4d4750e8a2348,damaged,electronics,1478,0,22683.79,True,False,0
pay_864b9c1ef9424f,fraud,electronics,829,0,29157.49,True,False,0
pay_4bdcbf073b314d,damaged,digital_services,670,0,2017.39,True,False,0
pay_4c266efdf2a045,damaged,apparel,467,0,4242.99,False,False,0
pay_9da41a9a584b46,fraud,apparel,490,0,4205.01,True,False,0
pay_f311506dee5344,fraud,electronics,9,5,28710.68,False,True,0
pay_493a889141c749,damaged,apparel,1083,2,3640.46,True,False,0
pay_be6cda64bfed4b,fraud,apparel,1399,1,1987.37,False,False,0
pay_3c03137b3f7740,damaged,apparel,1,6,2905.22,False,False,0
pay_6203c31e0e9747,fraud,digital_services,166,0,2922.62,True,False,0
pay_ebd43d32170349,fraud,apparel,467,0,2826.82,True,False,0
pay_528c32cb888749,not_received,apparel,1392,2,3034.74,False,False,0
pay_538df10bf79547,fraud,electronics,354,2,30142.8,True,False,0
pay_683cf189a07a41,not_received,electronics,6,2,24730.02,False,True,0
pay_94a87ba85b494d,not_received,digital_services,807,0,1540.72,True,False,0
pay_d26e2acb5fd64a,fraud,apparel,126,0,3121.58,False,False,0
pay_1e043ee813a641,fraud,apparel,791,2,1323.43,False,True,0
pay_44d6f7ace48948,fraud,digital_services,758,0,4245.85,True,False,0
pay_7ffbb21e0e3947,fraud,apparel,213,0,5124.12,True,False,0
pay_41836e2ae9d344,not_received,apparel,10,5,4708.35,False,True,0
pay_acdf4dd2960447,not_received,electronics,244,0,24025.42,True,False,0
pay_246ce707cf224d,fraud,apparel,41,0,2498.55,True,False,0
pay_073b6e05c6bf4d,not_received,electronics,1475,0,25177.16,False,False,0
pay_072d5e115dbc46,fraud,electronics,1341,1,18001.7,True,True,1
pay_85d20b0c5e7146,fraud,digital_services,1207,0,4160.02,True,False,0
pay_4bac26cf38044e,fraud,electronics,507,0,19582.87,False,False,0
pay_6da795e666f349,damaged,electronics,196,2,20543.94,True,False,0
pay_311cedbf2c8c4c,damaged,electronics,11,5,23554.41,False,True,1
pay_2f45a241a78e4b,damaged,electronics,1265,0,19379.69,True,False,0
pay_b4c344cc767b44,fraud,electronics,601,0,36180.79,True,False,0
pay_6cf57b56841e48,fraud,electronics,1022,1,23057.46,False,False,0
pay_3c1ab3ee003042,not_received,apparel,657,0,3385.0,True,True,1
pay_15cf28fc71f741,not_received,apparel,473,0,4369.13,True,True,1
pay_534887f39c2b4e,damaged,apparel,581,0,2339.21,True,False,0
pay_dfb0667728ca4e,fraud,digital_services,906,0,2441.2,True,False,0
pay_8794deede4b240,fraud,apparel,854,1,1347.42,True,False,0
pay_22953f93a27a45,not_received,electronics,1112,0,31919.85,True,False,0
pay_367aa577da1e4e,damaged,electronics,789,0,28504.15,True,False,0
pay_9d61eb1683ad49,damaged,apparel,13,3,1618.97,False,True,1
pay_92d39653064749,not_received,apparel,499,1,3117.79,False,False,0
pay_077ce496eaa649,damaged,electronics,1181,0,34506.21,True,False,0
pay_f6563e6e8e244a,not_received,electronics,543,1,27691.77,True,False,0
pay_63be03ae77a041,damaged,apparel,95,0,2927.87,True,False,0
pay_b190f2894c454d,damaged,apparel,318,0,3347.35,True,False,0
pay_558028be08a942,damaged,apparel,482,0,2610.17,True,False,0
pay_0f343aee7f3841,fraud,electronics,151,0,27976.95,True,False,0
pay_80eb0505ef1f4b,fraud,apparel,757,1,1656.03,True,False,0
pay_d560ce7ad15a49,not_received,apparel,58,0,2238.7,True,False,0
pay_c563d9a7b5ad42,not_received,digital_services,5,4,3836.46,False,True,1
pay_89b9f7d4c7d540,damaged,apparel,393,0,3331.84,True,False,0
pay_eefd0ec3085e49,fraud,apparel,1103,1,5096.12,True,False,0
pay_2643c461326d49,fraud,apparel,609,0,1302.05,False,False,0
pay_390b5aa0ca074c,not_received,apparel,100,0,2102.08,True,False,0
pay_5551eef9530648,fraud,electronics,415,0,19231.9,True,False,0
pay_063bc580576f4e,fraud,digital_services,1,3,3232.27,False,False,0
pay_307147cf0e5a4b,fraud,apparel,651,0,2594.2,True,False,0
pay_3ebbb6879cf848,not_received,apparel,741,0,1626.96,True,False,0
pay_b9fe9168635c41,fraud,digital_services,476,0,1471.66,True,False,0
pay_ec754eaa4c7d45,damaged,digital_services,12,4,2072.1,False,False,0
pay_76b1f8e82b5945,not_received,apparel,204,0,3249.15,True,False,0
pay_cb811708b48b41,damaged,electronics,570,0,25256.39,True,False,0
pay_242fdc17a04e4a,not_received,electronics,10,6,28874.36,False,True,0
pay_56a74a4bd4284e,fraud,digital_services,1156,0,3697.7,True,False,0
pay_929609fb926a45,fraud,electronics,395,0,23406.7,True,False,0
pay_64d742d12c8e4a,fraud,digital_services,1014,0,2810.23,True,False,0
pay_29e19c848af74d,not_received,electronics,4,2,24798.46,False,True,0
pay_f5f8f07eb70648,fraud,apparel,3,5,2894.79,False,True,1
pay_e114293411e946,fraud,apparel,964,0,3853.19,True,False,0
pay_ecbfcbdaf8c841,not_received,electronics,5,6,27251.02,False,False,0
pay_7ff86a093ac145,fraud,digital_services,1343,0,4192.25,True,False,0
pay_0a4f105ce85a41,fraud,apparel,188,0,4392.98,True,False,0
pay_c0362ecb47e14f,not_received,electronics,10,6,29711.6,False,True,0
pay_3c7fc871e90041,damaged,electronics,770,0,23347.98,True,True,1
pay_babc1c6b81bd49,fraud,apparel,483,0,3683.81,False,False,0
pay_47592b0d0b3843,fraud,electronics,1335,0,21335.66,True,False,0
pay_bdbc915277b341,damaged,digital_services,762,1,3475.27,True,False,0
pay_8c62f6f3ff054e,fraud,electronics,11,2,17919.95,False,True,0
pay_dcefa719556e43,damaged,electronics,1169,0,26275.16,False,False,0
pay_bf5c11cadcc743,fraud,electronics,61,0,26866.44,True,False,0
pay_60523c2f412b4c,damaged,electronics,411,0,27548.49,True,False,0
pay_598746cac2aa4a,fraud,electronics,730,1,35051.87,True,False,0
pay_aa08f726b0b449,damaged,digital_services,1382,0,2941.43,True,False,0
pay_5be9729f6c9144,fraud,electronics,174,0,22671.53,True,False,0
pay_3b20c0feaf3a4c,not_received,electronics,1246,0,15066.7,False,False,0
pay_23f1f29362dd43,fraud,electronics,1002,0,22258.21,False,False,0
pay_b6a20a7023c744,fraud,apparel,434,0,2818.48,True,False,0
pay_80c90e7c3b0c43,not_received,apparel,1067,0,122.7,False,False,0
pay_752164cef76142,not_received,apparel,1264,0,2733.56,False,False,0
pay_247753385f5a40,damaged,electronics,229,0,28342.35,True,False,0
pay_c6d332aadb5d47,not_received,apparel,1157,0,1710.82,True,False,0
pay_572654cbf2f64c,damaged,apparel,310,0,3098.03,True,False,0
pay_8a2099c01bad47,not_received,apparel,501,0,3335.57,True,False,0
pay_e766546934fe48,damaged,electronics,981,0,28527.99,True,False,0
pay_bb6fec7cfd734c,damaged,apparel,3,6,2125.13,False,True,1
pay_569c4c552e4145,fraud,electronics,247,0,25899.51,True,False,0
pay_82c42ad465e640,damaged,electronics,1076,2,13849.2,True,False,0
pay_432b2637bd0148,damaged,electronics,511,0,19292.95,True,False,0
pay_fe2733b0ad4b49,fraud,apparel,5,4,1617.13,False,True,1
pay_b4025ee6594743,not_received,electronics,8,4,14123.66,False,True,0
pay_5010865dbcbb42,fraud,apparel,1220,0,2797.4,True,False,0
pay_4526454ee6d245,damaged,digital_services,762,0,2698.15,True,False,0
pay_f3298fad35c848,fraud,apparel,9,5,2814.99,False,True,0
pay_669155c34d8547,fraud,apparel,120,0,2137.8,True,False,0
pay_ea6881e3dd594e,not_received,apparel,710,0,3421.57,True,False,0
pay_d4a0b89c95b44d,not_received,apparel,859,0,4787.86,True,False,0
pay_9d9213b0ea834c,damaged,electronics,1431,0,20190.37,True,False,0
pay_1f0c67627d554c,damaged,apparel,1480,0,2844.68,False,False,0
pay_d23e7ba15f8747,not_received,apparel,1462,0,3229.4,True,False,0
pay_26511e1c500a43,fraud,electronics,10,3,28817.12,False,False,0
pay_24e468f4b0ac42,not_received,electronics,179,0,32356.22,True,False,0
pay_b22e75f6c2a149,not_received,electronics,9,6,27038.77,False,False,0
pay_92def0d6405e4e,not_received,digital_services,889,0,1997.92,True,False,0
pay_55a8e75b196144,fraud,electronics,810,0,25489.14,False,False,0
pay_88b9ea9e5a7847,not_received,electronics,115,0,24054.01,True,False,0
pay_cd1e1dc6f70f4b,fraud,apparel,715,0,5012.27,False,False,0
pay_cde70ff3e9b54a,not_received,digital_services,1294,0,4443.79,True,False,0
pay_a962536c500741,not_received,electronics,888,0,25357.58,True,False,0
pay_3a076c228ff743,damaged,apparel,1147,0,2651.11,True,False,0
pay_8e99ed69282e4e,not_received,apparel,983,0,2190.21,True,False,0
pay_f4b5d5e25b5249,fraud,apparel,1209,0,2985.78,True,False,0
pay_890340d6595c44,damaged,digital_services,5,3,3209.14,False,True,1
pay_d4a2affdc24b4d,not_received,electronics,13,4,27455.61,False,True,1
pay_2230f198158645,fraud,digital_services,1478,0,4447.65,False,False,0
pay_497dc146c64049,not_received,digital_services,4,4,4303.52,False,False,0
pay_258b0005a45e46,fraud,digital_services,896,0,4605.64,True,False,0
pay_c0de323a525743,damaged,apparel,80,0,2745.97,True,False,0
pay_d6b098ea8ef242,not_received,digital_services,919,1,5026.1,True,False,0
pay_8064cdab65094b,not_received,electronics,719,0,28233.76,True,False,0
pay_8e115ef8b20c4d,fraud,electronics,189,0,33987.57,True,False,0
pay_e169ce76a39949,fraud,electronics,2,6,37161.22,True,False,0
pay_887898c84b2843,damaged,electronics,1370,0,17546.43,False,False,0
pay_ca83729977a143,damaged,apparel,1156,0,2561.4,True,False,0
pay_90300f84468a4a,fraud,electronics,1394,0,20406.71,True,False,0
pay_cd98f53c447542,fraud,electronics,243,0,35389.88,True,False,0
pay_8ef61f60b96c48,fraud,apparel,11,2,2537.33,False,False,0
pay_5bced61dab2840,not_received,digital_services,713,0,2836.62,True,False,0
pay_b2ce234e6c3749,not_received,apparel,705,0,2448.75,True,False,0
pay_7982ce7d46ee4e,not_received,digital_services,905,0,2567.52,True,False,0
pay_d0bee0c1284246,not_received,apparel,1320,0,4192.86,True,False,0
pay_55947cc745dc43,damaged,digital_services,3,3,3305.38,False,True,1
pay_6767ab49383d4c,not_received,apparel,1406,0,1474.7,True,False,0
pay_1ad2cc8ecffa40,fraud,digital_services,1090,0,3219.52,True,False,0
pay_2b0c880dc46841,not_received,electronics,366,0,27703.12,True,False,0
pay_652f24c65e9d43,damaged,digital_services,171,0,2933.87,True,False,0
pay_f52d9133d58142,not_received,apparel,1093,0,5418.0,True,True,1
pay_55c87c96fcac44,not_received,apparel,1333,1,2625.33,True,False,0
pay_b56e8e6c518343,not_received,apparel,1391,0,2566.26,True,False,0
pay_b87cf17bff5648,damaged,digital_services,7,3,3521.51,False,True,1
pay_77828c81b20445,not_received,digital_services,1069,0,1861.76,True,False,0
pay_8f0f2c81be224a,fraud,electronics,87,0,33349.96,True,False,0
pay_4b4861b48cbb41,damaged,electronics,704,1,26456.48,True,False,0
pay_6921948e442d4d,damaged,electronics,6,2,21968.96,False,True,0
pay_47aa0248a10445,fraud,electronics,255,0,17044.96,True,False,0
pay_e0f42a92d0ec48,not_received,electronics,190,0,31901.06,True,False,0
pay_0261cb7630464d,not_received,apparel,756,1,2415.65,True,False,0
pay_80ab9975c8a541,fraud,apparel,1045,0,3383.77,False,False,0
pay_af865cc590e749,damaged,apparel,1110,0,2076.79,False,False,0
pay_54fcc2e9160c46,not_received,apparel,1256,0,2126.23,True,False,0
pay_1af6fcc275aa4f,damaged,apparel,1121,0,3409.96,False,False,0
pay_8dee29739f454e,fraud,electronics,761,0,20903.14,True,False,0
pay_5f0071566b234e,not_received,apparel,1326,0,2856.91,True,False,0
pay_d3db64b273ce4f,fraud,apparel,1378,0,4381.66,False,False,0
pay_df0181fec2f949,not_received,electronics,1311,1,25953.32,False,True,0
pay_aac6971cef2740,not_received,electronics,1258,0,20206.81,True,False,0
pay_702cf5208e794f,not_received,electronics,754,0,27745.09,False,False,0
pay_d0a7c12106bf42,fraud,digital_services,10,2,2377.37,False,True,0
pay_1e2d91f61b554b,fraud,apparel,189,0,2351.79,True,False,0
pay_2b97502f94484e,fraud,apparel,10,3,4871.16,False,True,0
pay_a9182a8e1ade4c,fraud,electronics,12,5,24953.69,False,False,0
pay_483536b92fd948,not_received,electronics,433,1,26553.02,True,False,0
pay_79828c4651414c,not_received,electronics,3,6,29483.31,False,False,0
pay_65cd4021487843,not_received,electronics,286,2,22720.66,True,False,0
pay_df708576f68a44,not_received,electronics,460,0,19741.31,True,False,0
pay_b7c86c512a674b,fraud,electronics,844,0,22650.4,True,False,0
pay_d165781acca146,fraud,apparel,116,0,4730.33,True,False,0
pay_4396de1c2d2d43,fraud,electronics,234,0,13998.88,True,True,1
pay_c87c4b754ace49,damaged,apparel,1186,0,2617.09,True,False,0
pay_7597142f808d46,not_received,apparel,12,3,4134.07,False,True,0
pay_107ee194187b48,fraud,apparel,12,2,4303.97,False,True,0
pay_8164208eae7a4c,fraud,apparel,351,0,2027.16,True,False,0
pay_0f47604ee4f14c,damaged,electronics,5,5,20087.23,False,True,1
pay_0fc8325481ca44,not_received,digital_services,83,0,3341.75,True,False,0
pay_752b3e5aeb3343,not_received,digital_services,1386,0,2338.38,True,False,0
pay_5e8e00c575cb44,not_received,electronics,230,0,17291.53,True,False,0
pay_78dc1ea70f1f43,fraud,electronics,301,0,28572.2,True,True,1
pay_c6dbf793649e4b,damaged,digital_services,425,2,2357.17,True,False,0
pay_d836383258e94d,not_received,digital_services,4,3,2491.57,True,False,0
pay_d792c8e9ed7448,fraud,electronics,207,0,34682.81,True,False,0
pay_b4492d2a250f42,damaged,electronics,735,0,33495.29,True,False,0
pay_5db50f6e085441,not_received,digital_services,126,0,3570.28,True,False,0
pay_1de8ed3e1f4b41,fraud,electronics,1027,0,24569.07,True,False,0
pay_933138a1e8aa4b,not_received,digital_services,626,0,3764.48,False,False,0
pay_ab4729cb64b446,fraud,electronics,619,0,27142.49,True,False,0
pay_22b2bdd02e564b,fraud,digital_services,1448,0,3637.55,True,False,0
pay_990ecc6f08eb49,not_received,electronics,175,0,14081.31,True,False,0
pay_0444f83a1ac143,fraud,electronics,592,0,19163.28,False,False,0
pay_2374a88ac10c4e,damaged,digital_services,1270,0,3365.42,True,False,0
pay_de738814a08a42,damaged,electronics,997,0,24211.78,True,False,0
pay_21b8487077e348,fraud,electronics,277,0,35841.5,True,False,0
pay_b34c12a6fd4b46,not_received,digital_services,11,2,1629.06,False,True,0
pay_65aa2e4a55aa4d,damaged,electronics,113,0,26380.34,True,False,0
pay_75670b66f7584e,not_received,electronics,1494,0,22982.3,True,False,0
pay_193bb973dbca44,not_received,electronics,7,2,21600.99,False,True,0
pay_c11d919728e146,fraud,apparel,901,0,4689.04,True,False,0
pay_d21b0171aeb446,not_received,apparel,529,0,4033.97,False,False,0
pay_741615c99eb44d,not_received,digital_services,532,0,4950.8,True,False,0
pay_9a9b5f0f4d4d46,damaged,apparel,133,0,3105.65,True,False,0
pay_5ed89922b2b240,fraud,electronics,1147,0,23623.16,True,False,0
pay_bd0699160dfa41,damaged,electronics,35,0,29756.64,True,False,0
pay_41522d13dfb241,fraud,digital_services,1365,0,2591.51,True,False,0
pay_67534f17de9140,damaged,apparel,588,0,4170.23,True,False,0
pay_4e8581d3890a40,not_received,digital_services,877,0,4476.79,False,False,0
pay_ec5977745cf64e,not_received,digital_services,48,2,1715.05,True,False,0
pay_da03a0a922ad49,not_received,electronics,32,0,19863.6,True,False,0
pay_98f28e1e8de543,fraud,apparel,170,0,4052.86,True,False,0
pay_fc96aa7dcfa849,fraud,apparel,623,0,4417.03,True,False,0
pay_08f6b9c877f64c,fraud,electronics,5,3,18339.88,False,True,1
pay_c6705ba9002b4d,fraud,electronics,6,6,26349.73,False,True,0
pay_c1cb5fdb1d204f,fraud,digital_services,404,0,3634.01,True,False,0
pay_bf8d89a79f5a41,not_received,apparel,1478,0,3505.98,True,False,0
pay_bc91e4a256e74e,not_received,apparel,36,0,2884.62,True,False,0
pay_59f027acb6554d,fraud,apparel,60,0,3990.69,True,False,0
pay_8e6af2573e544a,damaged,apparel,666,0,2490.1,True,False,0
pay_7d5c17374f9f4a,not_received,electronics,4,5,22797.77,True,True,1
pay_ef46861bb7434e,damaged,apparel,48,0,3299.58,True,False,0
pay_8e3b06cd45b941,not_received,apparel,76,0,2125.5,True,False,0
pay_ce4c2375097144,fraud,digital_services,11,6,3016.03,False,True,1
pay_9ceae6e4387940,not_received,apparel,485,0,3981.46,True,False,0
pay_3e37a4ea7f7142,not_received,digital_services,8,2,2858.3,False,True,0
pay_0939e791ca194b,fraud,electronics,1103,1,29155.71,False,False,0
pay_34312de9365a45,fraud,digital_services,558,0,3237.99,True,False,0
pay_7d9e9fa453e14f,fraud,digital_services,575,0,2853.71,True,False,0
pay_3b7bb3d4255f49,fraud,apparel,1351,0,2940.26,True,False,0
pay_d034c179e56845,not_received,electronics,1035,0,20319.88,False,False,0
pay_7ce72de6d60844,not_received,electronics,314,1,18653.43,True,False,0
pay_91561d8350ed47,fraud,apparel,401,0,2956.59,True,False,1
pay_eaba5e86c9454f,not_received,apparel,53,0,1979.56,True,False,0
pay_9735046f45ce4e,not_received,apparel,1201,0,3014.34,True,True,1
pay_f1694b3a37c849,fraud,apparel,3,4,2042.51,False,True,1
pay_9cc3cb9cc61f44,fraud,apparel,750,1,2995.03,True,False,0
pay_286d7a3a8c184e,fraud,electronics,5,6,19650.66,False,False,0
pay_33078cdaae1948,fraud,electronics,629,0,19961.8,False,False,0
pay_3035e694c42b49,fraud,electronics,1144,0,30730.46,False,False,0
pay_26518a293ef643,fraud,electronics,1003,0,22150.0,True,False,0
pay_04f77ae510af4a,not_received,apparel,595,2,2637.06,True,False,0
pay_24faa732831c40,not_received,digital_services,1300,0,4446.75,False,False,0
pay_7400481ec3b24c,fraud,electronics,549,0,26721.05,True,False,0
pay_1ba4b351583a4d,fraud,electronics,8,2,24495.3,False,True,0
pay_2ebdac25b2414c,not_received,apparel,297,0,2204.4,True,False,0
pay_76305e73eec04f,damaged,digital_services,1424,0,3909.9,True,False,0
pay_8f5973a165e342,not_received,electronics,1494,0,15413.17,True,False,0
pay_45ed185b544240,not_received,digital_services,225,0,3902.42,True,False,0
pay_a58eb6b7237641,fraud,electronics,7,4,25293.67,False,True,0
pay_3b61dcbab2bb47,fraud,electronics,289,0,34017.02,True,False,0
pay_7e305ec956f34d,damaged,apparel,987,0,777.53,True,False,0
pay_d7eb7751c8e74e,fraud,apparel,874,0,3402.97,False,False,0
pay_3e8c58608ed747,damaged,apparel,444,0,2408.47,True,True,1
pay_0046ae043bed4a,not_received,digital_services,1213,0,2633.75,True,False,0
pay_2468079b51fe44,not_received,electronics,1477,0,26739.34,True,False,0
pay_cbf20753961a4e,fraud,apparel,801,0,3180.07,True,False,0
pay_246c4564a28948,not_received,apparel,388,1,3827.77,True,False,0
pay_4b05ff841c5342,not_received,digital_services,981,0,2629.03,True,False,0
pay_bb2b86f316b449,fraud,apparel,1366,0,3291.41,True,False,0
pay_73889e5ba17b42,fraud,electronics,147,0,28020.51,False,False,0
pay_c92a5a1877ee4b,damaged,apparel,462,2,2775.4,True,False,0
pay_9dd183fcb09745,not_received,digital_services,921,2,4235.67,True,False,1
pay_d75f021e25d142,not_received,electronics,283,0,30327.42,True,False,0
pay_21ed6825e6844b,fraud,electronics,6,3,27595.43,False,False,0
pay_02865b167f514c,not_received,electronics,771,0,27350.62,True,False,0
pay_2335ce1c6c3840,not_received,apparel,456,0,5043.66,True,False,0
pay_e1b1fc129b2241,not_received,electronics,883,1,17327.69,True,False,0
pay_23e87c6b6d5d4b,not_received,electronics,1339,0,22283.68,True,False,0
pay_836096c19b8b4b,not_received,apparel,869,0,3895.44,True,False,0
pay_fafddee8fe9442,not_received,electronics,521,0,26700.2,True,True,1
pay_14f93ec075f142,fraud,electronics,467,0,29630.51,True,False,0
pay_86e7589d43c74f,damaged,apparel,1255,1,3373.13,True,False,0
pay_980c4b30681144,not_received,electronics,310,0,18650.33,True,False,0
pay_76206115e4254b,fraud,electronics,1433,0,40207.03,False,False,0
pay_3991311885c749,not_received,electronics,1381,0,23643.77,True,False,0
pay_0fd7a18bb6da47,damaged,electronics,13,4,27140.37,False,True,1
pay_3384650b8e9748,fraud,apparel,707,1,1698.38,True,False,0
pay_33f54a91367b4f,fraud,apparel,1089,0,3250.77,True,False,0
pay_b9a0a8cfacb947,not_received,apparel,582,0,3113.25,True,False,0
pay_60a9dcd9f25e44,fraud,electronics,844,2,25917.72,True,False,0
pay_ddfcb222d42f4b,not_received,electronics,781,0,26691.28,True,False,0
pay_6753f678122a47,fraud,digital_services,1012,0,1749.32,True,False,0
pay_c6b11040e5954f,not_received,electronics,799,0,28012.3,False,True,1
pay_d5c594fc891840,fraud,electronics,1215,0,28659.72,True,False,0
pay_dead37f2dd2645,fraud,digital_services,549,0,2624.13,True,False,0
pay_d4562838a8ef46,damaged,apparel,597,0,2689.84,True,False,0
pay_1a9fc6f5925c4e,not_received,apparel,296,1,4190.81,True,False,0
pay_2e504153325b47,fraud,apparel,500,0,4435.51,False,False,0
pay_f38a842e8a6842,fraud,electronics,1123,1,19404.3,True,False,0
pay_551f5b7f711142,not_received,digital_services,615,1,2383.91,True,False,0
pay_f65d0050021146,not_received,digital_services,788,2,2416.22,False,False,0
pay_7ed61d644dfd43,damaged,electronics,1120,0,18354.06,True,False,0
pay_3854f3491a8840,damaged,digital_services,9,5,2986.2,False,True,1
pay_9a50321d95974f,not_received,apparel,747,0,2703.81,True,False,0
pay_d577d8cb1ae148,not_received,apparel,12,3,3054.16,False,True,1
pay_98b77c5be5f446,not_received,electronics,671,0,29162.38,True,False,0
pay_9db102bddc4440,not_received,apparel,10,5,4682.7,False,False,0
pay_2709678a88314a,fraud,electronics,163,0,24584.64,True,False,0
pay_52ab5253b21946,fraud,apparel,4,2,1649.59,False,True,1
pay_6421f32f51534c,fraud,electronics,1259,0,22863.12,True,False,0
pay_a03ff4d7812646,fraud,apparel,671,0,2560.08,True,False,0
pay_8c3cc8facbc940,fraud,apparel,540,0,2995.21,True,False,0
pay_853398099a3842,not_received,digital_services,9,3,1722.55,False,True,0
pay_24ec92f5a59c41,not_received,electronics,1268,0,18483.76,True,False,0
pay_87df2494137541,not_received,digital_services,1425,0,3029.99,True,False,0
pay_eec1cac43b6d4c,fraud,electronics,157,0,23667.28,True,False,0
pay_b4f11328902148,fraud,digital_services,1359,0,3059.09,False,False,0
pay_ce7231a8dce240,not_received,apparel,804,0,3025.67,True,False,0
pay_45f09ddb539e4d,fraud,digital_services,1377,0,2715.91,True,False,0
pay_935ff2262f224d,not_received,apparel,364,0,3453.87,True,False,0
pay_d0f9fa4313f646,damaged,apparel,1204,0,2154.67,True,False,0
pay_34f607f25db04f,fraud,electronics,1161,0,26818.18,False,False,0
pay_07451f32539c43,fraud,digital_services,1285,0,2048.29,True,False,0
pay_f8b86ecf1f7b46,not_received,digital_services,1359,0,3090.3,True,False,0
pay_6aa8b08a1ffd4b,damaged,electronics,10,6,28242.88,False,True,1
pay_57562ae2c1cc48,not_received,electronics,8,4,18224.71,False,True,1
pay_dbf9d776d4ce46,damaged,apparel,1101,0,2203.94,True,False,0
pay_7024025b62c94e,fraud,digital_services,285,0,713.8,True,False,0
pay_cd5d1d95c5684f,damaged,electronics,300,0,25823.6,True,False,0
pay_f596b71047e54b,fraud,digital_services,13,4,2508.23,False,True,0
pay_1bd670a5a82449,fraud,electronics,1443,0,20155.03,True,True,1
pay_9d9d61f1fba540,damaged,digital_services,1034,0,4477.82,True,False,0
pay_f0be7232970247,damaged,apparel,1112,1,4396.96,True,False,0
pay_9f00d0e0732642,fraud,electronics,262,1,19885.83,True,False,0
pay_4b62e930690a4f,fraud,electronics,1001,0,24542.63,True,False,0
pay_015551efcd0b46,fraud,apparel,439,0,2075.61,True,False,0
pay_1bf6719a72774b,fraud,apparel,964,0,2904.69,False,False,0
pay_1ae8a4bbf9424d,fraud,digital_services,357,0,1600.47,True,False,0
pay_2429ec4874dd44,damaged,apparel,1208,0,2749.41,True,False,0
pay_6b620253f03f44,not_received,apparel,1272,0,2824.22,True,False,0
pay_9c116100cd3d47,not_received,digital_services,10,5,1213.87,False,False,0
pay_7a0ecf8f9c1448,not_received,apparel,990,0,3194.0,True,False,0
pay_f6d89c48a0304c,not_received,digital_services,968,0,3955.82,True,False,0
pay_7a8207cc58694a,not_received,digital_services,1478,0,1969.62,True,False,0
pay_8056e854a54b49,not_received,digital_services,778,0,2504.26,True,False,0
pay_bfcae868065447,fraud,electronics,317,0,29712.07,True,False,0
pay_ee5abc0ce43043,not_received,apparel,800,0,2846.69,True,False,1
pay_6d3570ba328147,not_received,apparel,13,3,2499.66,False,False,0
pay_ecc583cfc47f46,damaged,apparel,280,0,4015.67,True,False,0
pay_b1c4637646614c,damaged,apparel,1242,0,4165.35,True,False,0
pay_55e727210f1642,not_received,digital_services,174,0,2178.08,True,False,0
pay_5fcd778e3f814e,not_received,electronics,470,0,33820.68,True,False,0
pay_9735ed4056484d,fraud,apparel,911,0,2924.1,True,False,0
pay_3dbe0e969dc34f,not_received,electronics,6,6,18472.48,False,False,0
pay_9a98962618804f,fraud,electronics,1341,0,24361.6,True,True,1
pay_0555ddfeefb841,fraud,apparel,634,0,2958.0,True,False,0
pay_cec4d9f093f844,fraud,electronics,1,6,27774.04,False,False,0
pay_e7cc61abdd2c40,not_received,electronics,652,1,27931.48,True,False,0
pay_20a864ff9d6147,fraud,apparel,1151,0,2639.19,True,False,0
pay_2b43623362a143,damaged,electronics,1348,1,21295.2,True,False,0
pay_67dd6af28f634c,fraud,electronics,684,1,21280.73,True,False,0
pay_4dea9ad504f943,damaged,digital_services,1167,0,3390.34,True,False,0
pay_62bdfeb9fd4747,not_received,digital_services,355,0,4366.1,False,False,0
pay_9e60ee9cbde94f,fraud,electronics,261,0,23373.01,True,False,0
pay_e7027a30062c4c,fraud,electronics,905,0,17673.5,False,False,0
pay_2b2ee70b352d4a,not_received,digital_services,12,2,4996.0,False,True,0
pay_71b5b272335147,not_received,electronics,466,0,18223.86,False,False,0
pay_e25d575623dc4a,not_received,apparel,984,0,4560.73,True,False,0
pay_ef5b99caa8074f,fraud,apparel,928,0,1801.89,True,False,0
pay_7c6cdd0b9bd64b,not_received,apparel,1206,0,3392.05,True,False,0
pay_802ab428fbfc47,damaged,digital_services,86,0,3292.72,True,False,0
pay_b95d2c7d5fb344,fraud,electronics,6,5,23263.43,False,True,0
pay_baa1939edbc84b,not_received,apparel,204,0,2998.54,True,False,0
pay_1e5fcb18d8d449,fraud,apparel,3,2,3214.69,False,True,0
pay_bbb9c315e37244,not_received,digital_services,2,5,3140.9,True,True,1
pay_bcab6215bf834b,not_received,digital_services,438,0,3855.34,True,False,0
pay_022d37ed42fb4d,fraud,apparel,955,1,3559.4,True,False,0
pay_2fbd7737702341,fraud,digital_services,1063,0,4652.32,True,False,0
pay_55d85599cfe141,fraud,electronics,8,5,19460.89,False,True,1
pay_1d59d6a982414b,not_received,electronics,1263,0,29318.29,False,False,0
pay_f0c96cf2889145,not_received,electronics,621,1,28174.69,False,False,0
pay_719bbeb6a52a41,damaged,electronics,1181,0,22868.69,True,True,1
pay_409d2769e3e54c,not_received,apparel,1207,0,2702.8,True,False,0
pay_1445d458900e48,fraud,digital_services,1390,0,3214.88,True,False,0
pay_c209cf858f1a4a,damaged,apparel,326,0,2763.94,True,False,0
pay_ed069e93a44247,not_received,apparel,90,2,1561.87,False,False,0
pay_70780eb00c8b40,not_received,electronics,918,2,21626.38,True,False,0
pay_7ab4201a288e41,fraud,apparel,726,0,3705.65,True,False,0
pay_df1117b9803c48,fraud,apparel,1354,0,2016.99,True,False,0
pay_d391896faf1148,damaged,apparel,57,0,5524.41,False,False,0
pay_ea26f1dafa8d4f,not_received,electronics,433,0,16245.46,False,False,0
pay_47cab95222e541,fraud,apparel,67,0,4062.37,True,False,0
pay_7e04b75d2b7049,not_received,apparel,379,0,4184.85,True,False,0
pay_b8f23f32d4804d,damaged,apparel,170,0,4270.24,True,True,1
pay_eb5e4907b9c04c,fraud,electronics,938,2,29256.31,True,False,0
pay_39067b52de8c49,not_received,electronics,61,0,19764.39,True,False,0
pay_daed01cbd3be41,damaged,electronics,1108,1,26131.24,True,False,0
pay_90045a49d95147,fraud,apparel,706,0,3514.28,True,False,0
pay_389d9a7c889b4a,not_received,apparel,1,2,3763.14,False,True,0
pay_72e7e4b255d34b,not_received,digital_services,1320,0,1647.41,True,False,0
pay_1e43eb006c124d,not_received,apparel,8,2,3476.15,False,False,0
pay_645803dfd7b540,fraud,electronics,950,0,24042.14,True,False,0
pay_9fc13fb343f647,fraud,apparel,1162,0,3814.45,False,False,0
pay_6da2c0f5a72a4e,not_received,apparel,8,2,2188.24,False,True,1
pay_955eacd7f86e4e,fraud,electronics,267,2,22186.39,True,False,0
pay_fd054e6e23fe48,not_received,apparel,849,1,5293.12,True,False,0
pay_99f16917fe6248,fraud,electronics,4,4,35203.4,False,True,0
pay_3a8c286944f940,fraud,electronics,54,1,20502.62,False,False,0
pay_647f5cacf6384c,damaged,apparel,9,5,3903.92,False,True,1
pay_bd9bc35e8b654a,not_received,apparel,1487,0,3382.32,False,False,0
pay_db88131fbb934a,damaged,apparel,8,2,3329.82,False,True,1
pay_02a4e825836d4d,fraud,electronics,975,0,35205.84,True,True,1
pay_6c5fc3091e5844,not_received,digital_services,577,0,2387.26,True,False,0
pay_c016c79008e04f,fraud,apparel,823,0,3146.89,True,False,0
pay_04d84233a4ba42,not_received,digital_services,1470,0,2879.81,True,False,0
pay_c3de2ccbb89246,not_received,apparel,11,3,2550.07,False,True,0
pay_90e9dfc3f85a43,fraud,apparel,3,5,4239.49,False,True,0
pay_1023eb29482a4b,damaged,electronics,742,0,16995.01,True,False,0
pay_a801b9c1726147,fraud,apparel,1119,0,2146.74,True,True,1
pay_e016df0cf35648,not_received,apparel,213,0,3519.14,False,False,0
pay_8bcd1a31cc444b,damaged,electronics,762,0,19472.44,True,False,0
pay_405a0fd8f20148,damaged,apparel,1299,0,3317.47,True,False,0
pay_16838b7116b642,damaged,apparel,295,1,4636.46,True,False,0
pay_1e18fe05b12b4f,fraud,apparel,453,2,4134.43,True,False,0
pay_12371d2a2fd840,fraud,electronics,1366,0,28377.98,True,False,0
pay_26021a93f65245,fraud,electronics,890,1,25687.81,True,False,0
pay_93780b3a968142,not_received,electronics,12,6,12197.46,False,True,1
pay_ef0170d56d2c48,not_received,apparel,1458,0,3046.13,True,False,0
pay_80c1c4d32d7b43,fraud,electronics,341,0,23765.01,False,False,0
pay_7a69cb59d0e14c,not_received,electronics,1290,2,17912.49,True,False,0
pay_490467caa27d4b,fraud,digital_services,509,0,4091.48,True,False,0
pay_d58a0e3438824a,fraud,electronics,547,0,16467.83,True,False,0
pay_d4bee318febf4d,not_received,apparel,239,0,5061.73,True,False,0
pay_4db69ebbb8c742,not_received,digital_services,1,6,3541.76,False,True,0
pay_e6058004aef942,damaged,apparel,138,0,2056.23,False,False,0
pay_34f3d30f779c4c,fraud,apparel,157,0,3632.98,True,False,0
pay_6266d87d59ca45,not_received,digital_services,1133,0,2904.97,False,True,0
pay_526f6ea7344a48,fraud,digital_services,49,0,2480.86,True,True,1
pay_35e31cb2245c4f,fraud,apparel,930,0,3556.02,True,False,0
pay_e6fc0651e6a748,not_received,electronics,900,0,20700.63,True,False,0
pay_06ecec796aaf42,damaged,apparel,710,0,1722.14,True,False,0
pay_115706add76848,fraud,digital_services,13,6,3784.33,False,True,0
pay_2048c9348fae48,fraud,digital_services,635,0,1888.43,True,False,0
pay_89fa02fd7c7c45,not_received,digital_services,1003,0,994.15,True,False,0
pay_2f9f6d40b5dc4b,fraud,apparel,13,5,4036.23,False,True,0
pay_2da8e2d62eac4d,damaged,apparel,634,0,2983.76,True,False,0
pay_290e73693ea245,not_received,electronics,226,0,24695.73,True,False,0
pay_59280181811c47,fraud,electronics,1057,0,28499.83,True,False,0
pay_baf6dfdafd8b4e,not_received,apparel,893,1,3154.83,True,False,0
pay_f4e9d33ecd934a,not_received,electronics,184,0,26965.0,True,False,0
pay_1c6bf83073a34a,fraud,electronics,11,2,34366.1,False,True,0
pay_47b2783a179640,not_received,digital_services,749,2,2340.52,True,False,0
pay_f0c739a9798f4c,fraud,electronics,7,5,29489.98,False,True,1
pay_7883f6107fb14e,not_received,digital_services,1167,0,2751.94,True,False,0
pay_ed5d912cf7094f,fraud,electronics,6,6,28667.4,False,True,1
pay_d0641fb285274c,damaged,digital_services,835,0,3199.72,True,False,0
pay_1ef36faf735f4d,fraud,apparel,1030,0,2468.73,True,False,0
pay_8372df5c34294b,fraud,electronics,237,0,21269.83,True,False,0
pay_c10ec4263d914c,damaged,apparel,1285,0,3258.27,True,False,0
pay_26568b165c744d,fraud,digital_services,6,6,4459.97,False,False,0
pay_63fd3f4b4eb644,fraud,apparel,1460,0,2369.59,True,False,0
pay_40c9d4c846a447,fraud,apparel,11,2,3639.22,False,True,0
pay_3e5b184eb16e44,fraud,digital_services,1099,0,3113.54,True,False,0
pay_9b9e9a40b85047,damaged,electronics,289,0,31009.9,True,False,0
pay_cdeea01a786c4c,not_received,digital_services,348,0,3473.01,True,False,0
pay_56399af108b84c,fraud,electronics,191,0,27113.96,True,False,0
pay_1326bf113fa84a,not_received,apparel,1,4,3312.41,False,False,0
pay_98c78a0ed4be4c,not_received,electronics,6,5,20479.67,False,False,0
pay_44c9367696b24d,damaged,apparel,954,0,4507.64,True,False,0
pay_f6afd8b029da42,fraud,electronics,244,0,32743.9,False,False,0
pay_c5023003e8504c,not_received,electronics,595,0,24176.37,True,False,0
pay_fb77de5043784f,not_received,apparel,534,0,2600.47,True,False,0
pay_c9a8ab2964234f,not_received,apparel,987,0,2112.49,False,False,0
pay_f4be4dfd7b7048,not_received,apparel,911,0,3103.96,True,False,0
pay_47b9b5ef06814e,fraud,apparel,816,0,2085.79,True,False,0
pay_bb7a887af25c44,not_received,electronics,1265,0,24712.54,True,True,1
pay_0cc2c055d6724d,not_received,digital_services,1466,0,1381.71,True,False,0
pay_691d272b99354d,damaged,electronics,1370,0,27886.54,True,False,0
pay_2551959c730a4c,fraud,electronics,152,0,23761.23,False,False,0
pay_920a7b59e41647,not_received,apparel,628,0,2431.34,True,False,0
pay_4a77cf9b816344,damaged,apparel,11,6,3513.07,False,True,1
pay_67bf124eaff545,not_received,electronics,47,0,24938.0,True,False,0
pay_3093f589715e42,damaged,electronics,3,5,23936.11,False,False,0
pay_092b241c362243,damaged,digital_services,550,0,2025.92,True,False,0
pay_d4763d73f1d84f,fraud,apparel,886,0,3778.68,True,False,0
pay_479c247f98a747,not_received,apparel,240,0,2148.73,True,True,1
pay_ce581c96743544,fraud,digital_services,1413,0,2779.83,False,False,0
pay_95452bca670b48,not_received,electronics,302,1,26445.84,True,False,0
pay_e4d7cfdefb794d,fraud,apparel,669,1,3061.15,True,True,1
pay_c511402c4de444,not_received,electronics,866,0,20634.26,True,False,0
pay_269da1b571734d,not_received,electronics,226,0,36617.17,True,False,0
pay_4e0b474e3f4b48,not_received,electronics,1338,0,28211.08,False,False,0
pay_592d2d4248634a,fraud,apparel,1349,2,2577.32,True,False,0
pay_a3c388cb2f484c,damaged,electronics,755,0,30163.97,False,False,0
pay_2be482c2adc246,fraud,apparel,1211,0,3250.7,True,False,0
pay_da63e92d7eaa45,fraud,digital_services,1353,0,3218.99,True,False,0
pay_feaa52a6f8124b,fraud,apparel,322,0,2986.05,True,False,0
pay_db0f578badeb48,damaged,electronics,78,0,20284.77,True,False,0
pay_98d4831e48eb43,damaged,electronics,1275,0,31727.45,False,False,0
pay_c51a5018dbd145,not_received,apparel,255,0,2877.75,True,False,0
pay_398687b79c9844,damaged,electronics,445,1,22938.47,False,False,0
pay_b7bb9d243fc944,fraud,digital_services,217,1,1765.64,True,False,0
pay_10e3f0654acc42,damaged,digital_services,1474,0,2896.42,True,False,0
pay_3eae41535f2e4c,fraud,apparel,805,0,3197.6,True,False,0
pay_8b35e25a7d9447,fraud,electronics,2,2,24299.85,False,True,0
pay_6db732b138e249,fraud,digital_services,73,0,3405.87,True,False,0
pay_b4c5f7e9a1c84b,not_received,apparel,4,2,2714.68,False,True,0
pay_8e7b4f636e2e42,not_received,apparel,1407,0,3620.05,True,False,0
pay_97da9abd203144,fraud,electronics,560,0,19835.99,True,False,0
pay_39326cba03f740,damaged,apparel,924,0,3316.73,True,False,0
pay_4f87a7e2f3124c,not_received,digital_services,53,0,554.84,True,False,0
pay_001b742c835548,fraud,electronics,1416,0,28788.67,True,False,0
pay_ad19b7b91ac240,not_received,digital_services,1331,0,3091.13,True,False,0
pay_61ba87e210e545,not_received,electronics,1120,1,25599.02,False,False,0
pay_c57ddbe33ff64c,damaged,digital_services,222,0,3226.82,True,False,0
pay_22c46220e00d40,not_received,apparel,615,0,2497.79,True,False,0
pay_29b5314f45f341,not_received,electronics,227,0,29003.12,True,False,0
pay_9e9dd58f62c044,fraud,electronics,1351,0,19238.08,True,False,0
pay_40cc4682808a45,not_received,apparel,5,3,312.6,False,False,0
pay_4cd563dfcf854a,damaged,electronics,460,1,28251.99,True,False,0
pay_cad9548155424f,fraud,apparel,7,2,2515.22,False,True,0
pay_f10e6de2f22748,damaged,electronics,618,0,31978.67,True,False,0
pay_96438e90a6964f,not_received,electronics,719,0,21130.83,True,False,1
pay_97ab6d5e66e14a,fraud,apparel,1348,0,3069.16,True,False,0
pay_dd91b23f655845,damaged,apparel,763,0,1946.56,True,False,0
pay_ffb8d771e85a46,not_received,apparel,1222,0,2026.88,True,False,0
pay_1a44a08011d746,fraud,apparel,1422,2,3655.88,False,False,0
pay_155520c9f42f46,fraud,apparel,2,2,4008.55,False,True,0
pay_8614d6e5649e44,fraud,apparel,840,0,3014.88,True,False,0
pay_d4b0bbf8af9841,damaged,electronics,1359,0,15380.14,False,False,0
pay_e9eec83bc53447,not_received,electronics,188,0,20389.27,True,False,0
pay_2b10baf6614c49,damaged,electronics,12,3,20768.42,False,True,1
pay_5d2c861dc08f4b,fraud,apparel,9,6,2956.93,False,True,0
pay_417d6323d8b447,fraud,apparel,4,3,3941.61,False,True,1
pay_6fdda5dda22841,fraud,apparel,462,0,3002.74,False,False,0
pay_f24d2dbe6f4a4f,not_received,apparel,1134,1,2058.96,True,False,0
pay_f8c00ead103946,damaged,electronics,375,2,19141.78,True,False,0
pay_5317cdfbe46f47,not_received,apparel,139,0,1855.53,True,True,1
pay_b5aed52f51e941,fraud,electronics,259,0,27262.04,True,False,0
pay_61edf9a39ee34f,damaged,apparel,176,0,3071.24,True,False,0
pay_e5b83869733742,not_received,apparel,6,2,5049.25,False,True,0
pay_e35274936cb24a,fraud,digital_services,735,0,1018.38,True,False,0
pay_38910bbb36e94b,damaged,digital_services,258,0,2161.46,True,False,0
pay_829922aae82342,fraud,apparel,443,0,3185.61,True,False,0
pay_1d19752214f847,fraud,digital_services,7,5,2573.88,False,True,0
pay_75b94e4f2ece4f,fraud,electronics,1207,0,28535.83,True,False,0
pay_144562f2c0bd44,not_received,electronics,6,2,32141.02,False,True,0
pay_848de9cfbd3c46,not_received,digital_services,1357,0,4181.93,True,False,0
pay_0e7cca7ab74842,fraud,digital_services,12,5,1858.56,False,True,1
pay_82a1c4edb52448,fraud,apparel,172,2,2961.88,True,False,0
pay_8ffb211b19a344,not_received,electronics,1416,0,27170.72,True,False,0
pay_3a9ba27610d341,damaged,digital_services,1452,0,3697.33,True,False,0
pay_e49f573bdc0748,not_received,electronics,1002,0,28068.44,True,False,0
pay_6a9acb5e298549,fraud,electronics,246,0,29867.28,True,False,0
pay_c8fc46a5eee045,fraud,apparel,9,6,2486.88,False,True,1
pay_e6718430d7fe49,fraud,electronics,7,2,19193.31,False,False,0
pay_ee5cb3abd63945,fraud,electronics,788,0,21540.92,True,False,0
pay_d76fdd233f474b,not_received,digital_services,221,0,3383.36,True,True,1
pay_74b347b24c1542,not_received,electronics,964,0,24464.19,True,False,0
pay_8661cef048b64c,not_received,digital_services,1291,1,3275.14,True,False,0
pay_5859ef779a4448,not_received,digital_services,13,6,2800.47,False,True,1
pay_9aecaf7ee2f54c,fraud,digital_services,616,0,2803.3,True,False,0
pay_429f43189c534a,fraud,digital_services,444,0,2360.4,False,False,0
pay_845f0353532644,not_received,apparel,676,0,2289.01,True,False,0
pay_2411a9b5cf8740,fraud,apparel,691,0,2456.76,False,False,0
pay_d658124ddf0f46,fraud,digital_services,1351,1,3575.18,True,False,0
pay_6afd48727f3e42,fraud,apparel,473,0,1394.49,True,True,1
pay_11e7e74410054a,fraud,apparel,43,0,2919.82,True,False,0
pay_5899a4894cc74e,fraud,apparel,978,2,3437.79,True,False,0
pay_d1389a49eae248,damaged,apparel,442,0,853.95,True,False,0
pay_8d25f01b962e42,damaged,apparel,1003,0,1857.92,False,False,0
pay_bcf25cb01c5d4a,fraud,apparel,432,0,1720.41,True,False,0
pay_d48143afc54643,fraud,apparel,12,5,2103.2,False,True,1
pay_9521907cf33342,not_received,apparel,13,2,2224.69,False,False,0
pay_02c0cdb2f69e49,fraud,apparel,691,0,2281.04,True,False,0
pay_3cfa9e7a4c2c4a,fraud,electronics,1,6,25543.72,False,True,0
pay_c68473de4a0045,fraud,apparel,1046,2,2199.12,True,False,0
pay_6da0d49a1f7b4d,fraud,electronics,1431,0,25952.45,True,False,0
pay_5614585f4fc747,not_received,digital_services,1470,1,2872.76,True,False,0
pay_6dcc74cd2f5448,damaged,digital_services,11,6,2121.88,False,True,1
pay_ce50031fc4fb44,fraud,apparel,495,0,3611.16,True,False,0
pay_53d50847c78144,fraud,digital_services,8,4,4173.52,True,False,0
pay_8dbf76d074eb4b,fraud,apparel,998,0,3259.48,True,False,0
pay_20dc419b313a4c,fraud,electronics,6,3,21945.84,False,True,1
pay_3d60ca22b29544,damaged,apparel,136,0,2008.92,True,False,0
pay_f6e007e8094f4a,not_received,electronics,1022,0,13345.82,True,False,0
pay_2e8e9d9897ff4c,not_received,electronics,711,0,28658.42,True,False,0
pay_e89731a9894842,not_received,apparel,830,0,1647.48,True,False,0
pay_bbfd8d23c4644a,damaged,apparel,791,0,5762.04,True,False,0
pay_7f3e2d68b41141,damaged,apparel,350,0,3065.77,True,False,0
pay_ebf8749db6c64a,fraud,apparel,488,0,3830.64,True,False,0
pay_912a861425d148,fraud,electronics,1380,0,22478.07,True,False,0
pay_f88bf8c60c9946,not_received,apparel,191,0,4879.13,True,False,0
pay_6152afe4990f4e,fraud,electronics,1189,0,16349.56,True,False,0
pay_8f3a1e11f98c4d,damaged,electronics,349,0,31812.17,True,False,0
pay_7323ea547bd841,not_received,apparel,122,0,3239.68,True,False,0
pay_d05180e4ce8648,damaged,electronics,1431,0,23046.55,True,False,0
pay_bdc0195529f04c,fraud,electronics,1253,0,25778.59,True,False,0
pay_b29eea75558545,damaged,electronics,1088,0,30329.7,True,False,0
pay_83f06c76a0dd4c,fraud,apparel,1425,0,3087.54,True,False,0
pay_009b1822c87a49,damaged,digital_services,1200,0,4600.46,False,False,0
pay_2db6d7b162ed43,fraud,digital_services,1244,0,2556.37,True,False,0
pay_4126e9100adc49,not_received,apparel,1272,0,4415.58,True,False,0
pay_8059261b0ad449,not_received,apparel,1176,0,3792.44,True,False,0
pay_882bf829d7ae48,not_received,electronics,1095,0,21034.17,True,False,0
pay_97ce81f0a98142,not_received,electronics,8,6,30905.27,False,False,0
pay_9954faddb08b44,damaged,apparel,7,3,3048.11,False,False,0
pay_a7329d1635fc48,not_received,apparel,1483,0,3309.72,True,False,0
pay_5011f0e0fafa4b,not_received,apparel,881,0,2866.09,False,False,0
pay_0a72d9fac9284d,fraud,electronics,198,0,25530.72,True,False,0
pay_b048579506c545,damaged,electronics,684,0,25116.59,True,False,0
pay_35966805e48e47,not_received,electronics,430,0,17425.03,True,False,0
pay_855005a39bae4e,not_received,apparel,337,0,2504.33,True,False,0
pay_5db34ac0232547,fraud,electronics,420,0,19737.37,True,False,0
pay_b2689ae084e24b,not_received,apparel,1235,0,3917.27,True,False,0
pay_5118bee9084f49,fraud,electronics,9,5,25160.22,False,True,1
pay_420da15676364a,fraud,apparel,411,0,3341.67,True,False,0
pay_cf4e3261d56747,not_received,electronics,34,0,33049.08,True,False,0
pay_a2d2294503964f,fraud,electronics,231,0,31496.42,True,False,0
pay_a2d39cedbf6648,fraud,electronics,433,0,27266.54,True,False,0
pay_2843bb14136a43,not_received,electronics,1298,0,29373.66,True,False,0
pay_f422f79f71924b,fraud,electronics,1321,0,28877.9,True,False,0
pay_98f1e6a68ade46,fraud,digital_services,821,0,4854.18,True,False,0
pay_6ba1ec8dd97447,fraud,electronics,787,0,22117.64,True,False,0
pay_c4a370c8bd7041,not_received,electronics,542,0,15605.28,False,False,0
pay_f1f643401fb34c,not_received,apparel,564,0,4194.1,True,False,0
pay_4e4f5c0dd83448,not_received,apparel,399,0,3266.4,False,False,0
pay_7c126825db6b4f,fraud,electronics,169,0,14334.14,True,False,0
pay_977669bfb27a45,fraud,apparel,609,0,3537.45,True,False,0
pay_21b8c1fd1ef04f,fraud,apparel,1031,0,2996.19,True,False,0
pay_b5cb3312dec943,not_received,electronics,901,0,23079.63,True,False,0
pay_902fb5379f3b4b,damaged,apparel,1313,1,3732.64,True,False,0
pay_23fca0e02aed44,fraud,electronics,84,0,34967.18,True,False,0
pay_3aa2b8cf688841,fraud,electronics,344,0,29976.42,False,False,0
pay_e3dfa172bdfd4c,fraud,digital_services,791,0,2694.13,True,False,0
pay_e1aec12be87f4f,not_received,electronics,214,0,26435.42,True,False,0
pay_5222c0b067ca4e,not_received,electronics,730,0,30905.74,True,False,0
pay_52373cb99e1b4f,not_received,digital_services,675,1,3070.5,True,False,0
pay_a05f1034f62b4d,damaged,apparel,8,4,2337.29,False,True,1
pay_f2cd15b8e19e48,not_received,apparel,986,0,2514.81,True,False,0
pay_3d456b111dc541,fraud,apparel,606,0,2681.09,False,False,0
pay_771cc137b4d544,fraud,apparel,1260,0,2480.54,False,False,0
pay_2324a53227c643,not_received,apparel,1125,0,2429.91,True,False,0
pay_f61d1a3b5d4744,not_received,electronics,618,0,21537.17,False,False,0
pay_77762a8ac9e247,not_received,apparel,52,1,2608.71,False,False,0
pay_22ea936c92654a,not_received,electronics,1164,2,28751.8,False,False,0
pay_2a46e03fe52944,not_received,electronics,950,0,19479.19,True,False,0
pay_e0c6216a64d94e,damaged,apparel,1111,0,2366.13,True,False,0
pay_f26ced5b30ab40,not_received,apparel,207,0,2672.73,False,True,1
pay_1f20da974db049,not_received,electronics,762,0,25022.26,True,False,0
pay_5cfcbc95124447,fraud,electronics,872,0,30926.95,True,False,0
pay_1a37493999da4f,not_received,apparel,12,6,3260.89,False,True,1
pay_0a66bdff2d6f41,damaged,apparel,719,0,4553.65,True,False,0
pay_f102f53ebb1043,fraud,digital_services,1254,0,2837.32,True,False,0
pay_d64a0e02b6e144,not_received,apparel,339,0,3270.38,True,False,0
pay_2f81b19cf6d746,not_received,digital_services,1324,0,3103.13,True,False,0
pay_31b8beceab084c,fraud,apparel,1040,0,4118.53,False,False,0
pay_a29e7c2dbf244b,not_received,apparel,1305,1,1701.45,True,False,0
pay_b8a0affe2bc648,fraud,digital_services,719,0,2100.83,True,False,0
pay_a250e93fc8c748,damaged,digital_services,446,0,3642.78,True,False,0
pay_5d8ad1fa06ed42,damaged,apparel,404,0,4127.33,True,False,0
pay_b94c3664a74c45,fraud,apparel,688,0,3356.97,True,False,0
pay_51364de965264c,fraud,electronics,1230,0,32720.12,True,False,0
pay_1f1bff2847dd40,not_received,digital_services,81,0,1663.97,True,False,0
pay_8de499c252f540,fraud,apparel,11,4,1625.46,False,True,1
pay_0c473b6cb22e4a,fraud,digital_services,898,0,3257.06,True,False,0
pay_ce8b551852d548,not_received,electronics,1141,0,25211.98,False,False,0
pay_9bc649c6870846,fraud,electronics,9,3,30446.03,False,False,0
pay_b52d4d580e3240,fraud,apparel,632,0,3611.95,True,False,0
pay_39094cc4ccf749,damaged,digital_services,1402,0,2783.07,True,True,1
pay_063fae3b02a841,damaged,digital_services,1276,0,1586.97,True,False,0
pay_2ef692bc163c4b,not_received,electronics,510,1,28215.87,True,False,0
pay_c0c7dc9c06fd46,damaged,apparel,465,0,3121.1,True,False,0
pay_00fc917cd93a49,fraud,electronics,1476,0,24347.15,True,False,0
pay_cc5a300050d748,fraud,apparel,240,0,4586.69,True,False,0
pay_a60cdbc24cb04b,fraud,apparel,186,0,3325.01,True,False,0
pay_bb16846ecf8e4d,not_received,apparel,935,0,2818.02,True,False,0
pay_39807dc1f63445,damaged,digital_services,430,0,2500.56,True,True,1
pay_cd83e2ff75734c,not_received,electronics,1470,1,17789.16,True,False,0
pay_1040b8a798f646,damaged,apparel,1096,0,3039.41,True,False,0
pay_3157fab83e6343,not_received,apparel,6,2,3634.54,False,True,0
pay_9f7a1e8a355c4b,fraud,electronics,418,0,15757.27,True,False,0
pay_c561869c82e047,not_received,digital_services,7,5,3556.33,False,True,1
pay_a7286d1313a84b,fraud,digital_services,413,0,1140.57,True,False,0
pay_7168d7af977e45,fraud,electronics,1438,0,24193.11,True,False,0
pay_9787b7ac47744a,not_received,apparel,769,0,2942.16,True,False,0
pay_ec3065c58c1544,not_received,electronics,1217,0,27003.27,True,False,0
pay_a57c6295c55841,not_received,apparel,347,0,1142.24,True,False,0
pay_3f8fd2a0da2540,not_received,apparel,2,2,4014.06,False,False,0
pay_66c031c4607748,fraud,electronics,306,0,17120.1,True,False,0
pay_9a14623dbb904f,not_received,digital_services,946,0,3997.82,False,False,0
pay_63b81aa8a2644f,not_received,apparel,556,0,3234.19,True,False,0
pay_ca08193dbd5345,fraud,digital_services,1103,2,2860.87,True,False,0
pay_4288ed5d5ff845,damaged,electronics,594,1,28301.89,True,False,0
pay_1b80339afed645,not_received,digital_services,7,4,3193.48,False,True,0
pay_c4a2a9363a074c,not_received,apparel,227,0,3353.31,True,False,0
pay_b53f457b96a243,damaged,electronics,1465,0,18248.98,True,False,0
pay_29b7d20e7a6542,damaged,electronics,174,0,22602.52,True,True,1
pay_feefe0b221784d,damaged,digital_services,865,1,3525.77,True,False,0
pay_051dd03c02d542,fraud,apparel,1430,0,3590.72,True,False,0
pay_3899589b18fb46,fraud,apparel,839,0,3229.16,True,False,0
pay_e4e6a56334054a,fraud,digital_services,2,2,3142.13,False,True,1
pay_205d8e96f65a45,fraud,electronics,87,0,31630.42,True,False,0
pay_f256d78a2d154f,damaged,apparel,1347,0,3179.82,True,False,0
pay_1ae6403e04c848,not_received,apparel,221,0,1489.45,True,False,0
pay_ac0bc21f0bae4a,fraud,apparel,715,0,3656.81,True,False,0
pay_a82c8dcf8dd447,fraud,electronics,348,0,27813.35,True,False,0
pay_eb9b6407223b45,fraud,apparel,585,0,2342.53,True,False,0
pay_3444302cfe6045,not_received,apparel,10,4,2078.34,False,True,0
pay_9da04b8621d149,not_received,apparel,412,0,2234.75,True,True,1
pay_e66c1f9f51b54d,damaged,apparel,507,0,2933.58,False,False,0
pay_02358fd5f06a4a,damaged,electronics,43,0,23488.11,True,False,0
pay_658ff5466a0c4c,fraud,digital_services,1267,0,2934.07,True,False,0
pay_d35c51e8bf7e48,fraud,apparel,1397,0,5188.63,True,False,0
pay_67a8bafadb9446,fraud,digital_services,94,1,2954.96,True,False,0
pay_dd051343363b45,fraud,electronics,1264,1,24424.72,True,False,0
pay_602db98ebcfe4a,damaged,electronics,1037,1,26595.71,True,False,0
pay_d14fa194be4c4e,not_received,electronics,1195,0,32806.72,True,True,1
pay_241e901cf9e741,not_received,apparel,1314,0,1621.74,False,False,0
pay_82e6de9d725147,not_received,electronics,868,0,27627.42,True,False,0
pay_0110ba0c1b7c44,fraud,apparel,1414,1,2551.43,True,False,0
pay_76e4abb8920945,fraud,digital_services,412,0,3125.25,True,False,0
pay_755342d91d4a41,not_received,electronics,469,0,29456.73,True,False,0
pay_f52be730f32044,not_received,electronics,97,0,32211.53,True,True,1
pay_8126387fed274f,fraud,digital_services,354,0,2370.76,True,False,0
pay_79a356f5ea494a,not_received,electronics,1376,0,22449.58,True,False,0
pay_9a7f7adcc13142,damaged,apparel,1358,1,2273.69,True,False,0
pay_635d69584fd440,not_received,electronics,1146,0,29145.37,True,False,0
pay_e226bcb83dc942,not_received,apparel,3,3,3239.79,False,True,0
pay_23d7f4bb47d641,not_received,electronics,1357,2,14779.76,True,False,0
pay_655566c03f8246,not_received,apparel,1083,0,2237.12,True,False,0
pay_7de7c480078a43,not_received,apparel,656,0,1997.89,True,True,1
pay_d6432fa570a943,damaged,apparel,435,0,2459.34,True,False,0
pay_9b05e97886a145,fraud,electronics,1499,0,25130.18,True,False,0
pay_16db112135ae47,not_received,apparel,1205,0,2743.62,True,False,1
pay_af6b4bfe39f641,fraud,electronics,1064,1,13424.9,True,False,0
pay_82e8d4c0ed604b,fraud,digital_services,1422,0,2996.79,True,False,0
pay_a780a109c4b34a,not_received,apparel,1040,0,1895.49,False,False,0
pay_262cbe2f7e3946,damaged,electronics,13,4,27478.71,False,True,1
pay_ee0b61a2463a4e,fraud,electronics,819,0,20621.93,True,False,0
pay_1468c8a430c649,fraud,electronics,371,0,28518.49,True,False,0
pay_efd72a49909740,fraud,electronics,700,0,32807.82,True,False,0
pay_fea04a31b8a445,not_received,apparel,11,5,2891.38,False,True,1
pay_cf1885efd51a44,fraud,electronics,1221,0,21915.48,True,False,0
pay_cfb4d1f2d2fc44,fraud,digital_services,259,0,3208.94,False,False,0
pay_19e4be7855284a,not_received,electronics,118,0,22428.68,True,False,0
pay_8a6d3ce0549b4b,fraud,apparel,1351,0,4048.46,True,False,0
pay_1c8e4bf2607d44,not_received,electronics,8,6,21254.68,False,True,0
pay_4081e68c09274b,not_received,electronics,814,0,22399.79,False,False,0
pay_c3e02b50b7e44d,fraud,digital_services,485,0,3164.29,True,False,0
pay_dd3ca482ca994b,not_received,digital_services,280,0,1895.75,True,False,0
pay_ad5c2ce7c30347,not_received,apparel,2,4,2839.19,False,True,0
pay_7b658de9307a4d,not_received,apparel,326,0,1572.82,True,False,0
pay_7c6085fb341b42,not_received,digital_services,981,0,4142.17,True,False,0
pay_bc1a4884624d4d,fraud,apparel,142,0,2313.29,True,False,0
pay_de579ac95f7442,damaged,electronics,13,6,26143.74,False,True,1
pay_666461c4dd7f4d,not_received,electronics,357,2,34272.51,True,False,0
pay_124d4c09f5c04f,fraud,apparel,908,2,2275.66,True,False,0
pay_1bec732afc0748,fraud,apparel,801,0,3074.33,True,False,0
pay_6c59aecbb88444,fraud,apparel,5,6,3694.77,False,True,0
pay_0e3079e66a094f,fraud,electronics,1343,0,30625.68,True,False,0
pay_784c6c4187eb48,not_received,digital_services,1291,0,3484.18,True,False,0
pay_a8f60df895e64f,fraud,apparel,525,0,1354.04,False,False,0
pay_0e45e2460ac548,fraud,apparel,9,3,1955.43,False,True,1
pay_09a0da98a70241,not_received,electronics,399,0,27136.71,False,False,0
pay_b43418e658194b,fraud,digital_services,98,2,4467.88,True,False,0
pay_be78d3aa6c9c43,not_received,apparel,406,0,2198.88,False,False,0
pay_1ba60dbd51a942,not_received,apparel,1210,0,2161.73,True,False,0
pay_ff1269b5c5ab4b,fraud,digital_services,193,0,2848.96,True,False,0
pay_dd50a70be90544,not_received,digital_services,584,0,2859.08,True,False,0
pay_adbb39928a6e42,not_received,electronics,1059,0,19257.69,True,False,0
pay_79dccacfc7f547,fraud,digital_services,1105,0,2437.81,True,False,0
pay_8ec35cad439048,fraud,apparel,149,1,3773.82,True,False,0
pay_d82d102b009342,not_received,electronics,651,0,15281.09,True,False,0
pay_a42ff11e706b4c,damaged,electronics,1195,0,30212.88,True,False,0
pay_55c52fbf348f45,not_received,apparel,398,0,2939.04,True,False,0
pay_26b9b9c22f9a45,fraud,apparel,9,4,3742.52,False,True,1
pay_6d245a8d5ac94e,not_received,apparel,631,0,4019.63,True,False,0
pay_781426993ef148,not_received,electronics,792,1,25741.47,True,False,0
pay_cddce5a956fd47,not_received,digital_services,2,5,2112.41,False,True,0
pay_302d0c29b86c41,not_received,digital_services,1177,0,1516.14,True,False,0
pay_8a971e2affc945,not_received,apparel,1447,0,1535.43,True,False,0
pay_e16deed5d45244,damaged,digital_services,932,0,1154.72,True,False,0
pay_7f3b3497d64044,not_received,digital_services,813,0,2240.41,True,False,0
pay_945c7d5e11c846,not_received,electronics,299,0,17217.51,False,False,0
pay_d71c9669f55040,fraud,apparel,1158,0,3662.63,True,False,0
pay_4c53b25d2bde44,damaged,digital_services,1434,1,2932.01,True,False,0
pay_861bf73f55cb4c,damaged,electronics,4,6,23839.46,False,True,1
pay_935c93c8ac094c,fraud,digital_services,1223,0,3029.05,True,False,0
pay_581a8c0877704e,not_received,electronics,606,0,22982.56,False,True,1
pay_97bbf76ef7a84d,fraud,apparel,7,5,2974.5,False,True,1
pay_2048553dd88841,not_received,apparel,8,6,3446.8,False,True,0
pay_7381e898fa9444,not_received,apparel,3,5,2968.78,False,False,0
pay_810c73833e7842,fraud,apparel,530,0,2895.78,True,False,0
pay_3d4f8fff71214f,damaged,apparel,244,0,3611.87,True,False,0
pay_7e41192165b248,fraud,apparel,1183,0,2632.69,True,False,0
pay_30c135549cc849,not_received,apparel,4,5,2587.78,False,True,0
pay_8553a608ee2942,not_received,apparel,91,0,3141.98,True,False,0
pay_5e67a438993748,fraud,apparel,1096,0,2447.45,True,False,1
pay_6f219089ef8845,fraud,digital_services,137,0,4727.57,False,False,0
pay_29d1e501afeb41,fraud,electronics,619,0,17570.5,True,False,0
pay_d995501dbb3a43,not_received,apparel,584,1,3821.38,True,False,0
pay_e26454c422c74a,not_received,electronics,414,0,24641.65,True,False,0
pay_765d018dbb3547,fraud,apparel,1337,0,3614.76,True,False,0
pay_5a8fb5cd76d043,fraud,electronics,113,0,26490.65,True,False,0
pay_855e0d4922af47,fraud,apparel,12,5,1706.42,False,True,1
pay_6beb2aac802141,not_received,electronics,1376,0,26675.01,True,False,0
pay_33f964a416be4e,not_received,electronics,731,0,21581.9,True,False,0
pay_798581eea5f844,fraud,apparel,1131,0,3457.15,True,False,0
pay_d923f246908e42,not_received,apparel,1061,0,2787.64,True,False,0
pay_df670f63543042,fraud,apparel,644,0,4081.96,True,False,0
pay_674698c2804946,damaged,electronics,539,0,29357.79,True,False,0
pay_b7b0b3ad15e746,damaged,digital_services,1113,0,3346.76,True,False,0
pay_b00a4f615cfc44,not_received,electronics,12,5,25838.37,False,True,0
pay_b90aa51856184d,damaged,digital_services,2,6,4076.88,False,True,1
pay_a64ce51424b14a,damaged,apparel,1495,0,2892.22,True,False,0
pay_902fa1b0cf0c40,damaged,electronics,1097,0,23157.25,True,False,0
pay_4c528369cc6441,not_received,apparel,8,5,1564.54,False,False,0
pay_4b62fbc5bf584c,fraud,digital_services,247,0,3045.19,True,False,0
pay_e292490f2bd844,fraud,apparel,1485,1,4067.29,True,False,0
pay_e06f28310d584f,fraud,electronics,747,1,20584.32,False,False,0
pay_f38cb785e2fc47,not_received,apparel,1332,0,3348.69,True,False,0
pay_bbd16d4c70d647,fraud,apparel,591,0,2661.55,True,False,0
pay_188f54ab997c4d,fraud,digital_services,208,0,2742.01,True,False,0
pay_4d279211ca374d,not_received,digital_services,610,0,2436.96,True,False,0
pay_9daaf2e5a20840,fraud,electronics,1143,0,24749.69,True,False,0
pay_7eaad03ea3ed41,not_received,electronics,1324,0,21111.48,True,False,0
pay_6494dc30d7984a,damaged,electronics,720,0,25670.89,True,False,0
pay_d6e9b81d1ae34f,not_received,digital_services,370,0,2699.59,True,False,0
pay_bbe79e3d64f34d,not_received,apparel,642,1,2065.16,True,False,0
pay_7a04ee1d72d343,not_received,digital_services,1326,0,3030.41,True,False,0
pay_ff8d603b98a24d,not_received,apparel,998,0,2988.65,True,False,0
pay_369b035c91544b,fraud,apparel,1309,0,1722.76,False,False,0
pay_7be3f590ab694a,damaged,electronics,124,0,23394.1,False,False,0
pay_36f2ba0b018143,fraud,digital_services,750,0,3975.94,True,False,0
pay_6df3d86456ba40,fraud,apparel,1137,0,3723.55,False,False,0
pay_365f933f0f0643,not_received,digital_services,1,2,2214.47,False,True,0
pay_72edcb093c224c,fraud,electronics,1462,0,28218.23,True,False,0
pay_6d06112b0fa943,fraud,apparel,639,0,1916.06,True,False,0
pay_832f282dcf5648,fraud,apparel,420,0,4292.84,True,False,0
pay_87179932dff540,fraud,electronics,1,5,25835.69,False,True,0
pay_ef4860626f0440,fraud,apparel,8,6,2171.09,False,False,0
pay_dc8b116f0bb84e,fraud,apparel,415,0,2965.07,True,False,0
pay_a6964f1caec14c,not_received,electronics,330,0,20928.88,False,False,0
pay_1299774e165a4d,damaged,electronics,162,0,18558.01,True,False,0
pay_9876da3b5c5942,fraud,apparel,737,1,2145.31,True,False,0
pay_dbbc948a8ce240,damaged,electronics,224,1,25132.75,True,False,0
pay_8433f1366b164b,fraud,apparel,13,2,4523.45,True,True,1
pay_7e2872790f6749,fraud,apparel,789,1,2461.6,True,False,0
pay_7ca6f10e04f84d,fraud,electronics,13,4,27608.02,False,True,1
pay_1bd1cb39218949,not_received,electronics,888,0,23539.06,True,False,0
pay_5737f0d306f742,not_received,digital_services,841,0,3683.13,True,False,0
pay_640f22a5392548,not_received,electronics,6,5,24866.78,False,False,0
pay_180a19c7add244,not_received,apparel,6,2,2947.9,False,True,0
pay_0f1c5b329e3d49,not_received,apparel,1498,0,3400.62,True,False,0
pay_9f3febf0a23c4b,not_received,digital_services,294,0,3823.35,True,True,1
pay_af5a23891f1e4b,damaged,electronics,11,5,28108.47,False,False,0
pay_c12f8589c59145,fraud,digital_services,549,0,1906.67,True,False,1
pay_e07f9ef565f247,fraud,apparel,938,0,1891.55,True,False,0
pay_e4979af0a99f45,not_received,electronics,737,0,24746.5,False,False,0
pay_a43039ad09c24b,not_received,electronics,7,2,27579.93,False,True,0
pay_bf16a8efe1e749,fraud,apparel,6,3,2328.55,False,True,0
pay_9264382cc6bf4e,fraud,electronics,137,0,15383.44,True,False,0
pay_b533dc77438b40,not_received,electronics,264,1,27685.11,True,False,0
pay_450d6b3ed9ac49,not_received,digital_services,873,0,1902.31,True,False,0
pay_3d5ddbc098fc40,fraud,electronics,10,2,29704.28,False,True,0
pay_8c7acca9ef9a42,damaged,apparel,546,0,4491.38,True,True,1
pay_622a9947fee648,not_received,apparel,682,0,3606.13,True,False,0
pay_f927c250eb4c44,not_received,apparel,71,0,2533.94,True,False,0
pay_0493ddfe939449,not_received,electronics,458,0,25931.93,False,False,0
pay_061f7d4cc28647,damaged,apparel,578,0,3280.46,True,False,0
pay_3609913850194b,fraud,apparel,92,2,3237.21,True,False,0
pay_d88fa67348d745,fraud,electronics,142,0,16204.29,True,False,0
pay_1963fb04d30c42,not_received,electronics,1084,1,20902.82,True,False,0
pay_59302ad8833549,not_received,electronics,1347,0,29077.47,False,False,0
pay_a43cd28dabf941,fraud,electronics,1255,0,18394.69,True,False,0
pay_11071a80c2a149,damaged,electronics,902,0,32033.48,True,False,0
pay_c62c360017e94c,not_received,electronics,203,0,28752.58,False,False,0
pay_16ac421d6cbc48,fraud,apparel,404,0,1993.91,True,False,0
pay_1743152ad8d641,fraud,apparel,473,0,4316.99,True,True,1
pay_f275c3d4a83e41,fraud,apparel,525,0,3164.08,True,False,0
pay_36b4fc289cad45,not_received,apparel,1393,0,100.0,True,False,0
pay_873822e5ed1148,damaged,digital_services,697,0,4439.87,True,False,0
pay_d285f835aca949,not_received,digital_services,918,2,4020.75,True,False,0
pay_2de464c1d3b54f,damaged,digital_services,748,0,2399.98,True,False,0
pay_9cb472fa2d8841,damaged,electronics,1054,0,25586.64,True,False,0
pay_5df32c56a1ed4c,not_received,electronics,396,0,26056.56,True,False,0
pay_e2aa09fd195f44,not_received,apparel,4,5,1773.95,False,True,1
pay_d8a176b4d51745,not_received,electronics,6,2,26742.18,True,False,0
pay_01b3e71044584d,not_received,electronics,1096,0,32604.14,True,False,0
pay_68e32b2e799043,fraud,electronics,119,0,23070.18,True,False,0
pay_a486eee969874a,not_received,digital_services,1136,0,2642.25,True,False,0
pay_176bd235f8a742,fraud,electronics,831,0,28770.98,True,False,0
pay_41a27a66a0f640,damaged,apparel,945,1,2699.04,True,False,0
pay_9c76df0d709745,damaged,electronics,350,0,13558.17,True,True,1
pay_8a16184a71b44a,fraud,apparel,493,0,3574.24,True,False,0
pay_9223dbf1818c40,fraud,apparel,1094,0,3616.73,True,False,0
pay_4bb64b0ab75b4f,not_received,electronics,618,0,22976.18,True,False,0
pay_27358483259b43,not_received,digital_services,117,2,2314.5,True,False,0
pay_8efef5f8d4b143,fraud,apparel,885,0,4582.88,True,False,0
pay_117037ce73c942,not_received,apparel,822,0,3278.48,True,False,0
pay_478464dc913e44,fraud,digital_services,1152,0,2713.03,False,False,0
pay_315098ec349640,fraud,apparel,956,0,2845.25,True,False,0
pay_e913b5283cb94c,fraud,apparel,452,0,279.58,True,False,0
pay_15d126a4bb8b48,fraud,electronics,974,0,22568.94,True,False,0
pay_86e62ed6350e4f,not_received,apparel,476,0,2330.39,True,False,0
pay_e0ead519da4343,damaged,electronics,261,0,27280.8,False,False,0
pay_b7b941de340d47,not_received,electronics,900,0,31373.82,True,False,0
pay_1791d6440f0f4c,not_received,apparel,1238,0,3812.43,True,False,0
pay_ad816e61204141,fraud,electronics,1259,0,18232.65,True,True,1
pay_6dfc3ee697af4a,not_received,apparel,761,0,3294.43,False,False,0
pay_c67a64a44e714a,fraud,apparel,1331,0,2737.65,False,True,1
pay_d59f1044af4c4d,not_received,apparel,5,3,4100.61,False,True,1
pay_ce5702159ec247,damaged,electronics,9,5,21055.29,False,True,1
pay_f081bfae8d2b43,fraud,electronics,663,0,28275.29,True,False,0
pay_9625a56721574f,not_received,apparel,1240,0,2091.2,False,False,0
pay_0c40d9d48a6741,fraud,apparel,269,0,1597.75,True,True,1
pay_1e2bee08c86844,fraud,electronics,364,0,26974.51,True,False,0
pay_c47cb7f79ecd41,fraud,apparel,402,0,2605.03,True,False,0
pay_bd074692ec9f4f,fraud,apparel,742,0,3901.28,True,False,0
pay_c30f909e9b5845,fraud,electronics,1417,1,26999.11,True,False,0
pay_46e3912a740246,fraud,apparel,10,5,4601.86,False,True,1
pay_b97950d403f744,not_received,electronics,312,0,23101.23,True,False,0
pay_db0c7c6c184247,fraud,digital_services,112,1,1773.13,True,False,0
pay_20992e452ca144,not_received,electronics,1,6,16302.16,False,False,0
pay_e97e88ce705c4d,damaged,electronics,4,6,19964.89,False,True,1
pay_1ca156bdd77a4b,not_received,digital_services,6,2,3395.0,False,False,0
pay_c9e4c5c751f945,fraud,electronics,1168,0,25909.03,True,False,0
pay_65012ed5b83d47,fraud,apparel,1136,0,2337.96,True,False,1
pay_7c31b6d6c1c14b,damaged,electronics,282,0,25059.8,True,False,0
pay_791b7fae0c4148,not_received,digital_services,1163,0,2326.65,True,False,0
pay_6ecb66071ac447,not_received,digital_services,244,0,2338.32,False,False,0
pay_7a1c3e2e61e94c,fraud,apparel,348,0,2982.84,True,False,0
pay_966c3fdd951148,not_received,electronics,1189,0,23992.16,True,False,0
pay_3c9051827ce244,fraud,electronics,1122,0,41659.68,True,False,0
pay_fdfc66134e4349,damaged,apparel,1146,0,2724.14,True,False,0
pay_8e0456bbb5ae4f,damaged,electronics,1299,0,21455.77,True,False,0
pay_1fed0c3df29d4f,fraud,apparel,8,2,2862.57,False,True,1
pay_7181051e08794b,not_received,apparel,774,0,2375.01,False,False,0
pay_07aa494568e046,fraud,digital_services,576,0,2671.0,False,False,0
pay_4a36e22d791748,not_received,electronics,1193,0,37855.76,True,True,1
pay_837ef91fe08540,damaged,apparel,344,0,2141.4,True,False,0
pay_0a517005edc940,not_received,apparel,492,0,2863.11,True,False,0
pay_9d085d66bb2c45,fraud,apparel,880,0,4113.46,True,False,0
pay_2fb838d2bb1144,fraud,digital_services,244,0,847.85,False,False,0
pay_7d2aaad1d07c40,damaged,electronics,211,0,29557.48,True,True,1
pay_2386c60f0a7d45,not_received,apparel,1338,0,2778.16,True,False,0
pay_5cc8e76267b442,not_received,digital_services,789,0,2305.7,True,False,0
pay_431f5c86b5b741,fraud,electronics,773,0,20851.74,True,False,0
pay_65944c9b03df45,fraud,electronics,1429,2,29708.15,True,False,0
pay_473c5dfd241e41,damaged,electronics,5,6,21663.82,False,True,1
pay_2891515f02ca43,not_received,apparel,1347,0,1892.87,True,False,1
pay_0c70685506b84f,not_received,apparel,680,0,4133.98,True,False,0
pay_5d7f2734f6cd4e,not_received,electronics,179,0,24230.27,True,False,0
pay_35040f04408b4e,not_received,apparel,991,0,1998.44,True,False,0
pay_a38eac11bb1f4f,fraud,digital_services,938,0,2458.1,True,False,0
pay_57c0fddaed3641,fraud,digital_services,531,1,3898.74,True,False,0
pay_1471a04a8e7f4c,not_received,apparel,647,0,4204.21,True,False,1
pay_53789831b78840,not_received,apparel,141,0,3322.44,True,False,0
pay_490272af79d147,not_received,digital_services,924,0,2567.43,True,False,0
pay_03c5a264c18f4f,damaged,electronics,450,0,28575.69,True,False,0
pay_1303a600acd549,fraud,apparel,792,0,3505.61,False,False,0
pay_3dc1d3cf39c643,fraud,apparel,853,0,2611.42,False,False,0
pay_899434926eb649,damaged,electronics,1114,0,26648.51,True,False,0
pay_3d87234e60a948,not_received,electronics,6,6,25437.38,False,True,0
pay_53a7d17907674b,not_received,electronics,2,2,26090.63,False,True,0
pay_ac0241bcb46a49,not_received,apparel,783,0,3087.89,True,False,0
pay_7bc6b12d04b04c,not_received,apparel,7,2,1023.52,False,True,0
pay_6aeb8ae0e53f47,fraud,digital_services,830,0,2577.12,True,False,0
pay_85879a747afd4f,not_received,apparel,1158,0,3926.2,True,False,0
pay_fcce6fabddc44d,damaged,electronics,1284,0,25359.09,True,False,0
pay_17d6272146a841,not_received,apparel,1046,0,2104.67,True,False,0
pay_001dfbc57a6642,not_received,electronics,500,0,30030.71,True,False,0
pay_ff6c79b9fa6545,fraud,electronics,8,2,23785.81,False,False,0
pay_8dd7c447596f40,fraud,electronics,194,0,26428.66,True,False,0
pay_b9f00e88ed1042,fraud,electronics,530,0,27716.16,True,True,1
pay_2e536b4ca76a45,fraud,electronics,256,0,26347.84,True,False,0
pay_84ece4c0a03d4e,damaged,electronics,163,0,22330.57,False,False,0
pay_0bbf1ddf455344,not_received,apparel,1,5,4593.02,False,True,0
pay_e685bea5d0314d,not_received,electronics,99,1,17308.36,True,False,0
pay_8caba4487be34c,not_received,electronics,889,0,23565.63,True,False,0
pay_8813710287f140,fraud,digital_services,10,5,1068.65,False,True,1
pay_4b02a74b54894a,damaged,apparel,3,4,1148.69,False,False,0
pay_bf8cc5ce949446,fraud,electronics,637,0,27962.88,True,False,0
pay_9a91b59af7164b,fraud,electronics,1427,0,19464.99,True,False,0
pay_383bdec445bf4b,not_received,apparel,1026,0,2635.22,True,False,0
pay_87e3e27e9ff748,damaged,apparel,1037,0,3699.62,True,False,0
pay_b199190313f743,damaged,electronics,1152,0,21356.68,True,False,0
pay_23f605bafb4647,fraud,electronics,1293,0,23126.0,False,False,0
pay_795f76f0b53045,damaged,digital_services,1349,0,2421.01,False,False,0
pay_d35f3b92ddff43,fraud,apparel,1235,0,2352.51,True,False,0
pay_a42f95a4d3ee48,fraud,apparel,944,0,5169.32,True,False,0
pay_7c05ebc062d24c,damaged,electronics,1461,0,24388.06,True,False,0
pay_37de3e85470c49,damaged,electronics,638,0,21070.57,True,False,0
pay_b5cdca288be541,not_received,apparel,1054,0,102.08,True,False,0
pay_ede18c0c407c48,not_received,digital_services,1100,0,3185.36,True,False,0
pay_28c29ab8baa54d,damaged,electronics,1096,0,20758.17,True,False,0
pay_5626217e27af40,not_received,digital_services,671,0,2989.75,True,False,0
pay_13bff6c789a649,damaged,electronics,835,1,22000.45,True,False,0
pay_ae2df98fcd5940,not_received,apparel,783,0,3890.08,True,False,0
pay_563d4fe1c9554b,damaged,electronics,11,4,28353.69,False,True,1
pay_e5589f14f86e44,damaged,apparel,1378,0,4382.14,False,False,0
pay_ef7f2aa1995c45,fraud,apparel,197,0,1926.18,True,False,0
pay_d0aa8257ef2d45,damaged,apparel,8,5,1645.97,False,True,1
pay_b82d404583384b,not_received,apparel,912,0,3753.66,True,False,0
pay_dff16748316b40,fraud,electronics,4,4,22502.2,False,True,1
pay_ed04009daebd4f,not_received,apparel,1423,2,263.02,True,False,0
pay_7f791c60b12a4e,fraud,electronics,1022,0,30278.56,False,False,0
pay_562b992355284c,not_received,apparel,1473,0,2522.26,True,False,0
pay_8d40b8f6a27042,damaged,electronics,1391,2,31130.92,True,False,0
pay_2527c6bee1184d,fraud,apparel,485,0,1164.77,True,False,0
pay_4b2dd17b165044,not_received,apparel,636,0,4170.72,True,False,0
pay_11ffc438caf149,damaged,electronics,1305,0,30596.51,True,False,0
pay_a0bbb028ce8749,not_received,digital_services,1081,0,3058.69,True,False,0
pay_91434618c39a4f,fraud,digital_services,1035,0,100.0,True,False,0
pay_0708b929292445,not_received,apparel,405,1,2338.27,True,False,0
pay_9a79830a86ad44,not_received,electronics,2,4,18326.76,False,True,0
pay_b534e6c4d39649,not_received,apparel,577,1,3928.35,False,False,0
pay_dc4029d803bd49,damaged,digital_services,973,2,3387.03,False,False,0
pay_c504c1a50ecb40,not_received,electronics,1220,0,18987.86,True,False,0
pay_7369925ad3234a,damaged,digital_services,8,3,1351.3,False,True,1
pay_ad1b6f8bd5224a,not_received,digital_services,215,0,2150.07,True,False,0
pay_0e573e89d5a14a,fraud,apparel,2,4,3487.1,False,True,1
pay_8f2c68f0a2f04c,not_received,apparel,1286,0,3731.13,True,False,0
pay_55e6cba91dd347,not_received,apparel,5,5,1874.65,False,True,0
pay_cbc02864fa6a43,not_received,apparel,784,0,3074.08,True,False,0
pay_0e446575fa8940,fraud,electronics,1390,0,28656.62,True,False,0
pay_8e0fa7f6f8e245,fraud,electronics,1197,0,30114.58,True,False,0
pay_4aa8212cdd7b40,fraud,apparel,125,0,3310.93,True,False,0
pay_cda2c22f8dc341,fraud,electronics,4,6,21904.57,False,True,0
pay_109039408c9040,not_received,apparel,106,0,4834.03,True,True,1
pay_25b5a52a393a47,fraud,digital_services,386,0,2358.41,True,False,0
pay_49cacd7daa684d,not_received,electronics,1304,0,18717.1,True,False,0
pay_6a02c2df29bd43,fraud,electronics,174,0,32102.65,False,False,0
pay_2dfd8e818c2642,fraud,apparel,1169,0,5105.28,False,False,0
pay_7d95b83a289d49,not_received,electronics,1331,0,26375.17,True,False,0
pay_38ddae90741245,fraud,digital_services,578,0,2983.66,True,False,0
pay_3bcde141fa9d45,damaged,electronics,945,0,27629.08,True,False,0
pay_4f994c10312d46,fraud,apparel,10,2,3127.93,False,True,0
pay_07e87594178647,not_received,electronics,1178,0,13352.77,True,False,0
pay_a430abbafb4744,damaged,electronics,946,1,25587.13,True,False,0
pay_6be3f9eba2f749,not_received,electronics,1354,0,28844.35,True,False,0
pay_1b2f0ebabed346,fraud,electronics,936,0,29926.57,True,False,0
pay_32f32180b9b94c,not_received,apparel,4,3,2502.56,False,False,0
pay_655e223c81cd41,not_received,apparel,1313,0,3317.79,True,False,0
pay_41aaf688453e46,damaged,electronics,513,0,18367.55,True,False,0
pay_35ad56866e4d4e,damaged,electronics,197,0,23847.55,False,False,0
pay_f20d812fd2654c,fraud,apparel,1231,2,3343.09,True,False,0
pay_b59c37cdd0dd45,damaged,apparel,10,3,3271.58,False,False,0
pay_20cc0b9220ec4e,fraud,apparel,1311,1,3016.69,True,False,0
pay_a63dfda9df7f4d,fraud,electronics,208,0,17796.48,True,False,0
pay_068d2cef24f143,damaged,digital_services,1282,1,1845.15,False,False,0
pay_32eff4071f0147,fraud,digital_services,257,0,3008.44,True,False,0
pay_b2a21b5eaf0f43,fraud,electronics,662,0,21743.11,True,False,0
pay_51356cfeb48848,fraud,apparel,1380,0,4171.53,False,False,0
pay_cbcd9fd933f34c,not_received,apparel,646,0,3228.37,True,False,0
pay_89588b37cef942,not_received,digital_services,252,1,2414.79,True,False,0
pay_863aa30214734f,not_received,apparel,1,5,2714.58,False,True,1
pay_498ce04b69d845,fraud,digital_services,9,4,3088.92,False,False,0
pay_7dd4bd6e260d4e,not_received,electronics,616,0,20104.81,True,False,0
pay_d3a225c2d29d40,damaged,electronics,361,0,30405.49,True,False,0
pay_0448577c42844a,damaged,apparel,724,0,2245.66,True,False,0
pay_4de10fb218b742,fraud,apparel,696,1,4111.78,True,False,0
pay_2e31ca34925b4b,damaged,apparel,268,0,1549.87,True,False,0
pay_a1ad16f1aaf44e,not_received,digital_services,6,2,4151.96,False,True,0
pay_d67320aa776f41,fraud,apparel,945,0,3531.06,False,False,0
pay_bdd21f59dd434f,fraud,apparel,225,0,2789.11,True,False,0
pay_8d2da0524cd54e,fraud,apparel,302,0,3147.76,True,False,0
pay_bc7f75258dbb45,not_received,apparel,2,5,4827.8,False,False,0
pay_da0bacfa114149,fraud,apparel,408,0,2268.97,True,False,0
pay_452febd973bf44,not_received,apparel,1039,0,1960.22,True,True,1
pay_dc171aca30a249,fraud,apparel,427,1,3108.0,True,False,0
pay_d57f132fabb544,damaged,electronics,939,0,17517.5,True,False,0
pay_3bee69debfb149,fraud,electronics,506,0,19931.0,True,False,0
pay_001a537405d24b,damaged,digital_services,7,4,3654.52,False,True,1
pay_efa51f0d033b4d,damaged,electronics,885,1,30465.11,False,False,0
pay_0c8861c6a11848,fraud,electronics,1025,0,23715.16,True,False,0
pay_7c78387f97b545,not_received,apparel,775,0,3168.49,True,False,0
pay_d047c7ad412143,fraud,electronics,1056,0,25222.55,True,False,0
pay_0f280fb5071440,damaged,apparel,34,1,4132.5,False,False,0
pay_4dde1db1d36a4b,not_received,electronics,1,4,22481.04,False,True,1
pay_09b3b992297b4b,fraud,electronics,7,2,20447.49,False,False,0
pay_9e6e1406648f4a,fraud,digital_services,9,5,3590.36,False,True,1
pay_a4f5d173fbcf45,fraud,apparel,383,0,4059.98,True,False,0
pay_ac141461332047,damaged,electronics,525,0,19205.16,True,False,0
pay_1cf41e6cb2eb48,not_received,apparel,868,0,593.32,True,False,0
pay_a8e9adf5b6bf47,damaged,apparel,313,0,3602.63,True,False,0
pay_cffe3477372e42,fraud,apparel,607,0,2352.22,True,True,1
pay_faa325a86d3641,fraud,apparel,8,3,2072.78,False,True,1
pay_735b2ff6807240,damaged,electronics,4,4,24164.26,False,True,1
pay_7e4d924311b14e,fraud,apparel,131,0,2849.59,True,False,0
pay_2f6db58b2b9842,damaged,electronics,801,0,21193.99,False,False,0
pay_722f4dcbf59742,fraud,electronics,1178,0,11672.09,False,False,0
pay_facfd0bba07f4d,fraud,apparel,157,0,2114.77,True,True,1
pay_a22f27c47aba40,not_received,apparel,10,4,3724.18,False,False,0
pay_24e9537946e044,damaged,apparel,351,0,2474.68,True,False,0
pay_d2119fa8e74a47,damaged,electronics,1115,0,21801.77,False,False,0
pay_6bd098a4d75840,fraud,digital_services,219,0,2761.56,True,False,0
pay_6ea85abdc54c4e,fraud,digital_services,963,0,4418.67,True,False,0
pay_e1fc93d5f05748,not_received,apparel,11,2,1985.73,False,True,0
pay_341af255a2ee46,not_received,electronics,2,6,23498.45,False,True,1
pay_90e8be0a5af84b,not_received,apparel,574,0,2703.27,True,False,0
pay_7c745691cbd64d,fraud,electronics,1234,1,37086.69,True,False,0
pay_6d89340e7c6b48,damaged,apparel,565,0,3362.77,True,False,0
pay_9bcbe87d53f54d,not_received,apparel,2,3,3968.43,False,True,1
pay_ced42bf3c75740,damaged,electronics,511,0,24041.67,False,False,0
pay_5f6116de9b0d41,not_received,electronics,2,3,28534.59,False,True,0
pay_d09e10a519f24f,not_received,electronics,536,0,28739.74,True,False,0
pay_190d91e75cf940,damaged,apparel,75,0,4181.3,True,False,0
pay_7020cbedf15841,not_received,electronics,497,1,20630.15,True,False,0
pay_94be94ea7e7547,damaged,apparel,774,0,3418.75,True,False,0
pay_86caee2c6b3449,damaged,electronics,369,0,20961.13,True,False,1
pay_aa497bbaac0d4b,not_received,electronics,1097,2,25615.59,True,False,0
pay_c53fb0a7343d4f,not_received,apparel,732,0,2675.26,True,False,0
pay_9d053f00561946,fraud,apparel,994,0,3022.08,True,False,0
pay_54d5d75abc5b48,fraud,apparel,1046,0,2834.05,True,False,0
pay_954a77be35dd4c,fraud,electronics,1458,0,21955.88,True,False,0
pay_56679deb572647,fraud,electronics,11,3,26711.69,False,True,0
pay_e896ce06549e4f,fraud,digital_services,558,2,2368.54,True,False,0
pay_6563018064764d,fraud,apparel,1004,2,1738.95,True,False,0
pay_28dce88b7bdf4c,fraud,apparel,304,0,909.37,False,False,0
pay_731fb1ba32834d,not_received,electronics,824,0,24268.07,True,False,0
pay_5f02671e183649,fraud,electronics,90,2,27719.78,False,False,0
pay_ff0271bd11bd43,fraud,apparel,1,4,3987.53,False,True,0
pay_62a2ad7213b34b,not_received,digital_services,9,6,1686.91,False,True,1
pay_ca50f6c0e0c84d,not_received,digital_services,8,5,3253.99,False,True,1
pay_9ce6fef7e9014e,not_received,digital_services,969,0,3399.97,False,False,0
pay_de64e072315c4e,not_received,electronics,4,6,27464.22,False,True,0
pay_dd89ecc1a1984e,damaged,digital_services,324,0,2956.64,True,False,0
pay_5d674e3a38bc4e,not_received,digital_services,76,0,2713.84,True,True,1
pay_551c8d90d4e14f,not_received,electronics,1346,0,18930.0,False,False,0
pay_41d1a422f4dc44,damaged,apparel,415,1,2392.6,False,False,0
pay_641f727396834a,damaged,apparel,892,0,2957.06,True,False,0
pay_4f3dfcda6c1149,not_received,electronics,1405,0,20348.3,True,True,1
pay_ebd09f3b740448,not_received,apparel,366,0,2230.16,True,False,0
pay_cd11ab39575347,fraud,digital_services,776,0,3216.21,True,False,0
pay_748f1959eaba42,not_received,digital_services,6,5,1061.13,False,True,1
pay_19333fdf262340,damaged,digital_services,903,0,1935.47,True,False,1
pay_9846beccf6704a,not_received,apparel,8,4,2366.59,False,True,1
pay_e1a1247aad114e,damaged,apparel,1008,0,3364.54,True,False,0
pay_375c70dd661943,not_received,apparel,364,0,4054.38,True,False,0
pay_fe1086b0bf0841,damaged,apparel,1412,0,4093.95,True,False,0
pay_f5b3c210b3784a,not_received,electronics,12,3,21172.43,True,True,1
pay_b87837b2ac9d47,fraud,apparel,1121,0,2900.73,False,False,0
pay_d5aa3b732c4e46,not_received,electronics,13,4,26359.16,False,True,1
pay_d5956d5aa6b342,fraud,electronics,723,0,27129.52,False,False,0
pay_60d80eb8bbc54a,fraud,electronics,254,0,27103.13,True,False,0
pay_0c5f0b7c12b946,damaged,digital_services,1495,0,3724.58,True,False,0
pay_15901db2436f4e,fraud,electronics,1080,2,28647.33,True,True,1
pay_6d5052410adc49,not_received,apparel,8,3,1876.04,False,True,0
pay_7e471e12b13449,fraud,digital_services,416,0,2423.68,True,True,1
pay_761510f8885444,fraud,apparel,222,0,3441.53,True,False,0
pay_6d561002f31a4c,damaged,electronics,289,0,30691.72,True,False,0
pay_5d4fb981684d4e,fraud,apparel,1008,0,1254.81,True,False,0
pay_db0b38067ef744,not_received,electronics,1118,1,29593.5,True,False,0
pay_1b4233ed31f641,not_received,electronics,923,0,28933.17,True,False,0
pay_ae51d4a685094b,not_received,digital_services,129,2,2441.29,True,False,0
pay_a9b74a3a297247,damaged,electronics,812,0,32830.52,True,False,0
pay_dc7b1044610340,not_received,apparel,1351,0,1946.33,True,False,0
pay_1f741d460ef64c,not_received,apparel,990,0,3381.74,True,False,0
pay_2133a51ee4314b,damaged,electronics,85,0,33914.92,True,False,0
pay_9aea782d31f942,fraud,apparel,1055,1,2119.63,False,False,0
pay_74e630bf8f6342,not_received,electronics,458,0,23645.98,True,False,0
pay_8e301441c79844,damaged,electronics,604,0,22003.15,True,False,0
pay_007190e2cc7c4b,not_received,apparel,1228,2,4310.74,True,False,0
pay_a07e041b4ddf43,damaged,electronics,1124,0,23904.98,True,False,0
pay_fd6958244d754c,not_received,apparel,368,0,4046.27,False,False,0
pay_1b05680c340543,damaged,electronics,1182,0,24166.62,True,False,0
pay_2f40af1dbb814d,damaged,apparel,1368,0,4268.12,False,False,0
pay_c0466169d01948,fraud,apparel,1163,1,2716.6,True,False,0
pay_0976abad6c2746,fraud,apparel,3,5,1298.3,False,True,1
pay_1ef84ef774964f,not_received,digital_services,921,0,3619.49,True,False,0
pay_005229c5dc194b,not_received,apparel,747,0,1592.13,True,False,0
pay_6ee03d7ace124c,fraud,digital_services,1,2,4496.85,True,True,1
pay_78b50458831842,fraud,electronics,210,2,25633.79,True,False,0
pay_0ceb2f6b5c7749,fraud,digital_services,1299,0,2441.71,True,False,0
pay_d4babf98067d4f,damaged,apparel,1180,0,3571.12,True,False,0
pay_7fdd26da777043,not_received,apparel,12,6,2771.13,False,True,1
pay_eebd3f9b540546,not_received,digital_services,40,0,2477.22,True,False,0
pay_b47773846c4041,fraud,apparel,1144,0,2824.09,False,False,0
pay_e0d5bcba43a74e,fraud,digital_services,1331,0,2212.06,True,False,0
pay_fb9afc75d3d242,fraud,apparel,2,4,2889.0,False,True,1
pay_b998110c9ee948,fraud,apparel,360,0,4953.07,True,False,0
pay_971873e9b15444,damaged,apparel,662,0,3283.65,True,False,0
pay_a19dbc065beb40,damaged,electronics,2,5,18229.06,False,True,1
pay_af169db2505447,fraud,apparel,1330,0,3836.25,True,False,0
pay_2ba9b4f388bf46,fraud,digital_services,1473,0,3219.86,True,False,0
pay_db43d3c2937848,fraud,apparel,274,0,2131.02,True,False,0
pay_16f69880b39a41,not_received,apparel,1454,0,3606.1,True,False,0
pay_468d12aac2f74e,fraud,apparel,799,0,3895.15,True,False,0
pay_310745a2d60a4d,fraud,electronics,922,1,23055.43,True,False,0
pay_c279c879352946,fraud,electronics,1201,0,20597.9,True,False,0
pay_7611954a138743,not_received,electronics,1492,0,19625.98,True,False,0
pay_a6f1df85887643,not_received,electronics,552,1,24601.55,True,False,0
pay_7169dea5fc654f,not_received,apparel,127,0,4616.98,False,False,0
pay_0ea4963ba09143,fraud,digital_services,607,0,3138.17,True,False,0
pay_3e7c9e65045a49,damaged,electronics,1432,0,30708.51,True,False,0
pay_25bc54ad267348,damaged,electronics,714,1,27909.81,False,False,0
pay_74b1e3f9952d4f,fraud,electronics,1361,0,28248.61,True,False,0
pay_99423f8f3c1446,fraud,electronics,566,0,19772.06,True,True,1
pay_06fcaa3e719241,not_received,apparel,1194,0,2871.97,True,False,0
pay_3109fcb7eef14d,fraud,electronics,430,2,27793.18,False,False,0
pay_eb125cb17baa41,not_received,electronics,1341,2,25446.78,True,False,0
pay_1a26e7f939854d,not_received,digital_services,1356,0,2911.36,True,False,0
pay_ef73133672224b,not_received,electronics,728,2,27945.78,True,False,0
pay_5967318bf5794b,fraud,apparel,434,0,4591.49,True,False,0
pay_7ec796ce1eef42,not_received,apparel,1214,0,2373.52,True,False,0
pay_ee98f3a8e36144,damaged,electronics,1496,0,29418.24,True,False,0
pay_a249e62aab604d,fraud,digital_services,141,2,3026.72,True,False,0
pay_e40a506606b648,not_received,apparel,115,0,3244.59,True,True,1
pay_384c041972bb42,fraud,electronics,506,1,15914.48,False,False,0
pay_39abeda6957b46,fraud,electronics,3,2,27774.82,False,True,0
pay_aef4c1edf45f48,not_received,apparel,1293,0,4955.1,True,False,0
pay_d3d77959f98044,fraud,apparel,11,3,3588.13,False,True,0
pay_075ad58d14c84c,fraud,apparel,1068,1,2913.29,True,False,0
pay_ee84369dc84242,fraud,electronics,572,1,21439.67,False,True,0
pay_05e3ec27240147,not_received,electronics,152,0,25965.39,True,False,0
pay_6259e20e42b64e,not_received,apparel,6,6,1714.65,False,False,0
pay_07f0d221b2f04e,fraud,digital_services,347,0,4688.93,True,False,0
pay_8a101a8694f143,not_received,apparel,11,3,1924.97,False,False,0
pay_982c3111b36a42,fraud,electronics,974,0,29170.11,True,False,0
pay_f6e7f923ca3a49,not_received,digital_services,1468,0,4853.03,True,False,0
pay_f0448b6712c443,not_received,apparel,1103,0,2998.61,True,True,1
pay_38a315a5b6a046,not_received,apparel,1336,0,2836.53,True,False,0
pay_0ad572ede92244,damaged,electronics,12,4,19132.65,False,True,1
pay_9e5090ea6bdb42,damaged,apparel,998,0,2978.08,True,False,0
pay_294a9d7279a048,fraud,digital_services,1387,0,3760.49,True,False,0
pay_999e0009a55f49,damaged,electronics,251,0,30911.01,True,False,0
pay_8d244e039ec941,fraud,apparel,732,0,3184.59,True,False,0
pay_2bef27a58e3e40,damaged,apparel,542,0,2349.71,True,False,0
pay_8dd18935f8034c,fraud,electronics,1454,0,19334.27,True,False,0
pay_eac71cfd793440,fraud,apparel,346,0,2413.66,True,False,0
pay_5694634fd0aa49,fraud,electronics,687,0,22996.12,True,False,0
pay_0bf4a12ddfd046,fraud,apparel,74,0,4557.19,True,False,0
pay_630e4f00517c44,not_received,digital_services,970,0,3257.45,True,False,0
pay_34983162a5ef4c,damaged,digital_services,623,0,3996.9,False,False,0
pay_1223472806ac4c,not_received,digital_services,10,4,2706.02,False,True,0
pay_0c44a8a5925947,not_received,apparel,215,2,2980.09,True,True,1
pay_7a837ab8d04748,not_received,apparel,505,0,2690.12,True,False,0
pay_220efc0cc6524a,fraud,apparel,1103,0,3460.61,True,False,0
pay_e8aa43682aed4e,fraud,electronics,7,3,12698.02,False,True,1
pay_30a13dcd94cd43,fraud,electronics,1178,0,25317.79,True,False,0
pay_4ae405f0593247,fraud,apparel,197,0,3823.25,True,False,0
pay_529985dc56ac49,fraud,electronics,1231,0,22876.24,True,False,0
pay_444f47ab9dfe44,fraud,digital_services,990,0,2402.33,True,False,0
pay_1c6690c0526b45,fraud,apparel,13,2,2968.61,False,True,0
pay_34c923c567a640,fraud,electronics,12,5,29627.09,False,True,0
pay_2aae3eb891dc4b,damaged,electronics,93,0,14993.85,True,False,0
pay_61e8c715553440,fraud,digital_services,139,0,3588.49,True,False,0
pay_060b75381a564d,not_received,digital_services,450,0,4388.72,True,False,0
pay_c9a096442f5c41,not_received,electronics,8,4,28639.11,False,False,0
pay_4beacb69be8e4b,not_received,apparel,9,4,2978.61,False,False,0
pay_59842591294f48,fraud,apparel,1059,0,2866.23,True,False,0
pay_d8e21ef4454942,fraud,apparel,1373,1,2359.61,True,False,0
pay_bf262e79350045,fraud,apparel,525,2,3187.34,False,False,0
pay_a49290d4344a4e,fraud,electronics,799,0,25703.19,True,False,0
pay_662df6e56d5842,fraud,apparel,797,0,4324.58,True,False,0
pay_73d9f57281e94e,not_received,electronics,1432,0,23665.34,True,False,0
pay_b96d3836ea3f48,not_received,electronics,756,0,23730.13,True,False,0
pay_6a10d6e2834f42,not_received,electronics,1036,0,28303.84,True,False,0
pay_5827fe187c2148,not_received,electronics,463,0,30428.96,True,True,1
pay_0e3452724bde4d,fraud,apparel,1,3,2213.88,False,True,0
pay_5e364f00c01a4a,damaged,electronics,39,0,18313.76,True,False,0
pay_efc9ca01e07e43,fraud,apparel,360,0,3103.11,True,False,0
pay_578b30756bf849,not_received,apparel,2,5,4009.85,False,False,0
pay_5aa3776d38414e,not_received,digital_services,9,6,1838.63,False,True,1
pay_762e0a5352b348,not_received,apparel,736,0,5479.47,True,False,0
pay_e180f4a88a904e,fraud,digital_services,1212,0,4164.27,True,False,0
pay_d2a2276c3c7e4c,not_received,electronics,1,6,21713.59,False,True,0
pay_55714bd98f6547,fraud,apparel,766,0,3410.34,False,False,0
pay_cd9cee199a604a,fraud,electronics,436,0,22811.53,True,False,0
pay_61902384e96444,fraud,apparel,10,5,2930.12,False,True,0
pay_8844b8fbe6d14f,fraud,electronics,851,1,29735.83,True,False,0
pay_1b335622541d49,not_received,apparel,869,0,3372.52,True,False,0
pay_5305016347964d,damaged,electronics,127,0,29487.23,False,False,0
pay_1a903a0c9a1942,fraud,electronics,90,1,30714.26,True,False,0
pay_a4a17ccc8a5f4b,damaged,apparel,406,0,1599.02,True,False,0
pay_ff8bcd76724b47,damaged,digital_services,1068,0,2824.5,True,False,0
pay_9c6a785c63c946,damaged,electronics,1272,2,28744.75,True,False,0
pay_f219e513c57f43,damaged,digital_services,248,0,2351.86,True,False,0
pay_c44249edbc0c4b,fraud,electronics,1198,0,22628.18,True,False,0
pay_ec09b51f5b9f4c,fraud,apparel,8,6,2981.24,False,True,0
pay_4003bc0b4ada4e,not_received,digital_services,1266,0,3006.4,True,True,1
pay_c69d4fef029f48,not_received,electronics,802,0,26315.13,True,False,0
pay_4e04a6a49f4a4f,damaged,apparel,12,6,2547.56,False,True,1
pay_503476b22d854a,damaged,electronics,739,0,32769.64,True,False,0
pay_13db03e7b0da48,not_received,electronics,86,0,22637.72,False,False,0
pay_7b8019ebdd5b45,fraud,apparel,613,0,2740.97,True,False,0
pay_e7338a7060724c,fraud,apparel,1214,0,4406.14,False,False,0
pay_e0da73689b5744,fraud,digital_services,589,1,4081.94,True,False,0
pay_a68e004aa3394d,not_received,electronics,245,0,23013.01,True,False,0
pay_c9efa8064e074a,not_received,apparel,1469,0,3465.48,True,False,0
pay_d7be1f8a51e74f,damaged,apparel,657,1,3004.23,True,True,1
pay_c21d28b1f7cc44,not_received,digital_services,181,0,3263.6,True,False,0
pay_574750f2a35844,damaged,electronics,624,0,28160.61,True,False,0
pay_fc3b5703f3fd4e,not_received,digital_services,12,2,3088.76,False,False,0
pay_1c3acc3057414c,damaged,apparel,637,0,5120.92,True,False,0
pay_3dfb23379a5147,fraud,apparel,76,0,3182.38,True,False,0
pay_8ea30b3b583c47,damaged,electronics,527,0,25784.25,True,False,0
pay_f5eee883aaa14d,not_received,digital_services,667,0,2552.2,True,False,0
pay_eb91b05c63b048,fraud,apparel,886,0,4504.24,False,False,0
pay_568a4c5fd1f246,fraud,apparel,8,5,1862.85,False,True,0
pay_d680c14ee6b146,damaged,apparel,149,0,2590.94,True,False,0
pay_eb1543d45e0c41,fraud,electronics,400,0,26311.08,True,False,0
pay_c705a0f5dfa344,not_received,electronics,454,0,30575.97,True,False,0
pay_ef4730035e7f42,fraud,digital_services,1479,0,3618.92,True,False,0
pay_b4b142f46dbd46,not_received,electronics,302,0,20475.13,False,False,0
pay_ea2c5b1faf954e,damaged,digital_services,9,5,2396.57,False,True,1
pay_c2a01d09c32347,fraud,apparel,2,2,2567.25,False,True,1
pay_da02850dc9af45,not_received,electronics,148,0,28405.28,True,False,0
pay_2e225c1c1c1643,damaged,apparel,2,3,4353.23,False,True,1
pay_11e48eb4346049,not_received,apparel,310,0,4777.25,True,False,0
pay_f7a12de12b6a44,damaged,apparel,452,0,4567.12,True,False,0
pay_0c50d02e394e40,not_received,digital_services,7,3,3205.57,False,True,1
pay_50fa4946119847,fraud,electronics,1413,0,21689.71,True,False,0
pay_b5a42d0d61c242,not_received,digital_services,1420,0,2324.5,True,False,0
pay_0aa92a85d29644,not_received,apparel,6,4,3370.67,False,False,0
pay_d7abb18008c945,fraud,digital_services,1092,0,3224.16,True,False,0
pay_f00fa597160340,fraud,electronics,974,0,25808.86,True,False,0
pay_f6b29ba31ba94f,fraud,electronics,13,3,23354.17,False,True,1
pay_14496e28f00343,not_received,apparel,1474,0,3563.43,True,False,0
pay_ef7190ead17c4d,damaged,electronics,1067,2,22053.45,True,True,1
pay_bbeb127fdd1041,fraud,digital_services,1376,2,2712.02,True,False,0
pay_daf538c8d5bb4a,not_received,electronics,3,2,33712.1,False,True,0
pay_84c171616f8448,damaged,electronics,1308,0,28090.4,True,False,0
pay_ad4e688c778743,fraud,electronics,1445,0,26936.47,False,False,0
pay_c28c4ceb01d24d,not_received,electronics,571,0,26754.63,True,False,0
pay_7df4902f177547,damaged,apparel,12,4,2264.41,False,False,0
pay_3ec6e1806e3f4a,damaged,apparel,130,2,3646.38,True,False,0
pay_e705c57dd9284b,fraud,electronics,1120,0,34333.22,True,False,0
pay_756ffd76ba2b4b,fraud,electronics,239,0,24272.27,True,True,1
pay_1e0d2b29b51f4f,fraud,electronics,1434,0,18042.72,True,False,0
pay_7a7a99d6b19040,not_received,electronics,482,2,25642.59,False,False,0
pay_f9025c4f67b84f,not_received,apparel,371,0,3126.64,True,False,0
pay_bb5b130d784440,not_received,apparel,412,0,1570.98,True,False,0
pay_f6e12cf99ab143,fraud,apparel,961,0,3024.11,True,False,0
pay_e6ea4cce0f144e,fraud,digital_services,258,0,2928.55,True,False,0
pay_b8c0e26cc6c746,not_received,digital_services,4,3,2571.4,False,False,0
pay_e70c30bb110a41,not_received,apparel,1483,0,2255.72,True,False,0
pay_6f1298b9699d4a,not_received,apparel,667,0,2966.99,True,False,0
pay_2bd7c09ad0ca4b,not_received,digital_services,1001,0,2820.02,True,False,0
pay_71c87c1ab2a448,fraud,apparel,3,4,1111.45,False,True,0
pay_17c3df47d72343,fraud,electronics,1454,1,27167.03,True,False,0
pay_ac8a607b01e04f,fraud,apparel,597,0,2995.48,True,False,0
pay_fbcbfd2d086a4a,fraud,digital_services,1293,0,2799.09,True,False,0
pay_8b6c9d95d6c047,fraud,digital_services,1362,0,3858.89,True,False,0
pay_48dced4427d543,fraud,electronics,11,5,22597.63,False,True,1
pay_e58c3e18f78841,fraud,digital_services,1010,1,2167.03,True,False,0
pay_e9adb1563ae94b,fraud,digital_services,951,0,3805.22,True,False,0
pay_c0281094b2cb4a,not_received,electronics,13,3,24637.02,False,True,1
pay_06f2b128ec7446,fraud,digital_services,1149,1,989.9,True,False,0
pay_2d5a6cea185549,not_received,digital_services,878,0,2355.32,True,False,0
pay_20c8e6748aa64d,not_received,electronics,278,0,24794.42,True,False,0
pay_0d278ee364eb40,not_received,apparel,1405,0,1962.03,False,False,0
pay_6dbb21214cc44e,damaged,electronics,231,0,27095.54,True,False,0
pay_ada1fe7a6f4247,fraud,apparel,496,0,3025.65,True,False,0
pay_0f2c34b226bd4b,not_received,digital_services,1254,0,2579.84,True,False,0
pay_d595c89b8b234e,damaged,apparel,644,0,2237.95,True,False,0
pay_7ea241031d2044,damaged,apparel,554,0,4891.11,True,False,0
pay_4cbdeb239c6944,fraud,digital_services,534,0,3880.27,False,False,0
pay_a4b7caa38ec14f,fraud,digital_services,1132,1,2520.51,True,False,0
pay_4aece5b5850242,fraud,electronics,1017,0,24593.65,True,False,0
pay_dde946ea2c224f,not_received,digital_services,10,3,4764.94,False,True,1
pay_49bf29f3633d42,not_received,electronics,1254,0,19281.4,True,False,0
pay_193c85fc4e4243,fraud,electronics,1499,1,24771.32,True,False,0
pay_aa2826b9796746,not_received,apparel,1361,0,2962.33,True,False,0
pay_ee257be6867a46,not_received,apparel,10,4,3934.72,False,True,0
pay_770413c7a43d43,not_received,apparel,108,0,4849.16,True,False,1
pay_168ccb4b20964b,damaged,electronics,439,0,26400.83,True,False,0
pay_9ec980c60ffe48,not_received,electronics,10,2,20226.55,True,True,1
pay_79ec84f745af4f,fraud,digital_services,1469,0,100.0,True,False,0
pay_8b6ac604751140,not_received,electronics,10,5,30374.27,False,True,1
pay_e455e62e9b324a,fraud,electronics,450,0,29283.51,True,False,0
pay_c91fc52885fc48,not_received,digital_services,204,0,3154.86,True,False,0
pay_20f49138c4f747,damaged,apparel,842,0,2975.92,True,False,0
pay_9f549857f77d45,damaged,electronics,12,4,30680.55,False,True,1
pay_5aab1a53236a43,not_received,electronics,356,0,24845.66,False,False,0
pay_15f392a86a2a41,fraud,digital_services,1026,0,2699.7,True,False,0
pay_b282efe382f349,fraud,digital_services,145,0,2052.37,True,False,0
pay_b3bfa67c50c447,not_received,electronics,706,0,20451.59,False,True,1
pay_144a022fa10d4b,fraud,apparel,915,0,3612.53,True,False,0
pay_5e3a184a5f7a42,not_received,electronics,5,6,31797.87,False,True,0
pay_c24f929d7aac4b,fraud,digital_services,1,3,5245.28,False,True,0
pay_167f89d6352648,fraud,electronics,2,4,25506.54,True,True,1
pay_f0ae048de96249,fraud,apparel,68,0,3313.51,True,False,0
pay_6bee6bb6426643,damaged,apparel,558,0,4076.31,True,False,0
pay_dcee33a0010943,not_received,apparel,1235,0,3681.43,True,False,0
pay_5cd85b71f3264d,fraud,digital_services,506,0,3730.76,True,False,0
pay_49610870dd4d4a,fraud,apparel,439,0,2640.12,True,True,1
pay_6ff8a88151ac4c,not_received,digital_services,1439,0,2487.98,True,False,0
pay_7fb607c5324249,fraud,electronics,1482,0,25158.92,True,False,0
pay_5d0b63df93e949,not_received,electronics,297,0,21803.28,True,False,0
pay_67671ce77a4544,damaged,apparel,12,2,3451.39,False,False,0
pay_e6fb410a90d941,not_received,apparel,11,5,2795.63,False,False,0
pay_8d3dc64c45a54c,not_received,apparel,1334,0,4050.68,False,False,0
pay_b62b8453911c43,not_received,digital_services,399,0,3624.32,True,False,0
pay_804400c32b1944,damaged,apparel,1090,2,3092.71,False,False,0
pay_50ab1ec9b27f45,damaged,digital_services,979,0,2871.0,True,False,0
pay_2918ce58d1be4d,not_received,apparel,981,0,2862.72,True,False,0
pay_247f4b7cb3f246,fraud,electronics,1373,0,26321.65,True,False,0
pay_200ce736c3d642,not_received,electronics,12,2,22919.65,False,True,0
pay_ad7dd69c81f745,fraud,digital_services,312,0,2176.99,True,False,0
pay_7f3aa73708fc41,not_received,electronics,723,0,21235.94,False,False,0
pay_ab085dceceb642,not_received,electronics,1432,0,17621.37,False,False,0
pay_a695d98f1c8b46,fraud,electronics,952,0,30297.44,True,False,0
pay_87f959fb195040,fraud,apparel,1153,0,3797.0,False,False,0
pay_1039114e285449,not_received,apparel,1316,0,2713.39,True,False,0
pay_47995c00367a40,damaged,electronics,1482,0,21971.81,True,False,0
pay_1af5bf175af942,not_received,apparel,1,2,2758.4,False,False,0
pay_652870dc4fe042,not_received,electronics,483,0,28601.4,True,False,0
pay_22c649547a2943,fraud,apparel,700,0,1719.98,True,False,0
pay_b888e1801cc441,not_received,digital_services,494,1,2502.44,False,False,0
pay_7f7e6c7e04a542,not_received,apparel,484,0,2546.77,True,False,0
pay_b57b2b1f8f1441,not_received,apparel,13,5,2001.09,False,True,0
pay_dbff5718f34f4d,fraud,electronics,398,0,23720.8,True,False,0
pay_1dcc65376eaa4c,not_received,digital_services,11,5,4391.06,False,True,0
pay_952b142cd8e24e,fraud,electronics,143,0,25325.89,False,False,0
pay_04794678476f4e,fraud,electronics,892,0,30692.72,False,False,0
pay_ac636650730748,damaged,digital_services,1138,0,3222.22,True,False,0
pay_0b32a11812784e,fraud,digital_services,158,0,2684.37,True,False,0
pay_b3edf3e1f6864a,fraud,digital_services,500,0,3598.8,True,False,0
pay_13a64fdee11249,not_received,digital_services,92,0,1369.9,False,False,0
pay_698cb1144e9a42,damaged,digital_services,1050,1,3243.18,True,False,0
pay_2a7ec04776c447,not_received,apparel,826,0,3131.27,True,True,1
pay_e25ad8c6bfc048,not_received,electronics,3,3,30465.69,False,False,0
pay_d157bbc6513b4b,damaged,digital_services,12,3,2854.89,False,True,1
pay_b68b42432c344b,fraud,digital_services,1061,0,4069.06,True,False,0
pay_52cb4a8a1c0946,fraud,electronics,2,6,24099.59,False,True,1
pay_31e7533792a643,fraud,apparel,777,0,1619.44,True,False,0
pay_f9361138a9cf42,damaged,electronics,1230,2,21093.54,False,False,0
pay_31e011f1d8df41,fraud,digital_services,239,0,2212.21,True,True,1
pay_c43287cb83e04c,fraud,apparel,1233,0,3465.01,True,False,0
pay_a5a856eff5d94c,not_received,electronics,1437,0,30772.83,False,False,0
pay_f020f4f721f14b,not_received,electronics,753,0,25227.38,True,False,0
pay_5db436da00644e,not_received,digital_services,191,0,3664.37,True,False,0
pay_a97295d4c6bc41,not_received,apparel,496,0,3464.79,False,False,0
pay_377e0a9f9d0844,fraud,apparel,3,3,2450.49,False,True,0
pay_888bd23223744c,not_received,apparel,981,0,2102.39,True,False,0
pay_b65d077604ce44,not_received,electronics,399,0,27149.12,True,False,0
pay_a05c92e8f46d4c,damaged,electronics,376,0,20556.69,True,False,0
pay_9a0da97ddb4941,fraud,apparel,670,0,2769.05,False,False,0
pay_5a50b97bd9c245,damaged,apparel,12,5,2262.07,False,True,1
pay_20520a94ffbd40,not_received,electronics,609,0,28940.76,True,False,0
pay_d10096d58b2d43,fraud,apparel,197,0,3868.84,True,False,0
pay_bcd477a6f03b44,not_received,electronics,418,0,14638.42,True,False,0
pay_9b34d729386b4d,fraud,digital_services,193,0,3432.62,True,False,0
pay_fd5dabb8db0744,damaged,electronics,490,0,19197.76,True,False,0
pay_f5d558708d7d41,damaged,electronics,622,0,27072.96,False,False,0
pay_f578b47179d440,fraud,electronics,4,3,30719.51,False,True,0
pay_ed4612680fa04e,fraud,electronics,68,0,17475.17,True,False,0
pay_9498424b4fb840,fraud,electronics,11,4,31977.63,False,True,0
pay_b4481135ec414f,fraud,apparel,8,2,3548.54,False,True,0
pay_898124f075d243,fraud,apparel,1057,0,5554.39,True,False,0
pay_2bbc63aa4c0a4a,fraud,electronics,10,2,25275.71,False,True,0
pay_dc67c9edc53d4f,not_received,apparel,984,0,2932.84,True,False,0
pay_41558a36c7a446,fraud,digital_services,220,0,3883.68,True,False,0
pay_2e6f7bc784954e,damaged,electronics,1,3,32492.95,False,True,0
pay_99a477349bfd4b,damaged,apparel,1303,0,3075.04,True,False,0
pay_43c6845b792049,not_received,electronics,182,0,23023.34,True,False,0
pay_dff7100db65d4c,damaged,electronics,1448,0,21538.61,False,False,0
pay_561af173a0594e,fraud,apparel,951,0,1761.96,True,False,0
pay_169fefb3c8c348,fraud,electronics,521,0,29085.18,True,False,0
pay_a9e7e8d828854c,not_received,digital_services,955,0,3700.37,True,False,0
pay_c8d072396b0c44,not_received,electronics,4,4,26177.36,False,True,0
pay_4ec98b8795b149,not_received,apparel,898,0,2441.68,True,False,0
pay_8511793662c14f,damaged,apparel,1171,2,987.13,True,False,0
pay_bd622b12d3374f,damaged,electronics,1069,2,17570.0,False,False,0
pay_a84e28b5a0874a,not_received,apparel,362,0,2857.03,True,False,0
pay_e7f85cea5f1d4b,not_received,apparel,799,0,3239.5,False,False,0
pay_89e35828a29743,fraud,apparel,815,0,2183.26,True,False,0
pay_328f3554fb6042,fraud,digital_services,1016,0,1836.78,True,False,0
pay_0b859fdde0534f,not_received,electronics,322,0,27885.46,False,False,0
pay_a42f34736fa945,not_received,apparel,334,0,2075.89,True,False,0
pay_8177d1f0bf1549,not_received,electronics,806,0,35617.26,False,False,0
pay_3504564634ee43,fraud,electronics,223,0,23568.79,True,True,1
pay_803a2f064b044f,not_received,electronics,699,0,26626.65,True,False,0
pay_d433d823ecdf4c,fraud,digital_services,815,0,4786.73,True,False,0
pay_77f4af3874e343,not_received,apparel,197,0,2167.68,True,False,0
pay_9b3e2fa46cbb40,fraud,electronics,137,0,23944.62,True,False,0
pay_45c72827316b4e,fraud,electronics,835,1,25780.49,True,False,0
pay_4f5de458a8e345,fraud,electronics,1066,0,24370.25,True,False,0
pay_9b4e6296701244,fraud,electronics,154,0,26009.48,True,False,0
pay_5a5da25dec914c,damaged,electronics,1079,0,31628.02,True,False,0
pay_6e1cf282f47942,fraud,electronics,60,0,23077.53,True,False,0
pay_04982c15a6f54f,fraud,electronics,84,0,25308.38,True,False,0
pay_a64df6c276f544,not_received,apparel,1309,0,3972.49,True,False,0
pay_41cda52a1e334c,not_received,digital_services,349,0,3267.78,True,False,0
pay_f1390309504546,fraud,apparel,1128,0,4663.03,False,False,0
pay_78c52416059e49,fraud,digital_services,502,0,2091.31,True,False,0
pay_2dcaacff38b04c,damaged,electronics,1,3,27516.39,False,True,1
pay_1cc9139a70a441,not_received,apparel,752,2,2798.67,True,False,0
pay_4982a4cdcc014c,fraud,electronics,171,1,32495.21,True,False,0
pay_fba554b9f11f42,not_received,digital_services,86,0,3148.62,True,False,0
pay_9e29858d8c914e,fraud,digital_services,245,0,2285.31,False,False,0
pay_5cc3295d7abb46,fraud,apparel,1,4,3007.75,False,True,1
pay_5eb553d078c14f,not_received,digital_services,284,0,3781.1,True,False,0
pay_c7abf9d09e534d,damaged,apparel,1020,0,2292.88,True,False,0
pay_9ffb9f48b13d47,fraud,electronics,699,0,19148.09,True,False,0
pay_9bd17964507b46,damaged,apparel,1331,0,2722.54,True,False,0
pay_6c64df60f1cc41,fraud,apparel,207,0,3528.85,True,True,1
pay_7db884b3ece244,fraud,electronics,1152,0,23220.47,True,False,0
pay_df9e1788caf049,fraud,apparel,196,0,100.0,True,False,0
pay_fab6cf3bfe5e4e,fraud,apparel,711,0,3619.7,True,False,0
pay_8c470f6aafdc4b,damaged,electronics,10,5,26343.96,False,True,1
pay_e5e0711132ba4c,not_received,apparel,820,0,3599.4,True,False,0
pay_0de32bb236f745,fraud,apparel,482,2,4730.45,True,False,0
pay_99f99fd5067146,damaged,electronics,10,5,25681.17,False,True,1
pay_2d97d4cb4db642,damaged,apparel,2,3,3233.18,False,False,0
pay_014cab3977104a,not_received,digital_services,758,0,3306.08,True,False,0
pay_f497e7cbe1ae41,damaged,digital_services,111,0,4828.84,False,False,0
pay_1cdada641dce4d,fraud,apparel,937,1,3291.41,True,False,0
pay_ac557944f7d94a,damaged,electronics,7,4,29844.85,False,True,1
pay_758077e90be045,not_received,electronics,217,0,21567.84,True,False,0
pay_242639d3315040,damaged,electronics,953,0,34710.77,True,False,0
pay_46c63c4d737a48,not_received,electronics,437,0,34931.63,True,False,0
pay_0445c0cc9c1d4c,fraud,digital_services,899,0,3199.01,True,False,0
pay_a0f1b5573fc849,not_received,digital_services,672,0,2318.15,True,False,0
pay_c2da9861afd841,fraud,digital_services,692,0,4999.74,True,False,0
pay_ef690039ee5b40,fraud,electronics,495,0,20850.09,True,False,0
pay_3a116d11f3f34b,fraud,electronics,847,0,13664.84,False,False,0
pay_8d1d6d5bf8994a,damaged,apparel,986,0,2434.13,True,False,0
pay_18dd1b11ed514c,fraud,apparel,4,5,3347.94,False,True,1
pay_7cb5b3a7926648,not_received,apparel,954,0,3023.27,True,False,0
pay_18a24eed16c84e,fraud,apparel,1395,0,3341.22,True,False,0
pay_a733554e2a5241,damaged,apparel,632,0,3550.38,True,False,0
pay_5ec09199154f45,fraud,apparel,842,0,2336.13,True,False,0
pay_e3eeecd0743845,not_received,apparel,1273,0,4343.12,True,False,0
pay_8384abaa8d444d,damaged,apparel,1461,0,512.73,True,False,0
pay_c8d6a5f6392540,not_received,electronics,1393,0,25128.62,True,False,0
pay_aeabe2bfb11a4d,fraud,apparel,834,0,3268.65,True,False,0
pay_2714d7be345348,not_received,electronics,10,4,34284.72,False,True,0
pay_b765fed0b86141,damaged,electronics,334,0,26430.55,True,False,0
pay_af3550ecbcad40,not_received,electronics,1133,0,27873.94,True,False,0
pay_8906db725b9846,fraud,electronics,1324,2,32547.2,True,False,0
pay_67ddacbf84d445,damaged,digital_services,1066,0,1299.4,True,False,0
pay_8e8a193f953241,fraud,apparel,941,0,2678.4,True,False,0
pay_8105f871fa0c49,not_received,digital_services,519,1,2912.57,True,False,0
pay_e0d44c161c4041,damaged,electronics,1,5,17797.94,False,False,0
pay_ae3487ed23c94a,fraud,electronics,428,0,31866.69,False,False,0
pay_892bcda1aa4a48,not_received,apparel,5,2,1583.93,False,True,0
pay_85171917f46245,not_received,electronics,1320,0,22099.29,True,False,0
pay_b943a1cbe2914a,damaged,apparel,57,0,2434.13,True,False,0
pay_570995c4778a43,fraud,apparel,878,0,3279.95,True,False,0
pay_4bfd48a87c0943,not_received,digital_services,862,0,3213.65,True,False,0
pay_1b6990963d144c,damaged,apparel,279,0,3599.59,True,False,0
pay_94d92bccb71e47,fraud,apparel,1393,1,3175.88,True,False,0
pay_ef5ee6217a8249,fraud,electronics,8,5,33427.48,False,True,0
pay_21ce1b794c264a,damaged,apparel,1423,0,4322.42,True,False,0
pay_6820d01b75b347,fraud,apparel,640,0,4564.76,False,False,0
pay_804400296a2f4c,damaged,electronics,88,0,22886.75,True,False,0
pay_d0dd70b7182a4d,fraud,electronics,1323,0,22289.16,True,False,0
pay_a39c0b4d89b642,fraud,apparel,1088,0,2263.31,True,False,0
pay_a932cb06dd5344,not_received,digital_services,544,0,2998.72,True,False,0
pay_4b84c7d863a74b,not_received,electronics,892,0,23054.71,True,False,0
pay_9cd2c4470bdc4e,not_received,apparel,8,5,3018.25,False,True,0
pay_94cf6fda686f44,not_received,apparel,514,0,2250.6,True,False,0
pay_fdcc9174cb6241,damaged,apparel,253,0,3687.37,True,False,0
pay_712475d0a24e4b,fraud,digital_services,356,1,1648.57,True,False,0
pay_b71f119d76534c,not_received,apparel,886,0,3542.97,True,False,0
pay_73f300b3cc9e45,fraud,digital_services,635,0,3434.06,True,False,0
pay_fc1f0937fdaa4e,not_received,apparel,1070,0,3545.97,True,False,0
pay_941543cabf1f44,fraud,electronics,1202,0,23944.24,True,False,0
pay_fc6750dc2cd845,fraud,apparel,941,0,3153.06,True,False,0
pay_1193ae1345a147,not_received,digital_services,790,0,2578.03,True,False,0
pay_76c9902a3c0a43,fraud,digital_services,1359,1,3241.37,True,False,0
pay_e7f8622b923f4f,fraud,electronics,950,1,26940.18,True,False,0
pay_9ec28986d3a446,not_received,electronics,1,5,24523.74,False,True,0
pay_ab434b06a07f41,not_received,apparel,1140,1,3767.7,True,False,0
pay_2dd54dfc32f140,damaged,apparel,762,0,2184.4,True,False,0
pay_83b421c501224e,not_received,electronics,420,0,31702.89,True,False,0
pay_f4909a945e3949,fraud,electronics,417,0,30115.21,True,False,0
pay_7db6e4db3c914a,not_received,apparel,4,3,4458.28,False,True,1
pay_a8ede1b4806140,fraud,apparel,1227,0,2834.83,False,False,0
pay_e2f0a071648749,not_received,digital_services,227,0,1721.35,True,False,0
pay_9a290af320b14c,damaged,digital_services,896,0,2335.8,True,False,0
pay_3eb9804b7aab4f,not_received,electronics,828,0,31045.68,False,False,0
pay_853eb8ce789349,not_received,digital_services,998,1,4780.69,False,False,0
pay_1bbf46268ba94b,fraud,apparel,154,0,3136.34,True,False,0
pay_ba04cba7698548,not_received,digital_services,11,3,3325.84,False,True,0
pay_d6626cff5e7144,damaged,electronics,962,0,29930.69,True,False,0
pay_e0759142b9b04d,fraud,electronics,915,2,19616.55,True,False,0
pay_32f99ca5e23147,fraud,apparel,1323,0,3656.8,True,False,0
pay_21be20504a094a,not_received,digital_services,790,0,3696.13,True,False,0
pay_e628ef70f86e41,not_received,digital_services,402,1,2653.81,True,False,0
pay_ff0f4d8485c240,fraud,apparel,330,0,3353.16,True,False,0
pay_fe5d7c341c1446,damaged,electronics,820,0,20176.24,True,False,0
pay_972b8bd3eece45,fraud,apparel,776,0,2888.32,True,False,0
pay_f740029bf78142,fraud,digital_services,691,0,2263.0,True,False,0
pay_2eee675053bb4a,not_received,apparel,9,3,4312.31,False,True,0
pay_f5963f69264a47,fraud,apparel,732,1,1397.24,True,False,0
pay_9b40407bae4c4c,not_received,electronics,4,2,31601.58,False,True,1
pay_1d1cb4e79f7f4f,fraud,apparel,957,0,1465.21,True,False,0
pay_debf332cf36247,fraud,apparel,11,6,2768.55,False,False,0
pay_37dd0a8a99aa43,fraud,digital_services,41,0,4235.31,True,True,1
pay_543b74c6647143,damaged,apparel,291,0,3280.14,True,False,0
pay_6559ac66fada49,not_received,apparel,1085,0,2945.14,False,False,0
pay_3e2676880d6a42,not_received,digital_services,1189,0,4088.62,True,False,0
pay_ab664d7bc7b14c,fraud,electronics,1038,1,24497.14,True,False,0
pay_6be6bc6ba5514d,not_received,electronics,7,6,28666.19,False,True,0
pay_93c125e0a2354b,not_received,apparel,843,0,666.65,False,False,0
pay_bacffbba247b45,damaged,electronics,636,0,16657.02,False,False,0
pay_36134b78e24342,not_received,electronics,7,4,28189.0,False,False,0
pay_b468d240b5ec40,not_received,digital_services,1245,0,3711.07,True,False,0
pay_ae2da7ae0a9e4c,fraud,apparel,102,0,3496.48,True,False,0
pay_ebf98cffe06349,not_received,electronics,12,3,25673.91,False,True,1
pay_6c2d25cc1a5043,not_received,electronics,527,0,16159.53,True,False,0
pay_2afa8f8539624b,damaged,electronics,1249,0,26976.85,True,False,0
pay_b2ce948ad1cf44,fraud,apparel,547,0,2386.99,True,False,0
pay_d153375c38ec48,fraud,electronics,6,5,25895.67,False,True,0
pay_4e76f773137c4d,not_received,digital_services,1407,0,2349.48,True,False,0
pay_2631f143b64745,fraud,apparel,6,6,2239.52,False,True,0
pay_6e8bff6e8a1b4c,fraud,electronics,278,0,33492.81,True,False,0
pay_15688c15009349,damaged,electronics,4,4,19256.73,False,True,1
pay_fee6a09bdde044,not_received,apparel,1269,0,4499.85,True,False,0
pay_bc71f49840b54e,damaged,electronics,521,0,30484.6,True,False,0
pay_818fe74894ec49,damaged,apparel,435,0,4177.2,True,False,0
pay_3383c396b74b49,fraud,digital_services,1243,0,2990.97,False,False,0
pay_96fd83f583c242,not_received,electronics,514,0,27129.0,False,True,0
pay_6c8c2f50938943,fraud,electronics,1151,0,33933.33,True,False,0
pay_f0f4785f1b044e,damaged,digital_services,440,0,3392.99,True,True,1
pay_52e97e9561214c,not_received,electronics,402,0,20250.06,True,False,0
pay_e47e09975ddc4e,fraud,electronics,185,1,25986.92,True,True,1
pay_78641b6f478447,fraud,electronics,1001,0,23080.11,False,False,0
pay_6ad1678ef68e42,not_received,digital_services,1412,1,2536.39,True,False,0
pay_477be0d2a54843,fraud,digital_services,6,3,1577.23,False,True,0
pay_2ed563c6afd44a,fraud,electronics,11,5,27415.47,False,True,1
pay_06e0deb223044f,not_received,apparel,13,4,4283.62,False,False,0
pay_55bb711741cf43,damaged,electronics,368,0,30105.1,True,False,0
pay_2465f967f9454b,fraud,apparel,687,0,5371.8,True,False,0
pay_003d7ac0020c49,not_received,electronics,1389,0,19817.85,False,False,0
pay_a3d6e098f88f40,damaged,electronics,259,0,35311.11,True,False,0
pay_8dd3dcc373ef45,fraud,digital_services,1486,0,1941.31,True,False,0
pay_5b5018cba7d141,damaged,electronics,929,0,24860.07,True,True,1
pay_48c9d4d4514641,fraud,electronics,1147,0,29144.61,True,False,0
pay_0155921707e146,not_received,digital_services,238,1,2782.1,True,False,0
pay_0aa3758b062d40,not_received,apparel,13,3,3528.53,False,True,1
pay_d6b1ba19351441,not_received,apparel,1065,0,2100.3,False,False,0
pay_50c32bdf5fca4d,damaged,digital_services,1284,0,2797.94,True,False,0
pay_730951bdbeb544,fraud,apparel,509,0,3525.37,True,False,0
pay_a3701325ced742,fraud,electronics,424,0,28596.9,True,False,0
pay_2f5340c8f4a14f,not_received,electronics,1261,0,37361.17,False,False,0
pay_dfa1352ad8724f,damaged,electronics,1447,0,22505.7,True,False,0
pay_4318acef356d48,fraud,electronics,428,0,30444.48,True,True,1
pay_1cda93bdbcad49,damaged,apparel,858,0,3239.64,True,False,0
pay_3c28068c48154f,fraud,electronics,764,0,24637.58,True,False,0
pay_b1884a8f7e174e,fraud,apparel,865,0,3864.95,True,False,0
pay_98600ff42bc94f,not_received,electronics,9,3,13480.85,False,True,1
pay_686874f4d16a43,fraud,electronics,521,0,21595.05,False,False,0
pay_a0789aa86c1d47,not_received,apparel,128,0,3742.76,False,False,0
pay_d5270e612e4b41,fraud,electronics,737,0,23919.86,True,False,0
pay_efebfe0c5fb648,fraud,electronics,879,0,23126.53,True,False,0
pay_c4ca3be7a1bd4e,not_received,digital_services,108,0,3225.6,True,False,0
pay_44e736f31adf47,not_received,apparel,403,0,4594.1,True,False,0
pay_0f79c34e06444a,not_received,apparel,1299,0,1133.17,True,False,0
pay_388f6bfe9a2e43,not_received,apparel,925,0,3732.39,True,False,0
pay_1ea38d36823f48,fraud,apparel,432,0,2564.38,True,False,0
pay_6f5289b8c4a942,not_received,electronics,895,0,26100.27,True,False,0
pay_74c7acf3fc7349,damaged,electronics,508,0,21168.13,True,False,0
pay_52bae4100cc847,damaged,apparel,1240,0,2758.75,True,False,0
pay_6fbcfd9d975842,fraud,electronics,7,3,26284.01,False,True,0
pay_fd2ae2e344d340,fraud,electronics,493,0,22184.29,True,False,0
pay_53ba222339094e,damaged,electronics,48,1,33324.49,False,False,0
pay_867eea6108ba47,not_received,electronics,180,0,29588.41,True,False,0
pay_40e971bf261f4c,not_received,digital_services,775,2,2962.81,True,False,0
pay_6ad2d038ff1547,not_received,electronics,1224,0,24334.01,True,False,0
pay_60b3535198b74e,fraud,electronics,353,2,38296.42,True,False,0
pay_60830f988f324d,not_received,apparel,1004,0,3586.94,True,False,0
pay_0ffef90a21a040,damaged,apparel,10,4,1045.79,False,False,0
pay_68518d6445ba43,not_received,apparel,12,5,3199.28,False,True,1
pay_dcce6a26c2c549,fraud,apparel,1227,0,2483.35,True,False,0
pay_a42ff25c80dd49,fraud,apparel,619,0,2240.03,True,False,0
pay_5c20a036f0cc43,fraud,apparel,11,6,2060.66,False,True,1
pay_b77dc018ac4443,not_received,electronics,150,0,26919.74,True,False,0
pay_5b0b50af04594b,fraud,electronics,657,0,35453.99,True,False,0
pay_17d378935cb542,fraud,digital_services,1331,0,2935.19,False,False,0
pay_098bb372912d4a,damaged,electronics,1,3,28284.28,False,True,1
pay_f5e400e535e641,fraud,electronics,13,6,28378.02,False,True,0
pay_9a3006408e5941,fraud,electronics,1,2,22231.44,False,True,0
pay_0e6199693da849,fraud,electronics,662,0,29087.86,True,False,0
pay_b3f2aaa0373b4c,fraud,electronics,2,6,28455.53,False,True,1
pay_3fa1f154575542,not_received,electronics,7,3,21756.12,False,False,0
pay_c37d4495e46c4b,damaged,electronics,1059,0,21412.76,True,False,0
pay_3425f417456d40,damaged,electronics,121,0,27650.01,False,False,0
pay_abb86ed85c014f,not_received,electronics,606,1,29817.0,True,False,0
pay_89bd5cd6adfa40,not_received,apparel,1434,2,5186.9,True,False,0
pay_6761aca9f6ef40,not_received,apparel,1466,2,2523.67,True,False,0
pay_4ee84f7522964c,fraud,apparel,866,0,4029.01,True,False,0
pay_8de1d1150fef4c,fraud,digital_services,1024,0,4068.16,True,False,0
pay_bd91f6a3018844,damaged,apparel,7,5,3152.27,False,False,0
pay_f82ecfeebfe545,fraud,apparel,108,0,3268.95,True,False,0
pay_d569266eae8f44,fraud,electronics,1063,0,21781.42,True,False,0
pay_2cea42d3ccce48,not_received,digital_services,751,0,1917.14,True,False,0
pay_a3d1af7587e646,not_received,digital_services,10,2,3222.23,False,True,0
pay_3cc4961de3784b,fraud,electronics,153,0,29283.61,True,False,0
pay_0829b9adc45d4b,fraud,apparel,1455,0,2307.38,True,False,0
pay_8d9d32da1d0042,fraud,apparel,739,0,3010.15,True,False,0
pay_e7918236a96e4a,not_received,electronics,766,0,22664.14,True,False,0
pay_dc6bed3e5aa647,fraud,apparel,290,0,4623.81,True,False,0
pay_d19358d84cad47,not_received,electronics,10,4,28465.6,False,True,1
pay_fc121458d68049,not_received,electronics,1,3,35468.23,False,False,0
pay_4f02f3d00aaf44,damaged,electronics,1198,0,21242.62,True,False,0
pay_07a77d52b1214c,fraud,apparel,71,0,2154.55,True,False,0
pay_8a4dcc91490c40,fraud,apparel,1047,0,2481.5,True,False,0
pay_8e6bb745ec7c4c,not_received,digital_services,785,0,4083.06,True,False,0
pay_61e4d30aadf041,not_received,apparel,939,0,3599.13,True,False,0
pay_3aa02d8e9ce542,fraud,electronics,4,4,21566.76,False,True,0
pay_1d45caa8881b45,not_received,electronics,892,0,26349.04,False,False,0
pay_48059917d2a241,fraud,digital_services,1364,2,2500.76,True,False,0
pay_bcb4ee0f714044,fraud,apparel,684,0,2837.04,False,False,0
pay_cd89a4f7d40a4b,not_received,apparel,1160,0,2982.31,True,False,0
pay_3db5dc446c8242,fraud,electronics,318,0,21336.93,True,False,0
pay_bca568b0991e48,damaged,apparel,749,0,4160.24,True,False,0
pay_a77d1822d38240,not_received,electronics,671,0,23570.96,True,False,0
pay_6f99fadf30f443,not_received,electronics,113,0,29610.68,False,False,0
pay_246490f9b6a44f,not_received,apparel,2,3,3702.13,False,False,0
pay_34cd02904abe4d,not_received,apparel,500,0,1371.22,True,False,0
pay_b3486e0d860e4f,fraud,electronics,181,0,21609.06,True,True,1
pay_513e865fa1ca49,damaged,digital_services,8,6,2313.1,False,False,0
pay_5362af9ef92743,damaged,apparel,572,0,2067.12,True,False,0
pay_c2437709aaf043,fraud,electronics,1322,1,27026.39,True,False,0
pay_9c478baa47a64e,fraud,digital_services,13,4,3347.67,False,True,1
pay_a6b52ab90e4640,fraud,electronics,521,0,28653.23,True,False,0
pay_374978572ce54f,not_received,digital_services,7,3,4064.77,False,True,0
pay_0ccd3f916b1c47,not_received,digital_services,312,0,2461.13,True,False,0
pay_4d4854c99da54a,damaged,electronics,1009,0,31188.39,False,False,0
pay_0e7363432e4d40,not_received,apparel,1349,0,3282.37,True,False,0
pay_c4609ee3e75646,not_received,electronics,330,0,28183.92,True,False,0
pay_77e92529a5d242,not_received,electronics,1178,0,20918.06,True,False,0
pay_daaba9b329a340,not_received,apparel,497,0,2033.21,True,False,0
pay_1acbef80dc104a,not_received,electronics,1497,0,26614.77,True,False,0
pay_be0ec7594d5f43,not_received,electronics,654,0,23155.14,False,False,0
pay_e82722d703d84d,not_received,apparel,13,5,2646.15,True,False,1
pay_3a4fe7d6060340,not_received,apparel,1345,0,4616.2,True,False,0
pay_b6a0430ebbbe4d,not_received,apparel,9,6,2263.28,False,True,0
pay_0c6982b85b6f44,not_received,apparel,286,0,5058.19,True,False,0
pay_1c3c08b3837e4f,not_received,apparel,923,0,3886.35,False,False,0
pay_e554826cdc0941,not_received,digital_services,717,0,2292.94,True,False,0
pay_49d35c1b25d543,not_received,electronics,13,2,26837.76,False,False,0
pay_05ad7b232c334f,not_received,apparel,3,5,4581.4,False,False,0
pay_d20e87f4651b4d,not_received,electronics,12,4,38421.31,False,True,0
pay_6ade4ba8676944,fraud,digital_services,9,4,3036.18,False,False,0
pay_c6909c0edf4743,fraud,apparel,1204,0,3641.85,True,False,0
pay_65405e35f6054c,not_received,digital_services,1297,1,2913.98,True,False,0
pay_259313d2c7324d,not_received,apparel,144,0,2199.07,True,False,0
pay_8127d025bc8244,damaged,apparel,370,0,4075.28,False,False,0
pay_115b430924d641,fraud,apparel,177,0,2588.08,True,False,0
pay_c7861e1ac8b54e,fraud,apparel,4,6,2563.01,False,True,1
pay_e700fe18a5ad4e,fraud,apparel,131,0,4097.81,True,False,0
pay_c02d690689b44b,fraud,electronics,465,0,27761.15,True,False,0
pay_277bec09772a4a,not_received,digital_services,12,3,3417.94,False,False,0
pay_37c853960e8a4f,fraud,apparel,1102,0,2173.93,True,False,0
pay_0e1a6439113349,not_received,digital_services,927,0,4278.88,True,False,0
pay_cc0757af2b794c,not_received,apparel,429,1,3755.52,True,False,0
pay_a7d59ee37bdf4c,not_received,electronics,6,4,25312.74,False,True,0
pay_6550c68e714c48,damaged,apparel,1146,0,2450.31,True,False,0
pay_cdfe6ec53be045,not_received,electronics,11,3,25301.28,False,True,0
pay_aff909757b3047,fraud,digital_services,4,3,3022.85,False,True,1
pay_4b848ab55b9349,damaged,apparel,707,0,3891.02,True,False,0
pay_e1ed2e6d323b45,damaged,electronics,1113,0,25159.7,False,False,0
pay_6cb4e496eaa84b,fraud,apparel,1123,0,3769.02,False,False,0
pay_b967cd149d3e41,fraud,apparel,762,0,3455.48,True,False,0
pay_f4281b9be5824e,fraud,apparel,737,0,2307.14,True,False,0
pay_bc5c9e1c26734c,fraud,apparel,378,0,2343.89,True,False,0
pay_542616db7a6b4c,damaged,electronics,337,0,29324.97,True,False,0
pay_023909c9a2a24c,not_received,electronics,91,2,33637.54,True,False,0
pay_23d5ae96896941,fraud,apparel,8,5,1513.04,False,False,0
pay_06d9413b18e441,damaged,electronics,192,0,26310.15,True,False,0
pay_6f1701d5f93147,not_received,apparel,952,2,3342.44,True,False,0
pay_518e6c6e949841,fraud,apparel,286,0,948.63,True,False,0
pay_4d7a68800c9546,damaged,digital_services,1350,0,2351.48,True,False,0
pay_9b929843cfb04b,damaged,digital_services,10,4,3171.51,False,True,1
pay_df3d3059125e4e,damaged,apparel,180,0,2966.0,True,False,0
pay_42c4e6bdc71940,not_received,apparel,144,0,1633.19,True,False,0
pay_5e57c581113d4e,not_received,apparel,1487,1,1790.2,True,False,0
pay_bcc421352ec54c,fraud,electronics,561,1,17437.83,True,False,0
pay_98b29d284a2043,not_received,electronics,1320,0,32978.79,True,False,0
pay_84f3658612df4a,damaged,apparel,646,0,2547.07,True,False,0
pay_eedbd9d5beda41,fraud,digital_services,630,0,1849.51,False,True,1
pay_42ff82b5621040,not_received,electronics,1380,2,22165.46,False,False,0
pay_2ba3daaf07d74c,not_received,apparel,8,6,4014.3,False,True,0
pay_cf78b82215ad46,fraud,apparel,214,2,4012.47,True,False,0
pay_adcbaa05d10842,not_received,digital_services,931,0,2495.37,True,False,1
pay_bcd8b6939a684b,fraud,electronics,511,0,42144.85,True,False,0
pay_151c6f14e6c541,not_received,electronics,1048,1,32207.5,True,False,0
pay_d28e301231fe4e,fraud,digital_services,945,2,2321.64,True,False,0
pay_88d4333c9c6742,damaged,electronics,91,0,31039.45,False,False,0
pay_2d415af34bf541,fraud,apparel,1180,0,3131.2,True,False,0
pay_1a4d895b7a374a,fraud,apparel,8,5,2655.89,False,True,1
pay_2186d03ef86346,fraud,electronics,1002,0,19922.69,False,False,0
pay_669fdfe6a95c4d,damaged,apparel,1171,0,1940.17,True,False,0
pay_a9430393565548,not_received,digital_services,35,0,3226.64,True,False,0
pay_194fc9c07f004a,not_received,electronics,614,0,20150.85,False,False,0
pay_e2dad636166f4b,not_received,electronics,1147,0,23896.98,True,False,0
pay_cff6ffd58e094f,not_received,apparel,312,0,4329.45,False,False,0
pay_53e42a7e8bf449,fraud,apparel,12,6,3072.67,False,False,0
pay_a5e3e9c4612d40,not_received,apparel,4,2,2541.8,False,True,0
pay_59b09bcccf1443,fraud,digital_services,928,0,4201.92,True,False,0
pay_f866a51b5fe94b,damaged,digital_services,1087,0,3973.19,True,False,0
pay_d33dc8e9fae849,not_received,electronics,84,0,13970.0,True,False,0
pay_f709797c893b4a,not_received,electronics,1422,0,24560.22,True,False,0
pay_d1020f9534884c,fraud,electronics,589,0,30958.94,False,False,0
pay_1b8041cf9bff48,not_received,digital_services,202,0,2525.05,True,False,0
pay_e5cfeffbeae846,fraud,electronics,480,0,20076.5,True,False,0
pay_f6af1d4f0f3943,fraud,apparel,209,0,4219.59,False,False,0
pay_aa93c4c2285c48,fraud,digital_services,956,0,2550.66,False,False,0
pay_aac06967a43643,not_received,apparel,3,5,3657.66,False,True,0
pay_713506b5adc040,not_received,electronics,1224,0,21408.45,True,False,0
pay_0f954f75996c4a,fraud,apparel,766,0,3247.15,True,False,0
pay_61ffb8050c6446,fraud,apparel,222,0,2532.65,True,False,0
pay_deb3df10deb645,not_received,apparel,4,3,3682.63,False,True,1
pay_962ac45c5e9549,not_received,apparel,473,0,3286.59,True,False,0
pay_f739eb26397743,fraud,electronics,538,0,36219.0,True,False,0
pay_741d61854e6a4a,fraud,electronics,1235,0,33069.55,True,False,0
pay_311b8df3f19747,damaged,apparel,243,0,3268.66,True,False,0
pay_09b6bcff671f4b,damaged,digital_services,1215,0,4515.96,False,False,0
pay_07025d17ff2148,damaged,electronics,466,0,23346.75,True,False,0
pay_de67d1732be248,damaged,electronics,990,0,19720.1,True,False,0
pay_1a9d2abfc4cb42,fraud,apparel,578,0,1922.96,True,False,0
pay_dcd2a4f8e83840,fraud,apparel,789,0,2494.27,True,False,0
pay_b100207c0ecc40,fraud,electronics,820,0,20958.39,True,False,0
pay_4dc60d2ee98142,fraud,apparel,1199,0,3680.33,True,False,0
pay_15d30501dba64a,damaged,digital_services,651,0,3347.55,True,False,0
pay_50c8f57019d54e,not_received,apparel,11,6,5061.92,False,True,0
pay_c46d020a7acc45,not_received,apparel,817,2,2732.39,True,False,0
pay_0edefd6dbfce4e,fraud,digital_services,536,0,3431.23,True,False,0
pay_46d97624640f4a,damaged,electronics,368,0,20787.9,True,False,0
pay_9d5e411337c44c,damaged,apparel,212,0,2597.46,True,False,0
pay_26a42692e2d94a,fraud,apparel,735,0,1895.39,True,False,0
pay_c63a0102e5b049,damaged,apparel,1313,1,3815.1,False,False,0
pay_0759c8e4db5344,fraud,digital_services,5,4,1773.09,False,True,0
pay_dc8a66d89b1b44,fraud,electronics,485,1,14179.68,True,False,0
pay_560c9e34b22c40,not_received,electronics,703,0,25495.01,True,False,0
pay_9883f7c6cbf142,not_received,digital_services,1170,0,1472.52,False,False,0
pay_b17a73bcc1da4a,fraud,electronics,899,0,20680.36,True,False,0
pay_7779493f1a8249,fraud,electronics,826,0,21774.6,True,False,0
pay_09b8506ae15944,damaged,apparel,1093,0,2962.49,True,False,0
pay_a8a49bfd76f94e,not_received,digital_services,1495,0,1808.74,True,False,0
pay_956bee8b6a6a4e,not_received,apparel,1222,0,1219.36,True,False,0
pay_9259ba2e515e46,fraud,apparel,8,5,4446.37,False,True,1
pay_bb89e0c3343c44,fraud,apparel,485,0,4357.14,True,False,0
pay_3576082b4c5147,fraud,digital_services,479,0,4202.46,False,False,0
pay_9e8e280835774f,fraud,digital_services,675,0,2964.34,True,False,0
pay_ddc78e44bfc646,fraud,electronics,605,0,27283.6,True,False,0
pay_b919f3964e0b47,fraud,digital_services,954,0,2445.1,True,False,0
pay_369acc82c72a46,not_received,digital_services,11,5,4042.63,False,True,0
pay_a63c0bb4cd9843,fraud,apparel,720,0,4572.03,False,False,0
pay_7389d230cde54c,damaged,apparel,844,1,3970.65,True,False,0
pay_779a602646454a,fraud,apparel,332,2,4623.03,True,False,0
pay_956886b7ba934c,not_received,apparel,360,0,4055.4,True,False,0
pay_d3f1e34fa0e44a,fraud,apparel,898,0,4610.6,True,False,0
pay_97b56c66f91a4e,not_received,electronics,372,0,38370.69,True,True,1
pay_4d0ae30900c646,fraud,electronics,654,0,22718.64,True,True,1
pay_e555bbcf575640,damaged,electronics,1455,0,32298.3,True,False,0
pay_b075e1855ee947,not_received,digital_services,103,0,2048.43,False,False,0
pay_5e4ccf02ff3843,not_received,apparel,12,6,3982.5,False,True,1
pay_c2992dc045a440,fraud,apparel,10,6,2923.62,False,False,0
pay_47ba08e27c6e44,not_received,digital_services,76,1,2274.34,True,False,0
pay_86c6a4256d1b41,not_received,apparel,1138,0,4710.89,False,False,0
pay_37c9349aabcf4a,fraud,digital_services,425,0,3592.76,True,False,0
pay_dbce198e8d1041,not_received,electronics,1156,0,24384.29,False,False,0
pay_4f461addd65541,damaged,apparel,790,0,1765.45,True,False,0
pay_5cc0583c57bc4d,not_received,apparel,4,4,2639.04,False,False,0
pay_3ab405985cd840,damaged,electronics,672,0,17843.94,True,False,0
pay_121f1fa5cbed45,damaged,electronics,182,0,33796.32,True,False,0
pay_2ec5fb6e040843,damaged,apparel,13,5,3139.97,False,False,0
pay_3cfadaf4d2a24f,not_received,apparel,92,0,2865.78,False,False,0
pay_b95960c333004b,not_received,apparel,971,0,1723.54,True,False,0
pay_b52583de407940,not_received,apparel,190,0,1867.53,True,False,0
pay_ba7269d543f847,not_received,apparel,35,0,3996.01,True,False,0
pay_e214abb4755c4a,damaged,electronics,1398,0,27048.84,True,False,0
pay_c437b227442d47,fraud,digital_services,145,0,1191.44,True,False,0
pay_062786b1d77246,fraud,electronics,11,6,23373.66,False,False,0
pay_3b07d8e2430d44,fraud,apparel,649,0,2560.17,True,False,0
pay_2011911409a24a,fraud,electronics,143,0,17410.56,False,False,0
pay_c77ca1aacccd42,fraud,apparel,780,0,4433.43,True,False,0
pay_bf8dcb5b374940,not_received,digital_services,221,0,1743.31,True,False,0
pay_773ae8c5637640,fraud,digital_services,997,0,2535.44,True,False,0
pay_94cd4c65fc7d42,not_received,electronics,1371,0,28171.47,True,False,0
pay_3ca08ed4f16442,not_received,electronics,620,0,19761.96,True,False,0
pay_c17bfd65c52a41,fraud,electronics,814,0,22268.87,True,False,0
pay_1448cef15aec43,fraud,electronics,819,0,30190.21,True,False,0
pay_001e9f00fda74e,not_received,apparel,308,0,1685.26,True,False,0
pay_0c0a7b94cb1c47,not_received,apparel,771,0,2494.67,False,False,0
pay_f83caed41ba745,damaged,apparel,75,2,4603.0,True,False,0
pay_f0d829c164a343,damaged,apparel,227,0,2558.15,True,False,0
pay_e108e6eed9bf49,damaged,electronics,945,1,26257.36,True,False,0
pay_666743c88bf24e,not_received,apparel,510,0,2764.92,True,False,0
pay_2f6bc4fbf27343,damaged,digital_services,8,3,3480.11,False,True,1
pay_22f384ffb24941,damaged,apparel,259,2,3310.56,True,False,0
pay_ca9d33a5af904f,damaged,digital_services,155,0,2418.53,True,False,0
pay_0a153ab0ec794a,fraud,apparel,1125,0,1383.71,True,False,0
pay_03a8ab5247314d,damaged,apparel,853,0,2525.16,True,False,0
pay_1cf543db2e6647,not_received,digital_services,761,0,1755.02,False,False,0
pay_be986228ebef4e,not_received,apparel,7,5,1422.33,False,True,1
pay_e46f0b77031049,fraud,apparel,968,0,3243.1,True,False,0
pay_7468f5d4ecf540,fraud,electronics,1009,0,18766.85,True,False,0
pay_cee054a4dd0349,fraud,digital_services,1424,0,2460.96,True,False,0
pay_19a18b5382b046,fraud,electronics,336,0,28068.65,True,False,0
pay_0f46514812e746,fraud,apparel,11,4,1900.92,False,True,1
pay_72ecabd75d914e,damaged,apparel,1213,0,2346.13,True,False,0
pay_3d76d450ec3640,fraud,apparel,400,0,2949.09,True,False,0
pay_f56e8f54d1ac49,fraud,apparel,891,0,3877.47,True,False,0
pay_e1af175186494e,fraud,apparel,179,0,3923.11,True,False,0
pay_b91038c78b864c,not_received,electronics,592,2,24717.96,True,False,0
pay_01c5088b366a4b,fraud,digital_services,146,0,2141.73,True,False,0
pay_bef1511ee29f4e,fraud,apparel,12,3,2298.47,False,True,0
pay_211d1f8354e74b,not_received,digital_services,753,0,2684.09,True,False,0
pay_183cd79ffa834d,not_received,electronics,489,0,17061.76,True,False,0
pay_5a52e748e8c241,fraud,apparel,30,0,3550.21,True,False,0
pay_089cd274e4434a,fraud,apparel,904,0,2788.02,False,False,0
pay_13ac710ec50847,fraud,electronics,1224,0,26718.54,True,False,0
pay_7042be47584146,damaged,digital_services,52,0,4002.8,True,False,0
pay_e5646ce298f04a,fraud,electronics,179,0,20742.94,True,False,0
pay_a84b230c61c542,not_received,apparel,1230,0,3679.88,True,False,0
pay_9563d32fc8064c,fraud,apparel,12,5,2121.15,False,False,0
pay_b720d031e8314a,not_received,apparel,1498,2,3729.35,True,False,0
pay_fd7413dcf45e43,fraud,apparel,10,2,3328.11,False,True,0
pay_07332fa24c1741,fraud,electronics,886,2,28233.96,True,False,0
pay_bae17c3c255543,not_received,apparel,317,0,2338.75,True,True,1
pay_4870483ac85041,fraud,electronics,948,0,24178.37,True,False,0
pay_92353361b4b344,fraud,apparel,5,3,1584.48,True,True,1
pay_a1259c77da5c4d,not_received,electronics,276,0,15998.81,True,False,0
pay_fd3ecac4c42b41,damaged,apparel,459,0,3142.06,True,False,0
pay_8b7502ff292642,fraud,apparel,13,3,2192.73,False,True,1
pay_9a8393e71ca645,not_received,digital_services,7,2,3144.21,False,True,0
pay_a24db8faaa1c45,damaged,apparel,11,2,1915.65,False,True,0
pay_fd72449af31a40,damaged,electronics,1487,0,22069.97,True,False,0
pay_f945615fb79a45,not_received,apparel,2,6,1924.84,True,True,1
pay_e38ca112b28649,not_received,apparel,8,6,2339.53,False,True,0
pay_49951658e37743,fraud,electronics,9,6,16529.51,False,True,0
pay_e5b6a08a38d945,not_received,apparel,53,0,4291.24,True,False,0
pay_0b100c2b064f48,fraud,apparel,1110,2,2770.5,True,False,0
pay_46f1c15e26e041,fraud,electronics,419,0,20468.8,True,False,0
pay_226e95e0d8c041,not_received,electronics,1136,0,26480.95,True,False,0
pay_c893befd80a648,fraud,electronics,656,0,24885.49,True,False,0
pay_cd514c15c61d40,not_received,electronics,656,0,29760.56,True,False,0
pay_7753d6a05d794b,not_received,electronics,105,0,24526.65,True,True,1
pay_f464b8033d2949,not_received,apparel,189,0,2323.19,True,True,1
pay_229cc76a928340,fraud,electronics,694,0,18933.91,True,False,0
pay_bff2221126a248,fraud,electronics,93,0,18330.56,True,False,0
pay_17b1716ff7bb44,not_received,electronics,765,0,17886.47,True,False,0
pay_6651dcc3280049,damaged,apparel,545,0,4538.34,False,False,0
pay_d7a9f3d398c44a,fraud,digital_services,1220,0,2399.88,True,False,0
pay_ce459ed63c674d,fraud,apparel,159,0,2621.91,True,False,0
pay_59036453b97d40,damaged,apparel,1460,1,1925.93,True,False,0
pay_bed669aee52742,fraud,apparel,5,4,2556.09,False,True,1
pay_b6b050dedd7e4c,damaged,electronics,1137,0,32815.68,True,False,0
pay_4888204347944c,not_received,electronics,729,0,26462.11,True,False,0
pay_2f06c405957546,not_received,electronics,1490,0,26515.68,True,False,0
pay_dec85f83dd7c4d,fraud,electronics,5,2,31019.69,False,True,1
pay_cffcd333786644,fraud,electronics,280,0,17957.43,True,False,0
pay_f2acf0f9363541,fraud,apparel,529,0,3340.8,True,False,0
pay_a059cd7a3daa4e,damaged,electronics,645,0,18162.51,True,False,0
pay_74a06b97878343,not_received,digital_services,884,0,2398.31,True,False,0
pay_89abcb8395bb4a,not_received,digital_services,359,1,3605.92,True,False,0
pay_40918e113b6748,not_received,digital_services,8,5,2076.11,False,True,0
pay_a17eed9f204b4c,fraud,electronics,1046,0,34847.59,True,False,0
pay_1cef86c8f02244,not_received,digital_services,325,0,851.41,True,False,0
pay_8c02d843627e49,not_received,digital_services,11,3,3247.66,False,False,0
pay_57051a9e5a7441,not_received,digital_services,334,1,2520.4,True,False,1
pay_d2b05e48d8384f,fraud,apparel,853,2,2670.03,False,False,0
pay_d40e4a0458e947,not_received,apparel,1390,0,1614.11,True,False,0
pay_90f76b1e02c74c,damaged,electronics,1431,0,26550.3,True,False,0
pay_455a3a6dd6cf42,not_received,electronics,1263,0,21161.29,True,False,0
pay_833d7cc37b9a46,fraud,electronics,192,0,30607.07,True,False,0
pay_dcfd745dfd8f4f,not_received,digital_services,1447,0,4275.17,True,False,0
pay_9c8804c128d04f,fraud,electronics,1,4,37413.43,False,True,0
pay_d679bb8a6a3244,not_received,electronics,49,0,26656.53,True,False,0
pay_6909d3c6661d44,damaged,digital_services,749,0,2827.94,True,False,0
pay_b0bd3245ff6a4c,not_received,electronics,1454,1,24105.09,True,False,0
pay_b783526edd3d45,not_received,digital_services,1045,1,1145.4,True,False,0
pay_9a98a4c0ba514a,not_received,apparel,79,0,3470.1,True,False,0
pay_b649b6dcce2146,fraud,electronics,1145,0,35264.02,True,False,0
pay_d2b0b703276444,fraud,electronics,230,0,23702.7,True,False,0
pay_ef0ff452f40f47,damaged,apparel,205,0,2311.55,True,False,0
pay_727ebd6a9ac942,not_received,digital_services,4,2,3566.45,False,True,0
pay_3fc06f249d0945,fraud,digital_services,832,0,2374.65,True,False,0
pay_c97b2063b8ac45,fraud,electronics,948,0,22843.75,True,False,0
pay_a907b6ddb1d445,not_received,electronics,1099,0,18872.5,True,False,0
pay_7945c9b4d99047,not_received,electronics,1142,2,36337.89,True,False,0
pay_23a5659a750642,damaged,apparel,257,0,2529.99,False,False,0
pay_2ef3c2d1ad4747,fraud,electronics,916,0,23287.0,True,False,0
pay_adb65b93fa8d46,damaged,electronics,44,0,26629.16,True,False,0
pay_3adeaa31277540,not_received,apparel,378,0,3110.13,True,False,0
pay_e8611456037145,not_received,apparel,997,0,2336.52,True,False,0
pay_5fe3df6e81d74b,not_received,electronics,1218,0,19733.29,True,False,0
pay_9d0f6a25345042,fraud,apparel,487,2,3955.1,True,False,0
pay_76fa13e9f1074c,damaged,apparel,615,0,2305.49,False,False,0
pay_ed6be0cf856546,fraud,apparel,345,0,2551.08,True,False,0
pay_6e1e540bf66445,fraud,apparel,650,0,1660.43,True,False,0
pay_c498985f306747,damaged,apparel,298,1,5349.64,True,False,0
pay_f9c368c09e6d48,not_received,apparel,176,0,1841.12,True,False,0
pay_54eafa7996194e,damaged,digital_services,525,0,5770.12,True,False,0
pay_e4880b5fa1d14b,not_received,apparel,334,0,3257.46,True,True,1
pay_4d32b1c5bbc246,fraud,apparel,1332,0,3429.35,True,False,0
pay_51e4aeab96d048,damaged,apparel,7,6,3545.39,True,True,1
pay_12fe49d8d40645,fraud,apparel,1237,1,1770.12,True,False,0
pay_736230fb5f7f48,damaged,electronics,1169,0,33380.44,False,False,0
pay_b8760c44cc7444,fraud,electronics,1413,0,24298.23,True,False,0
pay_e411838fbd9d43,damaged,apparel,214,0,2442.18,True,False,0
pay_73d0413a419d42,fraud,apparel,958,1,3615.32,True,False,0
pay_3b63f48ef0864d,not_received,apparel,597,1,6176.93,True,False,0
pay_1bd42ebbeeda47,damaged,apparel,303,0,2862.16,True,False,0
pay_5bd6beb481e349,not_received,electronics,344,0,37875.32,True,False,0
pay_73e9cd7af40843,not_received,apparel,1185,0,3338.79,False,False,0
pay_c642f48b06654b,damaged,apparel,172,0,3706.77,False,False,0
pay_1312d689c5d544,not_received,electronics,799,0,22532.29,True,False,0
pay_c9c1c118b6004e,damaged,electronics,190,0,33637.65,True,False,0
pay_805772943d414e,not_received,electronics,10,2,34812.68,False,True,0
pay_b8b65a4c4d9040,fraud,electronics,1305,0,24860.09,True,False,0
pay_539680edea1040,fraud,electronics,1487,0,16728.17,True,False,0
pay_d913276459f345,fraud,apparel,1201,0,3038.84,True,False,0
pay_a553e378b75d45,fraud,apparel,479,0,3449.5,True,False,0
pay_71a6f7ef870c42,not_received,apparel,11,2,3781.53,True,True,1
pay_758529d0e5534c,fraud,apparel,1374,0,3418.98,True,False,0
pay_5acdc8a86d3745,fraud,apparel,8,6,3971.09,False,False,0
pay_0a8f9dc84c1a49,fraud,electronics,881,2,26117.65,False,False,0
pay_ad5f180b9bf24a,damaged,electronics,1045,0,24314.39,True,False,0
pay_47dc661bb9704f,not_received,electronics,565,0,21808.36,True,False,0
pay_39a28f5154d641,fraud,digital_services,171,0,3233.35,True,False,0
pay_018d6cb186be40,damaged,digital_services,10,2,1941.72,False,True,1
pay_136699e3693e45,fraud,electronics,1202,0,25293.42,True,False,0
pay_f88c0e9dd9514c,damaged,apparel,9,3,3086.54,False,True,1
pay_5712056a2af043,not_received,digital_services,216,0,3983.57,True,False,0
pay_9eb43ab79a7844,fraud,apparel,594,0,3557.09,True,False,0
pay_e762e5ef6cc24d,not_received,apparel,533,0,4534.6,True,True,1
pay_84d88facf86d42,not_received,electronics,628,0,28814.62,False,False,0
pay_a09d63f94a144e,not_received,electronics,762,0,25226.24,True,False,0
pay_b01b893f971d45,damaged,apparel,235,0,3746.44,True,False,0
pay_bc5aa744386449,fraud,apparel,604,0,3121.44,True,False,0
pay_cb4316d1aa7147,fraud,apparel,740,1,3591.09,True,False,0
pay_e9516ed839cf4d,fraud,electronics,692,0,30520.99,True,False,0
pay_418b9e8f6dba4b,fraud,digital_services,5,4,4413.16,False,True,1
pay_5344d5d3f3f941,fraud,digital_services,1087,1,2310.48,True,False,0
pay_d3ffeea4a3bb4c,damaged,electronics,1277,0,21332.4,True,False,0
pay_1ced925ac0014f,fraud,electronics,1442,0,24775.07,True,False,0
pay_025b04728a3848,not_received,apparel,71,0,3338.21,True,False,0
pay_4764f2e99fcf46,not_received,electronics,266,0,22128.37,False,False,0
pay_18c1933248b048,damaged,electronics,11,6,31838.29,False,True,1
pay_914154a45dd342,damaged,electronics,741,0,24380.55,True,False,0
pay_1c4c003e9b6e49,not_received,digital_services,4,5,3047.21,False,True,0
pay_caec0677de1e4f,damaged,digital_services,537,0,4734.64,True,False,0
pay_fbfec7da811845,not_received,electronics,8,5,28015.13,False,True,1
pay_7e4045d5940843,damaged,digital_services,1462,0,3587.4,True,False,0
pay_92a6ac3785b944,not_received,apparel,1355,0,3254.59,True,False,0
pay_179c02ee2c7b45,fraud,electronics,125,0,20761.89,False,False,0
pay_a4564f3256574d,not_received,digital_services,3,3,1746.58,False,True,1
pay_ab1a3b12c5634e,not_received,apparel,41,0,2810.39,True,False,0
pay_c9b889a8409141,fraud,digital_services,653,0,2790.97,True,False,0
pay_a002a1e3765f4f,fraud,apparel,1188,0,2694.33,True,False,0
pay_68bc57b3d65341,not_received,apparel,1418,0,2068.61,True,False,0
pay_a4b13bac322f41,damaged,electronics,458,0,19583.91,True,True,1
pay_2f17ec2b8f5547,fraud,electronics,161,1,32189.04,True,False,0
pay_d24b6b39befa43,not_received,apparel,1465,0,1669.7,True,False,0
pay_ef1d97d2dedc45,not_received,digital_services,75,0,1717.92,True,False,0
pay_664df4d549014a,damaged,apparel,730,0,4297.21,True,False,1
pay_f6070e10309b4b,damaged,electronics,909,0,23627.1,True,False,0
pay_41bccc068b5f4d,not_received,electronics,749,2,32190.33,True,False,0
pay_c8d635f6aed04c,not_received,digital_services,581,0,4040.85,True,False,0
pay_aca2f6364f904d,fraud,electronics,401,0,33086.34,True,False,0
pay_6ca46343394c4e,not_received,electronics,1336,0,28843.14,True,False,0
pay_55463e71792c40,not_received,digital_services,424,1,2122.1,False,False,0
pay_87829a6fdefa4b,damaged,digital_services,542,0,947.99,True,False,0
pay_aee57da8a65746,not_received,apparel,13,5,2445.96,False,True,1
pay_18888652e0ec44,fraud,electronics,13,4,22430.93,True,False,0
pay_54d3010c371744,not_received,electronics,244,0,19302.35,True,False,0
pay_d77a8a7c5fb74d,fraud,apparel,9,4,3988.22,False,False,0
pay_cbe4bedbcb454e,fraud,digital_services,934,1,2784.14,True,False,0
pay_72f5b42262a942,fraud,digital_services,520,0,2857.62,True,False,0
pay_0b18ae54fed744,fraud,apparel,1250,0,3469.01,False,False,0
pay_7964ef1aeeb14e,damaged,digital_services,7,6,1673.04,False,True,1
pay_9b46145234ca47,fraud,electronics,1056,2,26111.37,True,False,0
pay_d3e36cc71ebd45,fraud,electronics,128,0,20866.11,True,False,0
pay_d8c8ca57aeae4f,damaged,electronics,1441,0,24377.34,True,False,0
pay_beb2065358b946,fraud,digital_services,3,4,3108.98,False,True,0
pay_2a1951aaa52745,fraud,electronics,1069,0,38380.5,True,False,0
pay_0a2b1504b51641,fraud,electronics,377,2,33113.21,True,False,0
pay_7f329e3dcb0249,fraud,digital_services,644,0,2274.86,True,False,0
pay_5f1bafcea3df43,fraud,electronics,399,0,17546.67,True,False,0
pay_a879f7e2845e48,fraud,electronics,298,0,23767.45,True,False,0
pay_6fcbdda1c5d544,not_received,apparel,777,1,2479.42,True,False,0
pay_16d4a1e63a5c4b,fraud,apparel,730,0,2501.37,False,False,0
pay_3e76844aad4445,fraud,apparel,789,0,2750.38,False,False,0
pay_5c2a13713a474d,damaged,digital_services,1249,0,4047.63,True,False,0
pay_f85d01c8128e48,not_received,electronics,10,2,14602.53,False,True,0
pay_4491ed864b6349,damaged,digital_services,253,0,2946.64,True,False,0
pay_ee003b90ec3843,not_received,apparel,1139,0,4967.26,True,False,0
pay_0821f49659884a,fraud,electronics,1033,0,23606.24,True,False,0
pay_ac2e88b16cd848,not_received,digital_services,1314,0,2226.59,True,False,0
pay_d05e27528bd046,fraud,electronics,11,6,15495.32,False,False,0
pay_5c9a5c928c2e42,fraud,electronics,12,4,22029.93,False,True,1
pay_0f92408d80324c,not_received,digital_services,1410,0,3738.09,True,False,0
pay_13e21ccb253141,not_received,electronics,460,0,23818.75,True,False,0
pay_3ab2fd6ac4fe47,not_received,electronics,2,4,16551.65,False,True,1
pay_eed322c1fb9549,damaged,electronics,6,3,17917.22,False,True,1
pay_5be2802381e54b,fraud,electronics,1126,0,18411.56,True,False,0
pay_6f1d1b006ec34f,not_received,digital_services,862,0,1896.79,True,True,1
pay_ea8fc289134549,not_received,digital_services,817,0,3813.11,True,False,0
pay_9acb2d8c819147,damaged,apparel,528,0,2423.44,True,False,0
pay_cccf3a4447f546,damaged,apparel,394,0,4065.29,True,False,0
pay_8ea75195302c4e,damaged,apparel,1311,1,2627.94,True,False,0
pay_fc8d710d656a4b,fraud,electronics,11,3,25737.79,False,True,1
pay_0e1d9483fc814a,not_received,electronics,1395,0,30535.18,True,False,0
pay_5a79a208134242,fraud,electronics,1212,0,15870.19,True,False,0
pay_2015164f1b3545,fraud,apparel,256,0,4222.24,False,False,0
pay_815c44fbdc664c,damaged,apparel,807,0,2552.61,True,False,0
pay_b1a6cc518b6f46,fraud,digital_services,2,6,2993.7,False,True,1
pay_ba72d01255da4d,damaged,apparel,600,1,3144.03,True,False,0
pay_c627fee150114a,fraud,apparel,392,0,2794.35,False,False,0
pay_c3727d11093d4d,damaged,electronics,259,0,27756.98,True,False,0
pay_aa6e111d4ed749,fraud,digital_services,1188,0,2462.7,True,False,0
pay_4e81408cc10f46,fraud,digital_services,322,0,4142.49,True,False,0
pay_fcc9394e85664f,fraud,digital_services,506,0,2501.89,False,False,0
pay_839c0daff68a43,not_received,electronics,915,0,32067.93,False,False,0
pay_7934e45e1e6749,fraud,apparel,1056,0,2409.49,True,False,1
pay_89becf53003646,not_received,apparel,3,2,1698.67,False,True,0
pay_aa14403812a543,fraud,electronics,935,0,33164.22,True,False,0
pay_ac29c73d2df048,fraud,digital_services,561,0,4759.84,True,False,0
pay_408bf5773c6f49,fraud,electronics,7,6,24474.02,False,True,0
pay_3271d846a0ac4a,not_received,electronics,1,2,21358.38,False,True,0
pay_0fe5f9619ef645,damaged,apparel,12,6,2964.36,False,True,1
pay_268e4bfd2caa45,damaged,electronics,431,2,24931.85,True,False,0
pay_e3021921d5774a,fraud,digital_services,849,0,1526.21,False,False,0
pay_d8e38f5a97954f,not_received,apparel,158,0,3599.61,True,False,0
pay_662da6afc9d947,not_received,apparel,13,4,4049.21,False,False,0
pay_adcd7d12bc114d,fraud,apparel,490,1,1188.21,True,False,0
pay_b39c147aa8124f,not_received,electronics,13,5,26992.13,False,True,0
pay_1dbe239c6d7440,not_received,apparel,259,2,2609.91,True,False,0
pay_2061c226769844,fraud,apparel,998,0,1693.24,True,False,0
pay_064ae400136e45,fraud,apparel,715,0,3859.79,True,False,0
pay_3170cdff3a714b,fraud,digital_services,7,5,2804.33,False,False,0
pay_8486613d797e41,not_received,apparel,1119,0,2765.71,True,False,0
pay_e45f4cf7e1f842,fraud,apparel,1389,0,2437.43,True,False,0
pay_d771b0ee8ae246,fraud,digital_services,390,0,4802.77,True,False,0
pay_6272452629e343,fraud,apparel,283,0,3742.01,True,False,0
pay_2eb6f3233d1340,fraud,apparel,1458,0,2875.02,True,False,0
pay_2191d20e9ed94a,fraud,electronics,1202,0,21482.99,True,False,0
pay_63ea4abd3af445,damaged,apparel,735,0,1799.63,False,False,0
pay_4e338ec452c146,fraud,digital_services,541,0,3434.33,True,False,0
pay_24875f41142b42,not_received,apparel,1361,0,1003.8,True,False,0
pay_6b1299df249946,fraud,electronics,321,0,15870.33,True,False,0
pay_114707bc33bd4e,not_received,apparel,1452,0,4904.35,True,False,0
pay_0daef8c5d9fc49,not_received,apparel,1154,1,3727.64,False,False,0
pay_41e7bbda207f4c,fraud,electronics,358,0,21501.7,True,False,0
pay_e3c008d7418947,damaged,digital_services,414,0,1817.89,True,False,0
pay_79224b2df42842,not_received,digital_services,45,0,2093.69,True,False,0
pay_1ca7a3c7bd9449,damaged,apparel,1012,2,2748.26,True,False,0
pay_84603e2b236d43,not_received,electronics,935,0,20924.14,True,False,0
pay_6c9f2a255a3b4c,damaged,apparel,1092,0,2379.49,True,False,0
pay_31f83f3efda446,not_received,electronics,10,5,22266.99,False,True,1
pay_8870103d634e49,damaged,apparel,40,0,4290.75,True,False,0
pay_e84e54d15f9a4d,not_received,electronics,7,6,19255.86,True,True,1
pay_24d4bc937ad646,not_received,apparel,12,3,3948.15,False,False,0
pay_55e4e6f16f5c4b,not_received,electronics,419,0,23967.91,True,False,0
pay_de4e9776acda43,damaged,digital_services,409,0,4016.48,True,False,0
pay_16ce52f84fcc49,damaged,apparel,719,2,4235.62,False,False,0
pay_be26c6c8c42c46,fraud,digital_services,1489,0,2121.19,True,False,0
pay_581bef19e22843,not_received,electronics,974,0,30206.54,True,True,1
pay_f5c7ca70cbf648,fraud,electronics,921,2,25699.68,True,False,0
pay_29035f0a6aab4b,not_received,apparel,1074,0,3613.38,True,False,0
pay_ec2575c5aead4d,fraud,electronics,12,5,23265.04,False,True,0
pay_4d6d0710224647,fraud,electronics,908,0,26772.97,True,False,0
pay_b91a8d47501846,damaged,apparel,376,0,3922.98,True,False,0
pay_2a43ac9575f447,fraud,apparel,320,0,1426.53,True,False,0
pay_2d888293956743,not_received,electronics,12,5,22524.33,False,True,1
pay_a79f50b4911946,not_received,apparel,1112,0,2810.12,True,False,0
pay_f41f70eea8a348,fraud,apparel,322,0,4450.96,True,False,0
pay_98b8bf8b226a4a,fraud,electronics,3,3,24628.05,False,True,0
pay_96a56852804445,not_received,digital_services,1191,0,1859.19,True,False,0
pay_cb1e60e275cd45,fraud,electronics,846,0,14809.77,True,False,0
pay_fe3f2adb26154b,damaged,electronics,308,0,22683.54,True,False,0
pay_a0f424cf8ca44b,damaged,electronics,1422,0,23709.49,True,False,0
pay_05b8ad7889d348,fraud,electronics,532,0,25722.32,True,False,0
pay_c3487a97a81b46,fraud,digital_services,839,2,2840.07,False,False,0
pay_5561e3d5be4646,not_received,electronics,763,0,26235.64,True,False,0
pay_0eacb3f602dd4e,not_received,apparel,1350,0,2485.41,True,False,0
pay_4e268ab0b58442,fraud,apparel,840,0,1761.87,True,False,0
pay_c1a86c1c67cc4a,fraud,apparel,393,0,2456.92,True,False,0
pay_986f01e9b1d14a,not_received,digital_services,239,0,4304.35,True,False,0
pay_d034da8700c447,damaged,digital_services,6,5,3143.05,False,True,1
pay_c2560935a58e49,fraud,electronics,808,0,28235.78,True,False,0
pay_5435deb2777145,not_received,digital_services,973,2,3562.69,True,False,0
pay_761548576d664b,damaged,apparel,13,4,3335.85,False,True,1
pay_912ef456b74a44,not_received,electronics,121,0,32630.7,True,False,0
pay_ac2ceb7230874e,not_received,apparel,1012,0,3770.15,True,False,0
pay_a220334ff74441,not_received,digital_services,11,4,4233.36,True,True,1
pay_af652aacee2f48,damaged,electronics,10,5,20517.94,False,True,1
pay_12803e7ce6884a,not_received,apparel,1077,0,2955.05,True,False,0
pay_85e319b52fc74a,damaged,electronics,952,0,25721.47,True,False,0
pay_0d5a9c74b2af4f,not_received,electronics,1196,1,13978.68,True,False,0
pay_9dc192bcf97d44,not_received,digital_services,242,0,3767.42,True,False,0
pay_33d99ff8afe247,fraud,apparel,132,0,3436.31,True,False,0
pay_46de93e5ceae4c,fraud,electronics,8,4,15854.71,False,False,0
pay_2bf46685857045,not_received,apparel,1191,0,2937.09,True,False,0
pay_e425c505598b43,fraud,apparel,751,0,4148.58,False,False,0
pay_cf124529144842,not_received,apparel,720,0,3784.43,True,False,0
pay_218f4aa8892445,fraud,electronics,781,0,21177.04,True,False,0
pay_f5b7f1c9651549,damaged,apparel,1382,0,2927.38,True,False,0
pay_c9cb9a07424144,fraud,digital_services,9,5,4064.9,False,True,0
pay_5c1a8148f33342,damaged,apparel,1,4,3167.46,False,True,1
pay_e0c0f625252f42,not_received,apparel,815,0,2950.46,True,False,0
pay_1f4079fbbaff4a,fraud,apparel,146,0,2697.89,True,False,0
pay_6da28e86b9cd40,not_received,electronics,6,4,23478.42,False,True,0
pay_67e323a9e63149,fraud,apparel,736,0,1598.22,True,False,0
pay_cbf1af3bcc314d,fraud,electronics,305,0,22634.3,True,False,0
pay_150f92a653be41,fraud,electronics,1344,0,24149.35,True,False,0
pay_df3c58d864454c,fraud,electronics,6,3,21811.77,False,True,0
pay_c7a8cd14f02147,damaged,apparel,864,0,2491.94,True,False,0
pay_891c1d12be0044,fraud,electronics,300,0,32860.25,True,False,0
pay_aea0c75ea16b43,not_received,electronics,1199,0,29532.24,True,False,0
pay_f7150779569d4c,fraud,electronics,512,0,17228.36,True,False,0
pay_79ebaa493c8e4b,not_received,electronics,3,3,23123.59,False,True,0
pay_5458c2df9efe44,fraud,apparel,1063,0,1823.55,True,False,0
pay_ae4594564ec246,not_received,apparel,72,1,1069.51,False,False,0
pay_b5b852e5bc4847,not_received,electronics,645,0,24083.22,True,False,0
pay_5ac5feeb7b824d,not_received,electronics,3,2,26023.56,False,False,0
pay_b812a790942c49,fraud,apparel,825,0,2320.92,True,False,0
pay_3be9f42c6a284a,not_received,apparel,9,4,3798.73,False,True,1
pay_e869b0fed27d43,fraud,apparel,238,0,2635.53,True,False,0
pay_3a3bd5dd43cd4d,fraud,electronics,170,1,25862.93,False,False,0
pay_5b7cf529ff3148,not_received,digital_services,1072,2,2451.09,True,False,0
pay_b85590f6944f46,not_received,apparel,395,0,217.01,True,False,0
pay_4616e3168de84e,not_received,apparel,1092,0,2628.43,True,False,0
pay_0abf8f12629145,not_received,electronics,1,6,25388.31,False,True,1
pay_1a157d5e592e4c,fraud,electronics,1132,0,29509.09,False,False,0
pay_33cf6a511d1844,fraud,apparel,834,0,3187.28,True,False,0
pay_19a04c5200074c,fraud,electronics,6,2,25005.59,True,True,1
pay_dc789f7b427d4d,not_received,electronics,1150,0,18515.4,True,False,0
pay_3169f8009d394b,not_received,apparel,233,1,2608.35,True,False,0
pay_8e5b781ba09b40,fraud,apparel,6,3,2289.66,False,True,1
pay_4fd85c7050354a,not_received,apparel,926,0,2724.45,False,False,0
pay_1476e6fbc92a42,not_received,apparel,4,4,2511.5,False,True,0
pay_58999010d9e44b,not_received,apparel,3,3,3984.08,False,True,0
pay_0bfa22f019314a,not_received,apparel,2,2,4318.46,False,True,0
pay_ad1b8b8b2a734a,not_received,digital_services,717,0,2113.72,True,False,0
pay_2030e447b2d241,not_received,apparel,588,0,4281.27,True,False,0
pay_a00e2cd4c31248,fraud,apparel,13,2,4764.4,False,True,0
pay_8e00bb10e6ef48,fraud,electronics,1373,1,20695.86,True,False,0
pay_fc59a7b4573749,fraud,digital_services,607,0,4623.19,True,False,0
pay_35f82405771a41,not_received,electronics,540,0,30861.86,True,False,0
pay_9709e764dff045,damaged,apparel,1069,0,4093.71,True,False,0
pay_02de2a1545d743,not_received,electronics,964,0,24797.45,True,False,0
pay_349794e4995d46,fraud,apparel,1458,0,3106.99,True,False,0
pay_5ecdf8c4882f43,not_received,electronics,734,0,25164.61,True,False,0
pay_5dd57ef993bc43,damaged,apparel,5,6,2712.69,False,True,1
pay_c1690c05a4644c,damaged,electronics,923,0,23351.69,True,False,0
pay_aad4f6508fac49,not_received,apparel,807,0,2987.03,True,False,0
pay_57bc0c40515244,damaged,digital_services,1137,0,4135.06,True,False,0
pay_baa3201d50fe4f,fraud,electronics,2,6,23567.96,False,True,0
pay_003120f3a66e47,fraud,electronics,380,0,24674.97,True,False,0
pay_00fd97f6383d4d,fraud,apparel,70,0,3406.3,True,True,1
pay_897af96d93004f,not_received,digital_services,597,0,3751.47,True,True,1
pay_9f2aa0e261a24b,fraud,electronics,235,0,23029.54,True,False,0
pay_7fbd5ccaf6d543,not_received,electronics,1443,0,15456.97,True,False,0
pay_e75ad1d091724c,not_received,apparel,11,6,2083.97,True,True,1
pay_dcf8caf713dd4f,fraud,electronics,393,0,18288.21,True,False,0
pay_f2ee21d07f304d,damaged,apparel,477,0,3414.43,True,False,0
pay_139e44367a4d4a,fraud,digital_services,5,5,2379.98,False,True,0
pay_eb7b1d6731ef45,fraud,electronics,628,0,27515.41,True,True,1
pay_bfb739a0be9e41,not_received,apparel,800,0,3878.18,True,False,0
pay_a4cb9e9e594642,fraud,apparel,698,0,2670.82,True,False,0
pay_1fd05debf7da47,not_received,digital_services,1075,0,2101.29,True,False,0
pay_589e99fc030e48,damaged,digital_services,598,0,2111.88,True,False,0
pay_d5c593fc9dd140,damaged,apparel,1244,1,2428.02,True,False,0
pay_d1f1478cfe0a4f,damaged,apparel,617,0,3324.54,True,False,0
pay_9184c01e0b654f,fraud,apparel,189,0,3131.38,True,False,0
pay_a101ce4c693741,not_received,electronics,161,0,24669.22,True,False,0
pay_8f11829d18144a,fraud,electronics,803,0,26763.26,True,False,0
pay_255525dece5b41,fraud,digital_services,1430,0,2364.19,True,False,0
pay_e9f4e0b29bba41,fraud,apparel,67,2,3483.93,True,False,0
pay_ce10708463e348,fraud,electronics,691,0,29306.38,True,False,0
pay_0e54bf0d9cbe49,damaged,digital_services,324,0,3459.17,True,False,0
pay_ac6e64085ab94a,fraud,apparel,3,5,4046.34,False,True,1
pay_29a04a77fa6a46,not_received,electronics,549,0,21834.33,True,False,0
pay_f9fc651fc0644b,not_received,electronics,13,6,29539.41,False,False,0
pay_65a866a7a6864f,not_received,electronics,5,2,24898.24,False,True,0
pay_71ec8be5402247,damaged,digital_services,632,0,635.05,False,False,0
pay_feae89d7401e41,fraud,digital_services,625,0,1804.09,True,False,0
pay_faaf4b054d224d,not_received,electronics,135,0,22564.47,True,False,0
pay_fbff391e4ce844,not_received,digital_services,743,0,2393.83,True,False,0
pay_fd37b64785fe44,fraud,apparel,1042,0,3008.15,True,False,0
pay_1c176663264b43,not_received,apparel,606,1,3779.86,True,False,0
pay_8151e8d648dd4c,damaged,electronics,1270,1,12550.31,True,False,0
pay_3cbbf487fbff4e,fraud,apparel,904,0,4384.76,True,False,0
pay_58cfd8b3d8684d,fraud,electronics,1129,0,21602.49,False,False,0
pay_894b426762f54e,fraud,electronics,423,0,17320.8,True,False,0
pay_c42c58fe08034f,not_received,electronics,1114,0,25044.88,False,True,0
pay_dbb0c686d78c46,not_received,electronics,622,0,26306.93,True,False,0
pay_e1580da7bc8e48,not_received,digital_services,483,0,2848.7,True,False,0
pay_2387d887f76649,not_received,digital_services,1180,0,4513.26,False,False,0
pay_e78ee239224b42,damaged,digital_services,1451,0,2773.76,True,True,1
pay_68bea1e1e6114f,not_received,electronics,859,0,30994.48,True,False,0
pay_a8008bb2999e47,damaged,apparel,239,1,2842.15,True,False,0
pay_422e81bade0d40,damaged,apparel,512,0,2425.22,True,False,0
pay_c6eef5d17bef47,not_received,electronics,13,3,31840.92,False,True,1
pay_d254e4faf67047,not_received,electronics,519,0,21163.71,True,False,0
pay_d13800e5b43844,damaged,apparel,1193,0,3074.03,True,False,0
pay_b2a3ef9cbc6b41,damaged,electronics,6,2,24746.18,False,True,1
pay_b3e3d4bb2fda48,fraud,digital_services,682,0,3332.78,True,False,0
pay_48d17e0f530f48,fraud,apparel,885,2,1797.8,True,False,0
pay_206135f6cf6b48,damaged,electronics,981,0,29564.07,True,False,0
pay_ed5dbaada8d841,fraud,apparel,11,6,3797.95,False,True,1
pay_228536ebac5041,damaged,electronics,6,5,32594.35,False,False,0
pay_5ba9e24384f94c,fraud,electronics,1323,0,34724.24,False,False,0
pay_2952a068046f43,fraud,electronics,6,3,23900.95,False,True,1
pay_7d9d781c8b9941,fraud,apparel,645,0,3840.4,True,False,0
pay_2234bea433444d,fraud,electronics,413,0,28080.32,True,False,0
pay_8b1f79b513f04e,fraud,apparel,1376,1,2730.8,True,False,0
pay_b87aea49b62e45,not_received,electronics,3,2,24697.66,False,True,0
pay_b33dad8935aa40,not_received,electronics,297,0,40863.31,True,False,0
pay_381c4875744448,damaged,electronics,9,5,29840.16,False,True,1
pay_c60c8e8b0cfd45,not_received,apparel,1322,0,2440.68,True,False,0
pay_88d4bf307ce543,not_received,apparel,420,1,3050.63,True,False,0
pay_eb13e406151d4f,not_received,apparel,596,0,3949.74,True,False,0
pay_ee341642b0a44d,not_received,electronics,3,6,31126.11,False,True,0
pay_29ab9b35cb8044,not_received,electronics,647,0,26602.5,True,False,0
pay_3158a4300c324d,fraud,apparel,1231,0,1667.65,True,False,0
pay_431d7a55ad2c41,fraud,electronics,661,0,11267.57,True,False,0
pay_7f147bc31b1042,fraud,electronics,1090,0,30443.71,True,False,0
pay_c41e8d5c4bff43,fraud,electronics,12,6,28799.74,False,True,0
pay_b729d24ae8214b,not_received,apparel,40,0,2259.84,False,False,0
pay_c442b7b6d5234a,fraud,apparel,5,3,3203.81,True,False,0
pay_a27f7daee7aa48,damaged,electronics,405,1,25198.68,True,False,0
pay_be07128821634c,damaged,apparel,1097,0,2833.77,True,False,0
pay_1caa9fa9ab6b40,damaged,apparel,7,6,2829.42,False,False,0
pay_7455f5ccc0f14b,damaged,electronics,1252,0,35503.78,True,False,1
pay_140d20acb97645,fraud,electronics,189,0,36579.64,True,False,0
pay_efa0878241944f,not_received,apparel,1,5,3776.5,True,True,1
pay_a2e3d5343e0646,fraud,apparel,309,0,3324.92,True,False,0
pay_e21025aeb96546,damaged,electronics,13,6,20563.66,False,True,1
pay_7c8e09adb26247,damaged,apparel,586,0,3491.12,True,False,0
pay_b58439207b3240,damaged,apparel,1443,0,711.57,True,False,0
pay_cd1933bbd3c84a,not_received,apparel,548,1,2879.1,True,False,0
pay_246edfa360204f,not_received,electronics,1191,0,27085.37,True,False,0
pay_f3511d1d98ca4d,fraud,electronics,919,0,25119.45,True,True,1
pay_dd55b037ef6a44,fraud,apparel,1184,0,3108.39,True,False,0
pay_84f5f1e4073b42,not_received,apparel,947,1,3513.72,True,False,0
pay_cd5296b3472240,not_received,electronics,488,0,19568.42,True,False,0
pay_411df52d319546,damaged,apparel,4,6,2364.13,False,True,1
pay_5c8f80daef3541,fraud,apparel,1,4,2763.74,False,True,1
pay_e6792948f76d45,damaged,apparel,587,0,2796.32,True,False,0
pay_3606e8a19f8d42,not_received,electronics,33,0,27248.94,True,False,1
pay_9b17decbbc6d4f,damaged,apparel,1375,0,4140.3,True,False,0
pay_667d733420ba4b,damaged,apparel,626,0,4354.97,True,False,0
pay_4c9251231c1046,damaged,electronics,209,0,24666.24,True,True,1
pay_1d6e90d0300742,fraud,electronics,10,4,22493.59,False,True,1
pay_57ca565afd4a47,damaged,electronics,672,0,25303.62,True,False,0
pay_5cacdaedf02f48,fraud,apparel,1236,0,2521.09,True,False,0
pay_0a46938563c24e,fraud,electronics,1099,0,29601.42,True,False,0
pay_e71a583f43c04a,not_received,digital_services,252,2,2024.54,True,False,0
pay_95455a05188740,damaged,digital_services,103,0,3159.03,False,False,0
pay_22fa42aaa6bc4a,not_received,digital_services,487,0,3136.77,True,False,0
pay_5a32c3d8cbec48,damaged,apparel,168,0,4343.79,True,False,0
pay_97943b514dac44,not_received,digital_services,1009,0,2051.71,True,False,0
pay_96612f3fb97148,fraud,electronics,1291,0,27013.63,True,False,0
pay_3abb3d28fc1a42,damaged,apparel,88,0,3111.37,True,False,0
pay_b8402181208c46,fraud,electronics,56,0,18790.08,False,False,0
pay_ac8bda62d9614c,damaged,electronics,279,0,24686.7,False,False,0
pay_1989d529cdaa4a,fraud,electronics,10,3,26707.55,False,False,0
pay_1676f4949ec844,not_received,apparel,480,0,3766.95,True,False,0
pay_71443129ff6a4d,not_received,electronics,500,1,17167.47,True,False,0
pay_ade77d152a5540,fraud,apparel,1084,0,4865.8,True,False,0
pay_126a7282c4334c,fraud,digital_services,626,0,3621.22,True,False,0
pay_4d40be290a7c43,fraud,electronics,5,3,25799.34,False,True,1
pay_8cbe470e1b4347,fraud,apparel,3,6,2855.5,False,True,1
pay_c299aff2888340,fraud,apparel,869,0,3013.65,False,False,0
pay_d5ca3c1a785743,not_received,electronics,313,1,26679.47,True,False,0
pay_73879c27744b45,not_received,digital_services,51,0,2836.98,True,False,0
pay_994052496a2545,not_received,digital_services,1164,0,2924.7,True,False,0
pay_d499a7659edb41,damaged,electronics,1035,0,22673.62,True,False,0
pay_9bcb4462910240,not_received,electronics,1020,0,24276.79,True,False,0
pay_25e8686e59a84d,not_received,digital_services,980,0,2762.69,True,False,0
pay_bfc084c313594a,not_received,digital_services,751,0,2826.04,True,False,0
pay_babe12b721bf4e,not_received,apparel,1001,0,3336.09,True,False,0
pay_ddb51eb13c1d43,not_received,electronics,151,1,26908.69,True,False,0
pay_002a29807af740,fraud,apparel,644,0,2782.51,True,False,0
pay_1f48f201536b4b,damaged,electronics,444,0,15002.04,True,False,0
pay_3435fdcda5b742,not_received,digital_services,1482,1,3927.14,True,False,0
pay_a27b203ba5004a,fraud,apparel,1165,0,4181.59,True,False,0
pay_4372cfba797045,not_received,apparel,11,6,2936.09,False,True,0
pay_3e26ec6530fd40,fraud,electronics,815,0,28786.84,True,False,0
pay_1791a74a77f147,fraud,apparel,1,4,3766.74,False,True,0
pay_ab3c383f5f8846,fraud,electronics,111,2,25083.11,True,False,0
pay_d247c25ca04f44,not_received,electronics,642,0,24545.77,False,False,0
pay_ffa5d5e691d84c,not_received,apparel,1255,0,1479.16,True,False,0
pay_ec612ad13ecc48,damaged,apparel,98,0,3760.76,True,False,0
pay_e25c907d21914c,fraud,apparel,63,2,4492.42,True,False,0
pay_f6e84163bd784e,not_received,digital_services,389,0,3870.9,True,False,0
pay_c9d37516be2d4d,not_received,electronics,6,6,39244.62,False,True,0
pay_2d37429e651943,fraud,apparel,1264,0,3631.34,True,False,0
pay_aa0f9dede0994b,not_received,apparel,719,0,1042.49,True,False,0
pay_d6b57168db5144,fraud,electronics,588,0,22743.34,True,False,0
pay_e15c450ef5554e,fraud,apparel,733,0,2405.41,False,False,0
pay_faac0d72977740,not_received,apparel,1399,1,2025.74,True,False,0
pay_1bacd82ec3e247,not_received,digital_services,1123,0,3672.81,True,False,0
pay_1e5174543e3a4c,fraud,apparel,371,1,2878.7,True,False,0
pay_e1777b42dd5740,fraud,electronics,12,6,26818.4,False,True,1
pay_9f6f4580bf1245,fraud,electronics,1373,0,28041.53,True,False,0
pay_b21fc359d9544d,fraud,electronics,279,0,28101.49,False,False,0
pay_fd3d2682d57b41,fraud,electronics,1377,0,28286.42,True,False,0
pay_78903dfd629848,fraud,apparel,598,0,1050.61,True,False,0
pay_4c86749e31aa4d,not_received,electronics,1055,0,25690.41,True,False,0
pay_1811e1db493b49,not_received,digital_services,9,4,2548.08,False,True,1
pay_26a2077d8d384b,not_received,electronics,568,1,25413.24,True,False,0
pay_5d1cc6081c8d43,not_received,apparel,4,2,2028.04,False,True,0
pay_024fbff66ebb4a,fraud,electronics,11,4,33581.08,False,True,0
pay_c33a5f157b774c,fraud,apparel,1,3,2593.67,False,True,1
pay_b5d27b0a69a34a,damaged,electronics,1200,0,29987.2,True,False,0
pay_8b7dde1087f747,fraud,electronics,1458,0,30877.8,True,False,0
pay_e3156edd2ae448,fraud,apparel,358,0,1761.25,True,False,0
pay_3a8841c7df3740,fraud,apparel,680,0,4120.73,False,True,0
pay_6c20bb2324f14b,not_received,apparel,871,0,4072.53,True,False,0
pay_0b531a0e210a42,not_received,apparel,1240,0,2856.66,True,False,0
pay_eee651fc39ba45,damaged,digital_services,291,0,2060.31,True,False,0
pay_7020afa8421044,damaged,digital_services,562,0,4226.1,False,False,0
pay_cad330f193aa47,not_received,apparel,683,0,3162.46,True,False,0
pay_3a96524752364e,fraud,electronics,1359,0,19755.35,True,False,0
pay_8ab917c1070c4c,fraud,digital_services,1220,0,3383.49,True,False,0
pay_0c016a50a25e48,fraud,digital_services,1028,0,3686.74,True,False,0
pay_34c0dd38d7ff43,fraud,apparel,330,1,4465.98,True,False,0
pay_a344f6ef7c1f4b,fraud,apparel,12,4,3430.41,False,True,0
pay_9df2f81bb0fa41,fraud,electronics,617,0,30238.75,True,False,0
pay_7d075d74079a46,fraud,apparel,836,0,2543.94,True,False,0
pay_161c83a4f7904e,fraud,digital_services,1243,0,4032.65,True,True,1
pay_b0a95682d42648,damaged,apparel,1255,0,2593.35,True,False,0
pay_355dd8797fde48,not_received,apparel,963,2,1560.88,True,False,0
pay_a9bb0ea9d26043,damaged,electronics,1142,2,32567.82,True,False,0
pay_724e6ac8516e48,fraud,electronics,297,2,19825.56,True,False,0
pay_4d8675a0479244,not_received,apparel,734,0,4643.24,True,False,0
pay_4cd8e26970b44d,fraud,electronics,759,0,28241.98,True,False,0
pay_139d915c3e1546,fraud,apparel,554,0,2774.75,True,False,0
pay_43a0371bf46447,fraud,apparel,6,6,1353.56,False,False,0
pay_a996dd19a9a84e,damaged,electronics,642,0,18696.21,True,False,0
pay_dc260eca6eb74a,damaged,electronics,788,0,34861.84,True,False,0
pay_7dc93009e01e45,fraud,digital_services,853,0,3560.47,False,False,0
pay_a673a113dc4149,fraud,electronics,762,2,31797.04,True,False,0
pay_241e5fbe65f94f,not_received,electronics,184,0,34521.61,True,False,0
pay_2ec4f788fff743,fraud,apparel,112,0,4476.31,True,False,0
pay_c251535a327a48,fraud,digital_services,373,0,3107.21,True,False,0
pay_17f61f1c03a448,fraud,digital_services,9,4,4850.74,False,True,0
pay_96c6527b301148,not_received,apparel,1202,0,4320.47,True,False,0
pay_53b404022ab648,fraud,apparel,859,0,3291.32,True,False,0
pay_1c6a67fffc3249,fraud,digital_services,13,4,961.69,False,False,0
pay_faaf9ffd001d46,fraud,apparel,956,1,2999.76,True,False,0
pay_bb8d1676e6564c,not_received,apparel,880,1,3866.76,False,False,0
pay_bb3a60454eee4d,damaged,apparel,7,6,3814.0,False,True,1
pay_e08a6e03765f4b,fraud,electronics,1293,0,14543.26,True,False,0
pay_cc4eff31a0ca48,damaged,apparel,127,0,2434.54,True,False,0
pay_435fab000b754f,damaged,electronics,1087,0,28871.58,True,False,0
pay_4d165c86ec2b42,damaged,electronics,504,0,23644.41,False,False,0
pay_c68f4137ce2441,not_received,digital_services,1047,2,1464.51,False,False,0
pay_b874fda665774d,not_received,electronics,260,0,23473.4,True,False,0
pay_d020b0ccb11646,damaged,electronics,993,0,18093.97,True,False,0
pay_34134eb41c664d,fraud,electronics,505,0,19334.63,True,False,0
pay_da78a9ff312640,not_received,apparel,1124,0,2565.0,True,False,1
pay_bb76ce8fb4514d,damaged,digital_services,631,0,5632.4,True,False,0
pay_644dc73583dd43,not_received,apparel,1430,0,1702.33,True,False,0
pay_46eab93780294a,damaged,digital_services,306,0,2293.74,False,False,0
pay_29ee17fe9a0947,not_received,digital_services,440,0,2683.75,True,True,1
pay_f6e09a6da7354d,damaged,digital_services,4,2,3041.11,False,True,0
pay_f27ac1fbdc4e4a,not_received,electronics,905,0,35640.49,True,False,0
pay_72960912ddee4c,not_received,apparel,1294,0,2693.5,True,False,0
pay_225b0615f4114f,not_received,electronics,247,0,17793.7,False,False,0
pay_08518c8c0c3d40,damaged,electronics,505,0,29284.96,True,False,0
pay_84631129818044,damaged,apparel,269,0,3762.84,False,False,0
pay_9505ce3bfc784a,damaged,apparel,5,6,1620.71,False,False,0
pay_8a2f01069e7e48,not_received,apparel,1303,0,4642.22,True,False,0
pay_d1c2352544fd49,fraud,electronics,1202,0,15860.4,False,False,0
pay_7fe0dd87a1864f,fraud,electronics,573,0,29545.92,True,True,1
pay_1ed0ef68401941,damaged,electronics,479,0,26893.04,True,False,0
pay_c1a7c0091e924b,not_received,digital_services,1135,0,2222.19,False,False,0
pay_8dd0502a3e4647,fraud,apparel,739,0,2546.65,True,True,1
pay_82ea01c83f2f44,fraud,digital_services,692,0,1395.94,True,False,0
pay_879e01fbedb541,damaged,digital_services,1490,0,3898.53,True,False,0
pay_d6b8f58f08744a,damaged,apparel,924,1,2193.7,True,False,0
pay_005f05b521514e,damaged,electronics,1427,0,29057.7,False,False,0
pay_1a377441874143,not_received,apparel,941,0,3552.46,False,False,0
pay_509474bbeaf14d,fraud,apparel,1199,0,3248.19,True,False,0
pay_613563ddaeef43,fraud,apparel,10,5,534.2,False,True,0
pay_abe8bdd572fd4d,fraud,electronics,735,1,27631.04,True,False,0
pay_ce0b164d54ea44,damaged,apparel,5,6,2912.5,False,False,0
pay_db315608298b49,fraud,electronics,1170,1,20645.66,True,False,0
pay_a539557337fc47,not_received,digital_services,275,0,3462.68,True,True,1
pay_01fecefb45564e,not_received,apparel,209,0,3744.47,True,False,0
pay_94a6a806cd2745,not_received,electronics,8,4,22836.44,False,True,1
pay_eafe108054c048,damaged,electronics,1283,0,28239.58,True,False,0
pay_7c0bbe39618844,fraud,apparel,213,0,3297.77,True,False,0
pay_3b442d68627041,not_received,apparel,1119,0,2018.17,True,False,0
pay_acc3882ec6d143,fraud,apparel,3,2,2152.87,False,True,1
pay_a5fa6739dbe74d,fraud,apparel,7,5,2323.67,False,True,0
pay_ab0e9d1d5a764b,not_received,apparel,1489,0,4607.56,True,False,0
pay_f8ce4044388e45,fraud,electronics,11,3,22304.0,False,True,1
pay_81a4888dae1b4f,not_received,digital_services,13,4,3032.02,False,True,0
pay_24f8764fc12247,not_received,apparel,1033,0,1595.83,True,False,0
pay_ea27c59ec41344,fraud,electronics,691,1,26239.29,True,False,0
pay_0ac5a007d40948,fraud,electronics,732,0,20464.38,True,False,0
pay_942de907ca6247,not_received,electronics,1069,1,25640.14,True,False,0
pay_dc38b0e5637e41,damaged,electronics,216,0,23930.45,False,False,0
pay_75732db374b34a,not_received,apparel,1420,0,2569.2,True,False,0
pay_9c32dbbdb62547,not_received,electronics,581,0,17847.47,True,False,0
pay_031ffdb4045e4a,not_received,digital_services,694,0,3495.65,True,False,0
pay_79d0bb2c01e344,not_received,apparel,11,5,3608.4,False,True,0
pay_0bb2dfc5839947,fraud,electronics,553,0,26742.22,True,False,0
pay_767a935a58a448,not_received,electronics,163,2,19312.09,True,False,0
pay_f9125dfa156948,not_received,apparel,1441,0,3183.14,True,False,0
pay_b920d90f63e446,not_received,electronics,339,0,21272.88,False,False,0
pay_c71803944d7b4c,not_received,electronics,1386,0,26945.46,True,False,0
pay_bc8fb22527244f,damaged,electronics,1485,0,26103.89,True,False,0
pay_48b96407ba3d42,fraud,electronics,863,1,31366.61,True,False,1
pay_c9b80207a2d342,damaged,electronics,8,4,24450.68,False,False,0
pay_8a3ea99e063548,not_received,electronics,760,0,19230.75,True,False,0
pay_8709211d909d4f,not_received,digital_services,2,6,2955.68,False,True,1
pay_e6db5f772c0247,fraud,electronics,405,0,22894.89,False,False,0
pay_d892b85ec51c47,fraud,apparel,779,0,3294.57,True,False,0
pay_1ee8ff15ecda4c,not_received,electronics,536,0,22288.04,True,False,1
pay_26cd615f126f43,not_received,electronics,1350,0,28980.62,True,False,0
pay_ef60a6e0d1034e,fraud,apparel,10,4,4448.46,False,True,1
pay_bd3f21b6d3af48,not_received,electronics,5,6,18799.57,False,True,1
pay_402c8f17f96c4b,fraud,electronics,277,0,19705.8,True,False,0
pay_485f490bec4148,damaged,apparel,478,0,3024.21,True,False,0
pay_11a80022c2504c,damaged,electronics,757,0,30514.02,True,False,0
pay_ba5b275b3c2646,fraud,apparel,874,0,2896.6,True,False,0
pay_c374405e71cb40,damaged,electronics,1327,0,19181.2,True,False,0
pay_775b3c0715d848,damaged,electronics,804,1,20980.74,True,False,0
pay_68a0cc49030540,fraud,electronics,197,0,23919.58,True,False,0
pay_dcf6d6254a7540,not_received,digital_services,753,0,4297.76,True,False,0
pay_c64a4e99f4564e,not_received,apparel,395,1,5217.69,True,False,0
pay_6aec481bbeea4d,not_received,apparel,5,3,2662.56,False,True,0
pay_92fef45d2e7b4c,fraud,apparel,996,1,2137.2,True,False,0
pay_c9ff5d233d7b46,fraud,apparel,2,5,3902.96,False,True,0
pay_c8100814abaf49,not_received,apparel,1035,0,2570.33,True,False,0
pay_47549baff50f4e,fraud,apparel,968,0,1489.7,True,False,0
pay_405aff4ec45a42,damaged,apparel,537,0,3203.16,True,True,1
pay_fffbd1441aea47,fraud,electronics,566,0,23241.56,True,False,0
pay_c2639d87b44643,not_received,digital_services,457,0,1672.56,True,False,0
pay_660600f7145645,damaged,digital_services,1413,0,3874.95,True,False,0
pay_a29d8003912247,not_received,electronics,625,0,36896.3,True,False,0
pay_12bdd6485f1143,not_received,apparel,1018,0,4746.16,True,False,0
pay_513d2dd551cf41,damaged,apparel,1122,1,4675.92,True,False,0
pay_d6b5ae33bcb840,damaged,electronics,12,6,26105.48,False,True,1
pay_31a67ebf79f74a,fraud,digital_services,953,0,3133.46,True,False,0
pay_f71468ec439f45,not_received,apparel,708,0,3417.79,False,False,0
pay_1499f558f0244e,damaged,apparel,1233,0,3472.58,True,False,0
pay_352327cfede241,fraud,electronics,282,0,27864.98,True,False,0
pay_def2324f28f044,fraud,electronics,8,3,28321.46,False,True,0
pay_629f0ea180fa4a,fraud,electronics,778,0,24949.33,True,False,0
pay_4c7bd53efb6a4c,fraud,electronics,345,0,21146.81,True,False,0
pay_3e49a626cef349,not_received,apparel,1079,0,3321.35,False,False,0
pay_475c0de838454c,not_received,digital_services,670,2,3057.33,True,False,0
pay_d8f285d723bc4f,damaged,apparel,296,1,3317.24,True,False,0
pay_358f7628ae4b42,not_received,electronics,7,4,26137.59,False,True,0
pay_db1723edf64d4e,fraud,electronics,6,4,19870.4,False,True,1
pay_b831d9bd830e4d,fraud,apparel,4,3,2981.19,False,True,0
pay_976700b661e44b,damaged,apparel,427,0,3694.83,False,False,0
pay_e64f2a59c43941,fraud,digital_services,679,0,2790.11,True,False,0
pay_f357debbea6e49,fraud,apparel,213,0,4132.98,False,False,0
pay_fb32073f6f7140,damaged,digital_services,1015,0,4340.42,False,False,0
pay_f69780ba9ea143,not_received,electronics,128,0,29790.95,True,False,0
pay_4992ac4ae4b54a,fraud,apparel,1170,0,3117.06,True,False,0
pay_433b853174304f,damaged,electronics,1393,0,27116.59,True,False,0
pay_5835d843964f48,damaged,apparel,79,0,3660.47,True,False,0
pay_4fbd8c98397842,fraud,apparel,867,0,3958.4,True,False,0
pay_7f56bca9455e4e,damaged,apparel,985,0,1761.46,True,False,0
pay_0782178d955f4b,fraud,electronics,607,0,27300.22,True,False,0
pay_20b2b25628094e,not_received,apparel,11,3,3234.03,False,True,0
pay_f24ceabf617d42,damaged,electronics,1425,0,28239.46,True,False,0
pay_5959530adfb146,damaged,electronics,1313,0,27568.72,True,False,0
pay_0d99de0edec84d,fraud,apparel,1023,2,1664.5,False,False,0
pay_51a17a9429494d,fraud,digital_services,369,0,1696.6,True,False,0
pay_e50068c34a6644,fraud,apparel,7,4,3553.99,False,True,0
pay_ae632855de9d49,not_received,apparel,655,0,1496.21,True,False,0
pay_76dd238084d14d,fraud,electronics,261,2,24031.28,True,False,0
pay_f585691599e44e,not_received,electronics,1087,2,21948.54,True,False,0
pay_4c3fef5af5a443,fraud,electronics,1093,0,26698.89,False,False,0
pay_ede8bb4ae3ca4e,not_received,digital_services,1219,0,2223.56,False,False,0
pay_8c7937ca626948,fraud,electronics,432,0,12035.49,True,False,0
pay_a9a2a798d8df42,damaged,digital_services,409,0,3406.36,True,False,0
pay_dda599e85ee94c,fraud,apparel,648,0,1314.49,True,True,1
pay_eeb96d468b7c4a,fraud,apparel,349,0,926.04,True,False,0
pay_c8b1a190f73045,damaged,digital_services,1266,0,3210.03,True,False,0
pay_dae0285b24ca4f,not_received,electronics,7,3,24376.64,False,True,1
pay_e771cf08740d49,fraud,apparel,1340,0,3920.81,True,False,0
pay_9361e66f942f44,fraud,digital_services,1491,0,3630.95,False,False,0
pay_0933c40c042742,not_received,apparel,1169,0,2879.75,False,False,0
pay_4b96c43a25f744,fraud,electronics,13,6,23640.73,False,True,1
pay_5993e3681e854d,not_received,electronics,145,0,30891.77,True,False,0
pay_3e10cdaa56f14d,not_received,apparel,1176,1,2149.49,True,False,0
pay_cd6b84aef02f46,fraud,electronics,855,0,29390.44,True,True,1
pay_7890c0b9f63542,not_received,digital_services,1230,0,3220.89,True,False,1
pay_51bbe6515bfb4d,not_received,electronics,1422,0,27778.88,False,False,0
pay_35fe502bc5c743,damaged,apparel,74,1,3285.94,True,False,0
pay_072ef6b0ad6042,fraud,apparel,389,0,3448.0,True,False,0
pay_21eadf8139314c,not_received,apparel,1323,0,1552.45,True,False,0
pay_5ca75854d3c047,fraud,apparel,1432,0,3957.79,True,False,0
pay_ad5fa478c94d4e,not_received,digital_services,329,0,3742.36,True,False,0
pay_84432417f36143,damaged,apparel,222,0,3019.24,True,False,0
pay_7d6bd34005aa4c,fraud,apparel,1132,0,804.67,True,False,0
pay_d74c1fa7f13949,damaged,electronics,1279,0,29642.37,True,False,0
pay_3525f9ca4ff149,not_received,electronics,1048,1,24252.76,False,True,1
pay_f56ada3fc2ce40,damaged,electronics,1217,0,23386.44,True,False,0
pay_0eb994158d9a4a,not_received,electronics,708,0,29595.27,True,False,0
pay_629fcbc73b8b43,fraud,apparel,615,0,3443.98,True,False,0
pay_749667eb4c1547,fraud,apparel,921,0,4262.99,True,False,0
pay_a7c46abe2f6144,fraud,apparel,13,2,4646.04,False,False,0
pay_0ffecbad97624c,fraud,electronics,598,0,39166.26,True,False,0
pay_6a3b75e20a0444,not_received,electronics,1258,0,30869.0,True,False,0
pay_f9dbd521d14d4e,not_received,digital_services,1340,0,2099.5,True,False,0
pay_fe2f502677d44c,damaged,digital_services,566,0,1536.39,True,False,0
pay_a74a0cb566da4f,not_received,digital_services,687,0,2900.56,True,False,0
pay_7cb1f8386df649,not_received,digital_services,525,0,4027.08,True,False,0
pay_586eac0e67de42,damaged,apparel,814,0,2040.98,True,False,0
pay_2a921ed2bfc24e,damaged,digital_services,1348,0,4227.68,True,False,0
pay_df326ba72b9742,fraud,apparel,152,0,3017.14,False,False,0
pay_d906f9312c104b,not_received,digital_services,851,0,2922.47,True,True,1
pay_ad660d42ac3e4f,fraud,electronics,354,0,26691.88,False,False,0
pay_b037fbfb6de647,fraud,digital_services,817,0,1968.3,False,False,0
pay_9cd4f8eaf9fc4e,fraud,apparel,13,5,2164.06,False,True,0
pay_ba9fa4b669704d,damaged,electronics,284,0,25407.53,True,False,0
pay_7869cf34a30543,not_received,electronics,1433,0,38286.5,True,False,0
pay_870cced43d0648,not_received,digital_services,1346,0,1576.89,False,False,0
pay_4a074557507b47,damaged,apparel,1464,1,3036.34,True,False,1
pay_c415f2202e9d49,fraud,digital_services,1380,0,3860.05,True,False,0
pay_e47db58790c643,not_received,electronics,1325,1,25652.38,True,False,0
pay_6ff7e5c6714f4a,not_received,apparel,1324,2,3216.45,True,False,0
pay_174b5c9f366049,fraud,electronics,1114,0,24626.12,True,False,0
pay_a654eef8f1fa48,not_received,apparel,217,0,2621.78,True,False,0
pay_7ae4d5e2bd0b44,fraud,apparel,5,6,3277.22,False,True,0
pay_30ba3e0c08564c,damaged,apparel,374,1,2327.19,False,False,0
pay_cbbef63d65ce4d,fraud,electronics,469,0,18860.01,True,False,0
pay_57e7e790e4b442,fraud,electronics,12,6,20080.5,False,True,1
pay_8d98b563ef3a49,not_received,electronics,253,0,25498.3,True,False,0
pay_2906c333ada743,fraud,digital_services,454,0,3002.45,True,False,0
pay_fd5acec2fcbe44,fraud,electronics,2,4,28108.88,False,False,0
pay_5af45814712941,not_received,electronics,1110,1,25727.52,True,False,0
pay_46d1bb8573ae4f,fraud,apparel,1340,0,4596.2,True,False,0
pay_7d716d77156f4c,not_received,digital_services,658,0,2826.43,True,False,0
pay_1a7d49564b1f42,not_received,electronics,516,0,33112.27,True,False,0
pay_83e3ae00c11f4d,not_received,electronics,666,0,18454.69,True,False,0
pay_6128e87bc67a4e,not_received,apparel,830,0,1981.7,True,False,0
pay_c9c5ea33eff74e,fraud,digital_services,119,0,4588.11,False,False,0
pay_591f94ab7b4d49,fraud,apparel,1192,0,2779.25,True,False,0
pay_f6e0b00a1c6249,not_received,electronics,1384,0,23621.08,True,False,0
pay_3cd0fdabb6ef46,damaged,apparel,893,0,1849.79,True,False,0
pay_231b99ef33bb4a,fraud,digital_services,1047,0,3542.49,True,False,0
pay_8aabe8dcc9254c,not_received,apparel,1,3,2474.9,False,True,0
pay_92f49630b0fa4c,not_received,electronics,1493,1,26735.86,True,True,1
pay_b6e9cd101a1e42,not_received,electronics,1466,0,27036.94,True,False,0
pay_ee3f8b3b44634e,not_received,digital_services,288,0,4029.94,True,False,0
pay_efaf28b40ab342,fraud,apparel,176,2,5472.99,True,False,0
pay_f8dcd7e7209f46,not_received,apparel,1377,1,2208.58,True,False,0
pay_eccfb6005b6d43,fraud,electronics,896,0,24535.06,True,False,0
pay_e3eb2c8ec2ee44,not_received,apparel,704,0,3270.42,True,False,0
pay_b3599db8b4874c,damaged,electronics,1354,0,22891.77,True,False,0
pay_b21677dafeb941,not_received,electronics,496,0,23333.43,True,False,0
pay_28e184996cd24b,fraud,digital_services,139,0,2395.54,True,False,0
pay_8588236c11bb46,damaged,electronics,4,5,22446.48,False,True,1
pay_856645706b2746,damaged,electronics,721,0,28805.16,True,False,0
pay_33fd14b0711848,not_received,digital_services,694,2,3221.73,True,False,0
pay_29ea1e9babc34d,not_received,electronics,113,0,26935.06,True,False,0
pay_69cd95b73f6648,fraud,apparel,5,3,1958.68,False,False,0
pay_9e2164284c6141,damaged,apparel,6,3,1336.67,False,True,1
pay_5b20ba18115c46,not_received,digital_services,567,0,3165.96,True,False,0
pay_0c78e52d976041,damaged,digital_services,871,0,3743.58,True,False,0
pay_2e252d3c1bae40,fraud,apparel,1298,1,2384.7,True,False,0
pay_2b87bdafd75243,fraud,electronics,1380,0,22721.34,False,False,0
pay_6d37c591c3db46,damaged,apparel,674,0,4348.46,True,False,0
pay_82b742e47d9f44,not_received,digital_services,1054,0,2300.94,True,False,0
pay_cd22976dc20c48,fraud,electronics,2,2,27524.71,False,False,0
pay_c8cf5afd2a704a,fraud,apparel,9,3,2920.16,False,False,0
pay_568078bb100140,not_received,electronics,1034,0,23300.82,False,False,0
pay_debeceb2a28f49,fraud,electronics,1073,0,23607.2,True,False,0
pay_98fb4b2d821341,not_received,electronics,259,0,20946.12,True,False,0
pay_073f60c7777b4e,not_received,electronics,1230,0,22596.73,True,False,0
pay_9b2882db58824e,not_received,digital_services,684,0,3051.06,False,False,0
pay_9809f5d31b6740,fraud,digital_services,758,0,2411.16,True,False,0
pay_1cc021ab3ab04d,damaged,apparel,588,0,2333.67,True,False,0
pay_10c7ee6eec3f44,fraud,apparel,6,6,3003.03,False,True,1
pay_1a113d02955048,not_received,apparel,1380,1,4639.65,True,False,0
pay_53f53356f14241,fraud,digital_services,510,0,2398.88,False,False,0
pay_ace174c3e9b647,not_received,digital_services,11,3,3498.03,False,True,1
pay_83b3fbc37b1042,damaged,electronics,84,0,25293.66,True,False,0
pay_e2ac066fe24c48,damaged,apparel,1441,0,2648.26,True,True,1
pay_00da8d03b7da42,not_received,apparel,443,0,1137.43,True,False,0
pay_bbd83b179f1341,not_received,digital_services,589,0,3601.37,True,False,0
pay_e5b9f6e1ec5e4b,damaged,apparel,224,0,2493.49,True,False,0
pay_949b1dcbacde43,damaged,digital_services,10,2,3101.28,False,True,1
pay_2e12a456a4de41,damaged,digital_services,469,0,1717.07,True,False,0
pay_0a5c7d2621ab43,fraud,apparel,1284,0,1683.34,True,True,1
pay_157204254b1545,damaged,digital_services,6,3,1159.69,False,True,1
pay_58caee2f63b249,fraud,electronics,3,6,15144.27,False,True,0
pay_715d534cdbf242,fraud,electronics,1430,0,30118.65,True,False,0
pay_765bb1d9bea14e,fraud,apparel,485,0,3901.6,True,False,0
pay_cfb9b979d0444f,fraud,electronics,631,1,10782.72,True,False,0
pay_8b7c248b68614a,not_received,electronics,976,0,17880.05,True,False,0
pay_f20bb9817cfb47,damaged,apparel,423,0,2949.11,True,False,0
pay_0875d24ad3bb4d,not_received,apparel,1406,0,3039.74,True,False,0
pay_b9666a3d04ce42,not_received,digital_services,662,0,3651.5,True,False,0
pay_ac7451a5cc9143,not_received,digital_services,1343,0,3703.91,True,False,0
pay_f203487e2c4a4d,not_received,apparel,1075,0,3957.2,True,False,0
pay_d41fe4f67b5349,fraud,apparel,388,0,1967.67,True,False,0
pay_c0e5ea834ade42,damaged,apparel,391,0,4029.03,True,False,0
pay_48b82aecdd284b,not_received,apparel,131,0,2525.0,False,False,0
pay_f4f705bfe74545,not_received,electronics,172,1,24559.61,True,False,0
pay_3705f8bc386e48,not_received,apparel,466,0,3906.13,True,False,0
pay_2c74b822f1b94a,damaged,apparel,760,0,1001.8,True,False,0
pay_e7c346ef85784e,fraud,electronics,1054,0,37336.16,True,False,0
pay_2dbf472347e84a,fraud,digital_services,932,0,3001.06,True,False,0
pay_dfad51196a2a45,not_received,apparel,902,0,3313.85,True,False,0
pay_c1184daba6124c,not_received,electronics,70,1,21013.16,True,False,0
pay_94e248a20f874b,damaged,apparel,1136,0,2305.95,True,False,0
pay_835561aee24440,fraud,electronics,730,0,19330.23,True,False,0
pay_82c5e047d1b84f,fraud,electronics,594,1,26390.36,False,False,0
pay_2bb73ed11c1b45,damaged,digital_services,420,0,4053.54,False,False,0
pay_2a121999875b44,not_received,digital_services,1291,0,3748.29,True,False,0
pay_543f0cd45c6e4a,not_received,electronics,701,0,21112.7,True,False,0
pay_726842be38084d,fraud,digital_services,1092,0,2390.87,True,True,1
pay_c108d4e65eb145,fraud,electronics,246,0,12369.41,True,False,0
pay_895dc0aa6f9d4f,not_received,electronics,1334,0,29366.58,True,False,0
pay_7420fa802dfc44,fraud,electronics,750,0,33223.32,True,False,0
pay_c7a57daf88ba49,damaged,electronics,1170,0,24831.28,False,False,0
pay_f6660812fbc546,not_received,electronics,1457,0,26392.4,True,False,0
pay_3c3e30824f3343,fraud,digital_services,11,6,2520.53,False,True,1
pay_1c0b64383dcc4c,not_received,electronics,4,6,15433.46,False,True,0
pay_827661e1274c48,not_received,electronics,1347,0,23642.98,True,False,0
pay_df55c03b504b4d,fraud,apparel,518,2,4825.18,True,False,0
pay_ad9d7c78f31f4a,fraud,electronics,137,0,32215.46,True,False,0
pay_c8794d90a64a48,not_received,apparel,480,0,2049.22,False,False,0
pay_30a6526c38244e,not_received,apparel,1434,1,5053.47,True,False,0
pay_01859b467cb24f,not_received,electronics,458,1,19588.88,True,False,0
pay_d5f99524139c4d,not_received,apparel,1431,0,3615.39,True,False,0
pay_666aa1e6aed945,not_received,electronics,12,5,31691.44,False,True,0
pay_405dd82d8cfe45,not_received,electronics,679,0,21477.32,False,False,0
pay_289f151b160141,not_received,electronics,923,0,22409.32,True,False,0
pay_b4c11df5d4554a,not_received,apparel,1108,0,2723.05,True,False,0
pay_719573e1bc7940,fraud,apparel,572,0,4789.5,True,False,0
pay_4975f813900d44,damaged,apparel,1187,0,3372.67,True,False,0
pay_099ae8aa43c24a,not_received,apparel,437,2,3684.65,True,False,0
pay_15224776061448,damaged,apparel,1283,0,2452.43,True,True,1
pay_e40855f4b8994b,not_received,electronics,1037,0,27172.2,True,True,1
pay_7e4404e2d9a546,fraud,digital_services,364,0,2793.13,True,False,0
pay_6d57ac5b6ddd44,not_received,digital_services,620,0,2133.3,True,False,0
pay_000336cf634c4b,fraud,apparel,32,0,1895.99,False,False,0
pay_0c234b2375af45,not_received,electronics,12,2,30080.61,False,True,0
pay_903f58cb2cf04f,not_received,apparel,11,2,3616.36,False,True,0
pay_6ed08ae96bbb47,damaged,electronics,1339,0,25430.65,False,False,0
pay_66f1f07b80b94b,not_received,apparel,191,0,1677.3,False,False,0
pay_27f8de25b2cf44,not_received,electronics,465,0,24642.41,True,False,0
pay_e726608368f149,fraud,apparel,2,2,2990.04,False,False,0
pay_9399023688b441,damaged,electronics,626,0,30280.78,True,False,0
pay_814e9e96b5a047,damaged,digital_services,6,3,2810.77,False,True,1
pay_46d8c647b47e46,not_received,electronics,126,0,20182.81,True,False,0
pay_73eb6aea6f164f,fraud,apparel,13,3,5448.93,False,True,0
pay_f5db2db115e547,not_received,digital_services,2,3,2996.95,False,True,1
pay_484bef03060845,fraud,electronics,1285,1,27428.81,True,True,1
pay_232460ec1f214d,not_received,digital_services,2,2,5834.55,False,True,0
pay_bda04f4b96e842,fraud,electronics,240,0,29017.27,True,False,0
pay_ade42dc26abe4b,not_received,digital_services,2,6,4809.04,False,True,0
pay_f0313cdb01554c,not_received,digital_services,9,3,1887.95,False,True,0
pay_f8cd07e7faa249,fraud,electronics,1380,0,28306.7,True,False,0
pay_fe357e58e78a4d,not_received,digital_services,984,0,2384.4,True,False,0
pay_257fa1bf04d34c,damaged,electronics,499,0,32768.79,True,False,0
pay_9bdb154b7b7a47,fraud,electronics,578,0,38261.02,True,False,0
pay_c80738d6f6f248,not_received,electronics,5,2,25941.65,False,True,0
pay_b9b5a0e2dfd149,fraud,electronics,1379,0,28293.36,False,False,0
pay_c643377aa07644,fraud,apparel,7,3,2892.59,False,True,1
pay_68df68ac6b014f,fraud,apparel,527,0,3690.87,True,False,0
pay_9110616f457c40,not_received,apparel,2,4,936.71,False,False,0
pay_df9f293ead0e44,not_received,electronics,1197,0,18414.2,True,False,0
pay_1f3529e9ab1d49,damaged,digital_services,1356,0,3230.57,True,False,0
pay_f78e891e591a46,not_received,electronics,247,0,24522.33,True,False,0
pay_3fd5a0c535364d,fraud,electronics,959,0,26243.91,False,False,0
pay_bdf6221d6c9346,not_received,apparel,989,0,2398.23,True,False,0
pay_7c761aa57ab342,fraud,digital_services,9,5,4058.45,False,True,0
pay_ff06208fb1b242,not_received,apparel,645,0,2084.5,True,False,0
pay_c2534b2bbbed4a,fraud,apparel,326,0,2696.23,True,False,0
pay_5a1d83cb8dfb46,fraud,electronics,1416,0,14974.6,True,False,0
pay_4ea998c9a3d445,not_received,electronics,203,0,24295.43,True,False,0
pay_2bd38dba47fd4f,damaged,apparel,162,1,3360.94,True,False,0
pay_ea188d8e0aa24e,fraud,apparel,217,0,2637.53,True,False,0
pay_4fb82ee71c694c,damaged,electronics,467,1,19145.99,True,False,0
pay_fc14b8cbbd574b,fraud,apparel,79,0,4572.34,True,False,0
pay_9a7b04797b3c47,damaged,apparel,1071,0,3149.33,True,False,0
pay_52573105202b44,not_received,apparel,10,2,2443.17,False,True,0
pay_da6d522e46eb46,fraud,electronics,1068,0,29721.04,True,False,0
pay_d80935c552174f,fraud,apparel,5,5,3352.37,False,True,0
pay_b5ce8beb3bf740,fraud,electronics,1272,2,22350.59,True,False,0
pay_bd44b23aa9b749,fraud,electronics,30,0,21154.49,True,False,0
pay_f675a83383c44d,fraud,apparel,280,0,2867.83,True,False,0
pay_575f22b61b074d,not_received,apparel,10,3,3740.63,False,True,1
pay_48915ad7956e4f,damaged,apparel,708,0,3336.19,True,False,0
pay_7a99c25373614c,fraud,electronics,166,0,29821.49,True,False,0
pay_e70aec7eb5fe41,not_received,digital_services,658,0,3956.78,True,False,0
pay_85c83c1f70f04d,not_received,electronics,1454,1,29317.46,True,False,0
pay_d33f9ba40be842,damaged,digital_services,4,6,4182.35,False,True,1
pay_c345b93888c54b,not_received,electronics,192,0,24217.08,True,False,0
pay_9e4ef772bbc543,not_received,electronics,999,0,31264.61,True,False,0
pay_ae95ef373f5044,not_received,electronics,1,3,27058.86,False,False,0
pay_8831fb8bdd0642,fraud,electronics,190,0,23193.74,True,False,0
pay_bcc0d5d6c38143,fraud,apparel,1132,0,1781.38,True,False,0
pay_f590992eb39e4c,not_received,digital_services,6,4,2018.94,False,True,1
pay_d5ccc85c3ebb40,fraud,electronics,733,0,22203.61,True,False,0
pay_9848903678d94e,not_received,apparel,10,6,3902.41,False,True,1
pay_29a356c5123c4f,fraud,digital_services,1336,0,4549.23,True,False,0
pay_ff98eadb18e845,not_received,apparel,711,0,2800.69,True,False,0
pay_93e00c5966e04f,fraud,electronics,1,5,35411.0,False,True,1
pay_77b7a7bbdd8146,damaged,digital_services,925,0,1053.5,True,False,0
pay_cccafcb583a547,damaged,electronics,1490,0,18328.74,True,False,0
pay_51f27d96b7e943,fraud,apparel,637,0,1807.0,True,False,0
pay_2ecd8ef51c9b4c,fraud,apparel,645,0,3273.07,True,False,0
pay_7e0cf5f000164b,not_received,electronics,110,0,21009.69,False,False,0
pay_aa3dad1d2d324d,fraud,apparel,1253,0,4219.14,True,False,0
pay_c9788d720d574b,fraud,electronics,426,0,25621.69,True,False,0
pay_194a67e2401143,fraud,electronics,13,5,28864.67,False,True,1
pay_d7671ef4ee114f,damaged,electronics,5,2,31253.7,False,True,1
pay_47269f81fe5243,damaged,digital_services,8,2,2420.64,False,True,1
pay_d0f5b2b977d049,not_received,digital_services,10,4,1479.52,False,True,0
pay_f38b517aa9f341,not_received,electronics,13,3,16470.34,False,True,0
pay_acfc5358e16a46,damaged,electronics,5,3,25798.6,False,True,1
pay_d71b25b2154149,damaged,electronics,1384,0,26372.88,True,False,0
pay_eae0b5d872c647,damaged,apparel,1096,0,2632.22,True,False,0
pay_8ae46166ebe34c,fraud,digital_services,8,5,2704.43,False,True,0
pay_42b394fa3dfb49,fraud,digital_services,13,5,3222.75,False,True,0
pay_5b099f9a423f46,not_received,apparel,1302,0,1610.03,True,False,0
pay_fb2c088560764a,not_received,apparel,996,0,3682.89,False,False,0
pay_b61a0a8272c34d,fraud,electronics,523,0,25514.87,True,False,0
pay_f26b513ad05040,fraud,electronics,1483,0,22759.54,True,False,0
pay_07fa24ab2d2748,damaged,apparel,751,0,2539.98,True,False,0
pay_125c419fe72647,damaged,apparel,1018,0,5943.12,True,False,0
pay_4aee363df12846,fraud,digital_services,959,0,3235.64,True,False,0
pay_7b3689ca3e864f,damaged,electronics,713,0,26547.72,True,False,0
pay_992751b30dbd48,not_received,electronics,11,6,33523.18,False,True,0
pay_86ad6ef3735841,damaged,apparel,458,0,2676.05,True,False,0
pay_4ef8468a7fb145,not_received,digital_services,503,0,3241.37,False,False,0
pay_f7ffbdc3657847,fraud,apparel,1206,1,2598.81,True,False,0
pay_2531d081e4a147,not_received,electronics,595,2,28169.25,True,False,0
pay_476710698b3741,not_received,digital_services,671,0,4009.21,True,False,0
pay_d600e67b855d46,not_received,apparel,5,3,1832.05,False,True,1
pay_e56a785ae71c48,fraud,electronics,1011,1,28150.71,True,False,0
pay_b90718ae534c4d,damaged,electronics,472,0,19825.2,True,True,1
pay_153e7b3a2c0e4f,fraud,apparel,1181,0,1732.42,False,False,0
pay_cb587e22283141,fraud,apparel,12,4,3009.21,False,True,1
pay_bfe89ec6a05842,not_received,apparel,981,0,3894.67,True,False,0
pay_22d47fefac9a46,not_received,apparel,415,0,1446.67,True,False,0
pay_95c78cab245744,not_received,electronics,291,0,24597.32,True,False,0
pay_05066bcc6d6e4c,not_received,electronics,595,0,25971.36,True,False,0
pay_e1343b0076474a,not_received,digital_services,1274,0,2218.23,True,False,0
pay_91ac8d6bd47843,not_received,apparel,436,0,1308.42,True,False,0
pay_b306a9c65bfe40,not_received,apparel,140,0,1221.15,True,False,0
pay_d9723a1bed7d4d,fraud,electronics,87,0,27951.49,True,False,0
pay_f9a5bbacbb8d48,not_received,electronics,1407,0,26047.2,True,False,0
pay_acbf3c8f10a549,damaged,electronics,770,0,23784.75,True,False,0
pay_1ed4a769e28942,fraud,electronics,656,0,24057.53,True,False,0
pay_9fe09b61f6384c,not_received,apparel,1314,0,1375.25,True,False,0
pay_67a1a9cf024d45,damaged,digital_services,3,2,3355.21,False,True,1
pay_1cd659a1799c49,fraud,electronics,1228,0,20698.49,False,False,0
pay_f45e0af3779149,not_received,digital_services,279,0,2649.07,True,False,0
pay_abb392d6318045,damaged,apparel,921,0,2278.98,False,False,0
pay_8c89de0b4f8240,fraud,electronics,1388,0,29847.15,True,False,0
pay_24ff076c7fde4f,fraud,apparel,828,1,3511.58,True,False,0
pay_63bf6e5d2b3c42,damaged,electronics,237,1,24592.77,False,False,0
pay_73d6581d003746,damaged,apparel,1260,0,3829.77,False,False,0
pay_41bf8a9f91d342,not_received,electronics,6,3,18363.3,False,False,0
pay_c76b74fad98445,not_received,electronics,834,0,21594.98,False,False,0
pay_ca9f24a620cc48,damaged,apparel,378,0,3706.19,True,False,0
pay_a7329b9612b443,not_received,electronics,1421,0,17290.16,True,True,1
pay_0edaa7e4e74243,fraud,electronics,1126,0,17276.67,True,False,0
pay_15c303a4de5647,fraud,electronics,1053,0,25325.43,True,False,0
pay_64460a6cd32041,not_received,apparel,1499,0,3172.91,True,False,0
pay_a29ef2fdecf942,damaged,digital_services,817,0,2385.09,True,False,0
pay_70c3ec8c2f9842,damaged,electronics,777,0,31388.14,True,False,0
pay_c16653df72fd44,damaged,electronics,345,0,21300.38,True,False,0
pay_2562a447a04346,damaged,apparel,1215,0,4441.33,False,False,0
pay_93166e8d5c3440,not_received,electronics,125,1,27401.27,True,False,0
pay_aac5eb3bca8e4d,not_received,apparel,5,6,2028.87,False,True,1
pay_daec94a639024c,not_received,electronics,206,0,30273.49,False,False,0
pay_88b91f6d3c7845,not_received,apparel,6,3,2175.3,False,True,0
pay_7b700e7fd4084a,not_received,apparel,1476,0,3628.54,True,False,0
pay_347b179ae2eb41,fraud,electronics,9,3,13772.52,False,True,0
pay_a358c1ae3fb246,damaged,apparel,97,0,3554.95,True,False,0
pay_2494d95c1c8745,not_received,apparel,1235,0,1866.42,True,False,0
pay_89300528da534b,fraud,electronics,982,0,23345.34,True,True,1
pay_59745110c3f24b,not_received,electronics,282,0,31850.14,False,False,0
pay_9a376fa1359742,not_received,electronics,1014,0,19222.8,True,False,0
pay_30be263daa9e47,fraud,apparel,193,0,1257.47,True,False,0
pay_d8b9ae55f9fd46,damaged,electronics,81,0,23297.06,True,False,0
pay_5f444d4c5fe149,fraud,apparel,7,2,4601.92,False,True,0
pay_7248c2b2a98647,fraud,apparel,1177,0,3366.89,True,False,0
pay_eedcdb61c6da4e,not_received,digital_services,562,0,3000.31,True,False,0
pay_d0b77b4fc6dd4e,not_received,apparel,625,0,2189.95,False,False,0
pay_a8edc1674f334e,damaged,apparel,492,0,1603.46,True,False,0
pay_06346eb0bb874f,damaged,apparel,1481,0,2773.61,True,False,0
pay_5ff7398802584b,damaged,digital_services,189,0,2426.02,True,False,0
pay_4ec13fb2f6e748,fraud,electronics,702,1,26949.11,True,False,0
pay_5ac37e2b175849,fraud,electronics,857,0,26177.88,True,False,0
pay_7717c9db94c146,not_received,electronics,6,3,27184.67,False,False,0
pay_dc8bc2f50b5947,fraud,apparel,1443,0,3566.26,True,False,0
pay_3daf3b51ea7341,damaged,electronics,1023,0,27737.64,True,False,0
pay_ec0d193efdf444,not_received,electronics,670,0,29597.81,True,False,0
pay_cc7bd36a699940,damaged,apparel,274,0,3484.89,True,False,0
pay_498334952e3049,fraud,digital_services,1416,0,2263.53,True,False,0
pay_42a31a70d6fa40,not_received,digital_services,1324,0,3497.71,True,False,0
pay_737f3163c44547,not_received,apparel,905,0,4400.23,True,False,0
pay_ed09e383be9f48,fraud,electronics,1054,0,28046.58,True,False,0
pay_49e4451781294f,not_received,digital_services,1328,0,2684.43,True,False,0
pay_29c55c314ed84c,not_received,digital_services,1203,0,4540.32,True,False,0
pay_b8485dc582054f,not_received,digital_services,803,0,3086.36,True,False,0
pay_f800737f0b4948,fraud,apparel,473,1,2347.0,True,False,0
pay_5745cd22061b4f,fraud,electronics,11,3,24404.96,False,False,0
pay_9b744266f8684b,not_received,electronics,468,2,17619.29,True,False,0
pay_0cc16302410643,fraud,digital_services,204,0,3340.2,True,False,0
pay_43b6482e839d47,fraud,electronics,10,2,26365.92,False,True,0
pay_219b3618e61f41,fraud,electronics,901,0,30024.08,True,False,0
pay_f8ac5b88153543,fraud,apparel,6,2,2856.25,False,True,0
pay_b595224483e84b,fraud,electronics,567,0,17008.04,False,False,0
pay_953fffcbad3b40,fraud,digital_services,384,0,1331.17,True,False,0
pay_580a76d358354f,not_received,electronics,1249,0,26396.85,True,False,0
pay_a5aa565b03ae46,not_received,electronics,394,0,30541.61,True,False,0
pay_47f2548164da44,not_received,digital_services,10,6,3818.38,False,True,1
pay_d73a7ca3db4f40,damaged,electronics,58,0,26057.91,True,False,0
pay_1ab1ae20f28b4a,not_received,digital_services,309,0,1128.14,True,False,0
pay_e8b24080334148,not_received,apparel,1119,0,1799.5,True,False,0
pay_031861da306445,damaged,apparel,1237,0,4905.62,True,False,0
pay_3f8e19fa00104a,not_received,electronics,1063,1,23698.53,True,False,0
pay_f13c37bde19d44,not_received,apparel,132,0,2009.66,True,False,0
pay_941dcd351e0b40,not_received,electronics,738,0,25872.3,True,False,0
pay_3b02f26c7d434f,not_received,digital_services,1475,0,4003.76,True,False,0
pay_28a06da2d86f40,not_received,electronics,1153,0,33977.19,True,False,0
pay_0036ed6e63dc4b,fraud,electronics,385,1,26371.31,True,False,0
pay_9b9e0aa786fd44,fraud,digital_services,1289,1,4846.77,True,False,0
pay_61cb1147a16348,fraud,apparel,1235,0,2106.28,True,False,0
pay_7794d8a64f864e,fraud,apparel,1432,0,1493.63,True,False,0
pay_704e86d4c8cf49,fraud,apparel,416,0,3223.94,True,False,0
pay_e3572a190bdf4b,not_received,electronics,93,0,24881.23,False,False,0
pay_ef861127857947,not_received,electronics,12,2,36204.68,False,True,0
pay_56c80e8a446840,not_received,digital_services,1111,1,4594.5,True,False,0
pay_3fb185f1df984e,fraud,electronics,955,0,28606.41,True,False,0
pay_0c4c745bab3c4b,damaged,electronics,478,0,28931.09,True,False,0
pay_1be8de304acc4c,not_received,apparel,1128,0,3649.29,True,False,0
pay_51dc1e2934d04e,fraud,electronics,229,0,31155.35,True,False,1
pay_0e955446c1ae45,damaged,apparel,1133,1,2488.57,True,False,0
pay_9393d0cfc7ad43,not_received,apparel,1272,1,4145.25,False,False,0
pay_c39cee333f0d43,not_received,digital_services,7,2,3519.7,False,True,1
pay_228e34498aec4d,fraud,electronics,3,4,24624.52,False,True,1
pay_ad04bbe182bf40,not_received,electronics,1094,0,22941.52,True,False,0
pay_ec31ce5d5ff842,damaged,digital_services,510,0,3663.93,True,False,0
pay_90b759bcc7714a,not_received,electronics,110,0,29339.36,True,False,0
pay_72db2179e6bd49,not_received,apparel,894,0,2846.19,False,False,0
pay_1142c94e625141,not_received,apparel,717,0,511.07,True,False,0
pay_89804cac974340,damaged,apparel,1165,0,1356.53,True,False,0
pay_b18e01c2bd2347,fraud,apparel,242,1,3131.66,True,False,1
pay_756b5b78ecdd45,not_received,electronics,403,0,27523.2,True,False,0
pay_92eb925ee64b42,fraud,apparel,1354,0,3212.87,True,False,0
pay_309600bc7c6245,not_received,electronics,621,0,31573.01,True,False,1
pay_07b3200c1c6f41,not_received,digital_services,4,2,4346.51,False,False,0
pay_a8f1a6aa65d34f,fraud,electronics,649,0,29631.41,True,False,0
pay_257ee4161aed4f,not_received,digital_services,1399,0,2955.66,True,False,0
pay_259816f9d2b944,not_received,apparel,1261,0,3547.68,True,False,0
pay_7dca7e230de34f,fraud,electronics,1139,0,15377.42,False,True,1
pay_97dafd4e35e14c,not_received,apparel,646,0,2731.28,True,False,0
pay_f0999326f0a341,fraud,electronics,3,6,21137.5,False,True,0
pay_94ba1fc7104d49,not_received,electronics,814,2,24896.24,True,False,0
pay_966219ae9cf440,fraud,electronics,573,2,34374.88,False,False,0
pay_dc266e9c926047,not_received,digital_services,1462,0,2823.35,True,False,0
pay_142a156f957740,not_received,electronics,1397,0,27282.94,True,False,0
pay_eeb5ec7060fd43,not_received,digital_services,8,3,2913.17,True,True,1
pay_34f71e526ff145,fraud,electronics,726,0,24830.18,False,False,0
pay_f889ee2fd7db47,damaged,apparel,1190,0,2677.36,True,False,1
pay_0fa7db31c5d649,not_received,digital_services,737,0,4012.09,True,False,0
pay_e0a117d8b5d44b,fraud,digital_services,1047,0,3060.94,True,False,0
pay_16eadd6cec5243,damaged,electronics,780,0,16072.17,False,False,0
pay_ecda6790b9d64c,fraud,apparel,250,0,2973.85,True,False,0
pay_c659cf552dbc40,not_received,electronics,1482,0,34331.43,True,False,0
pay_6275de81e30f42,not_received,electronics,11,6,28535.15,False,True,1
pay_4a4f62b5e42b41,not_received,apparel,38,0,2925.39,True,True,1
pay_99b8bb981d9e4a,damaged,electronics,863,0,26322.7,True,False,0
pay_d9ebddd08b7c42,not_received,electronics,1422,0,23699.89,True,False,0
pay_7048c396306a4f,fraud,electronics,738,0,32849.63,False,False,0
pay_6844d1c62cb74e,damaged,electronics,827,2,29667.63,True,False,0
pay_d270818e0bae45,damaged,electronics,385,0,26801.04,False,False,0
pay_87a26c86cb7740,not_received,digital_services,397,0,2475.53,True,False,0
pay_290ede32bb5841,not_received,electronics,273,1,30360.64,True,False,0
pay_3cb45cd44b6842,fraud,apparel,1320,0,1127.87,True,False,0
pay_1ec2ed7b947740,not_received,apparel,175,0,2870.39,False,False,0
pay_b51813b6dc3a42,fraud,apparel,63,0,3553.72,True,False,0
pay_83b1a32751f646,fraud,apparel,717,0,2436.92,True,False,0
pay_4174c0e83e224e,not_received,apparel,291,0,869.31,True,False,0
pay_056ebf8f00e647,fraud,apparel,1078,0,3433.34,True,False,0
pay_6f70f678a9064d,fraud,electronics,152,1,25085.01,True,False,1
pay_d8e5333937ca41,not_received,digital_services,1049,0,3302.08,True,False,0
pay_65de0f921ec44e,fraud,digital_services,822,0,1802.93,False,False,0
pay_ab337105902148,fraud,apparel,791,0,1553.32,True,False,0
pay_1f30b0ee4dfd44,fraud,electronics,273,0,24672.19,False,False,0
pay_3311593a8cf94e,fraud,apparel,432,0,4540.55,True,False,0
pay_974971b93e0440,not_received,apparel,395,0,3961.63,True,False,0
pay_9026cd8fa1ad42,damaged,apparel,1306,0,4406.31,True,False,0
pay_f154b211ebfb4e,not_received,apparel,702,0,2155.91,True,False,0
pay_56fee6379a8c4e,not_received,apparel,1363,0,3340.66,True,False,0
pay_f084b78e74a94f,fraud,apparel,9,5,2747.54,False,True,0
pay_220dc66c41c94f,fraud,electronics,380,0,31208.99,True,False,0
pay_3225a4abad3645,fraud,apparel,5,6,3258.08,False,True,1
pay_5a42f3741af443,not_received,electronics,8,3,25111.67,False,True,1
pay_ec1341c5cbe34c,not_received,apparel,1197,0,1818.45,True,False,0
pay_14965cbc65fe4b,not_received,electronics,80,0,31766.34,True,False,0
pay_762aa10a45a54f,fraud,electronics,183,0,35219.77,True,False,0
pay_07dbc03fdd4e48,fraud,electronics,591,0,24507.13,True,False,0
pay_1f763ed7937842,not_received,digital_services,1033,0,3452.17,True,False,0
pay_044566ff771f4e,fraud,apparel,1084,0,3189.11,True,False,0
pay_ab0353665dfc4b,not_received,electronics,1498,0,27942.66,True,False,0
pay_ec71a07eccd24d,not_received,apparel,704,0,1718.23,True,False,0
pay_b9de48057db14e,not_received,apparel,6,6,2890.55,False,True,0
pay_b422fbfce92647,damaged,apparel,5,3,3035.92,False,True,1
pay_4c414307bc1b4b,damaged,apparel,109,0,3605.88,True,False,0
pay_aa71316bdaea44,not_received,electronics,6,6,20008.58,False,True,1
pay_3d30f84a93df40,not_received,electronics,10,2,30214.19,False,True,0
pay_abcaac7109a040,fraud,electronics,137,1,34248.28,True,False,0
pay_a6e28e681a8a47,damaged,apparel,346,0,2816.3,True,False,0
pay_76fa095627074a,not_received,electronics,979,0,21284.39,True,False,0
pay_f3b5bd1c770840,fraud,apparel,509,0,1580.17,True,False,0
pay_c6e1112166a54d,not_received,electronics,585,0,22925.25,False,True,0
pay_f082d24f448144,fraud,electronics,1214,0,28881.05,True,False,0
pay_33c2b6b82b244e,not_received,digital_services,1469,0,4946.44,True,True,1
pay_a8b0f724de1e4c,not_received,digital_services,748,0,3441.84,False,False,0
pay_3a0250d367b043,fraud,electronics,257,0,30158.98,False,False,0
pay_476fd7422fda40,fraud,digital_services,823,0,1831.18,True,False,0
pay_4caafa551c5046,damaged,apparel,892,0,2610.67,True,False,0
pay_b0f3abd9b00c42,not_received,apparel,544,0,3280.09,False,False,0
pay_8a729b9ff50348,damaged,electronics,261,0,24821.62,True,False,0
pay_cfbeacf91fb04d,fraud,electronics,641,0,18202.2,False,False,0
pay_5c7280efa6b647,not_received,digital_services,9,4,3445.21,False,True,0
pay_fb74bdccb13248,not_received,digital_services,123,0,3730.81,True,False,0
pay_0c87a7dc4a444b,fraud,apparel,1088,0,3781.32,True,False,0
pay_b76e79ca55be44,fraud,digital_services,10,2,2762.99,False,True,0
pay_a7f3e2ceaa7944,fraud,apparel,1252,0,2206.9,False,False,0
pay_743d4435080142,fraud,electronics,479,0,19034.03,True,False,0
pay_2c44f1b0713d4c,damaged,electronics,268,0,29334.85,True,False,0
pay_499a5d46439a4f,fraud,electronics,146,0,19108.88,True,False,0
pay_03a4673bccdd4e,not_received,apparel,690,0,3038.38,True,True,1
pay_76b75a862a1b44,not_received,digital_services,427,0,4643.12,False,False,0
pay_aeff169a4f6541,fraud,apparel,1251,0,2040.7,False,False,0
pay_69ec6e3d0feb4c,not_received,apparel,1447,0,2211.9,True,False,0
pay_d22e67e6f90046,fraud,apparel,859,0,3842.98,False,False,0
pay_0466cf0106e740,not_received,electronics,792,1,21972.93,True,False,0
pay_0c508934624840,fraud,electronics,842,0,29548.87,True,False,0
pay_a6c095a1625648,not_received,apparel,4,6,3459.08,False,True,1
pay_51b613daf3164e,not_received,apparel,8,2,3794.5,False,False,0
pay_bc4c23e9935a4c,damaged,digital_services,1233,1,2679.45,True,False,0
pay_970054c1da0b40,damaged,electronics,621,0,33584.68,True,False,0
pay_1a43c3f0f4e140,not_received,apparel,950,2,2478.42,False,False,0
pay_f6eb15f290e046,fraud,apparel,8,6,3374.47,False,True,0
pay_6d7791e5be494c,not_received,electronics,501,0,19046.59,True,False,0
pay_160d828764ec42,not_received,apparel,330,1,4619.07,True,False,0
pay_b932e94a74bf4e,damaged,electronics,1057,0,19916.64,True,False,0
pay_51684ea2f6f544,fraud,apparel,503,0,2071.57,True,False,0
pay_0526f11614a847,fraud,apparel,1319,0,2397.07,True,False,0
pay_0bbf487c9f3f48,not_received,electronics,13,3,33450.59,False,False,0
pay_660981909a0e47,not_received,digital_services,513,0,3217.96,True,False,0
pay_fd11f02508be49,fraud,electronics,237,1,25876.21,True,False,0
pay_23cd43005e014a,not_received,electronics,13,5,27319.34,False,False,0
pay_8e3f9d5fe40843,not_received,apparel,418,0,2657.63,True,False,0
pay_4b037c6600234d,damaged,digital_services,842,0,3743.39,True,False,0
pay_eae086e4779441,not_received,electronics,1229,0,27377.49,False,False,0
pay_329508c820184e,fraud,electronics,3,5,34263.37,False,False,0
pay_58ca40e5f48441,fraud,apparel,2,3,4116.52,False,True,0
pay_8489e16605f84c,fraud,electronics,1231,0,18621.66,True,False,0
pay_8fb6fe697fa34c,not_received,electronics,2,3,18638.91,False,True,0
pay_d8885606225c4a,not_received,electronics,1480,1,31855.37,False,False,0
pay_a77e24f20c8740,fraud,digital_services,9,5,4793.89,False,True,0
pay_75ccb5f9645c47,not_received,digital_services,406,0,3764.53,True,False,0
pay_60970cd5414049,not_received,electronics,326,0,19192.15,True,False,0
pay_c36ea7a2d7c04e,fraud,apparel,1308,0,1272.14,True,False,0
pay_80d2cbb8da0e4c,fraud,electronics,496,0,29741.88,True,False,0
pay_3768b89bf37e46,damaged,apparel,777,0,1657.36,True,False,0
pay_3a6c082c5cb24a,fraud,electronics,939,0,23918.06,True,True,1
pay_651bd98b415744,not_received,electronics,1422,0,23330.22,True,False,0
pay_22c6661280d34c,not_received,apparel,1327,0,2250.52,True,False,0
pay_a94e99b6d41942,not_received,electronics,1045,0,30373.75,True,False,0
pay_f10254dd1ae04c,not_received,electronics,434,0,21052.55,True,False,0
pay_f103a63262c34e,not_received,digital_services,1398,0,4196.86,True,False,0
pay_89fabcd8ed6a4a,damaged,digital_services,3,3,2925.37,False,True,1
pay_6c2cf5fd841647,damaged,electronics,110,0,34510.33,True,False,0
pay_18394bda3f4845,not_received,apparel,300,0,4273.08,True,False,0
pay_e7da9e8d3a5f42,fraud,apparel,43,1,3331.17,False,False,0
pay_51339f4485d14a,fraud,apparel,768,0,1920.47,True,True,1
pay_885703378d2a40,not_received,digital_services,193,0,2375.87,True,False,0
pay_a22f2558b3b34c,not_received,apparel,627,0,2931.17,False,False,0
pay_5cb2a9add6814e,fraud,apparel,413,0,1832.26,True,False,0
pay_6e230815c48e41,fraud,electronics,1038,0,24471.2,True,False,0
pay_35bd20d51af74a,not_received,apparel,1069,0,3219.46,True,False,0
pay_1b3d87cd0bcd4b,fraud,apparel,1454,0,2444.13,True,False,0
pay_9671c743fcf341,not_received,electronics,536,0,30143.16,False,False,0
pay_f99c389e205f41,not_received,electronics,1006,0,22787.28,True,False,0
pay_d06587bc2ccb4b,not_received,electronics,931,0,18954.03,False,False,0
pay_8b11326c4ce541,fraud,electronics,4,3,25331.29,True,False,0
pay_00f9600989e540,fraud,electronics,1269,0,25819.16,True,False,0
pay_7b8eb853fa2a4d,fraud,electronics,8,4,15694.4,False,False,0
pay_3530c917e3f649,fraud,electronics,893,0,29021.48,True,False,0
pay_3f6ce5a1e65f43,not_received,apparel,96,0,3477.31,True,False,0
pay_57084cc53ba441,not_received,apparel,67,0,3907.78,True,False,0
pay_bf9fa34ad3974b,fraud,electronics,855,0,24461.94,True,False,0
pay_354bb19c7d8440,fraud,digital_services,1269,0,2663.83,True,False,0
pay_0fd718c6d97643,fraud,apparel,888,0,2438.74,True,False,0
pay_713c45c3379b47,damaged,apparel,1076,0,2618.55,True,False,0
pay_16d21b9e250449,not_received,digital_services,4,2,1334.99,False,True,0
pay_c0e2c0ce15db49,damaged,electronics,96,0,22796.81,True,False,0
pay_599c490cd74e4a,damaged,apparel,1392,0,3493.9,False,False,0
pay_d72971bf001a47,not_received,apparel,325,0,3765.21,True,False,0
pay_f673142cfef640,not_received,electronics,155,0,30214.59,True,False,0
pay_9a1405e7d1da46,fraud,electronics,30,0,24404.89,True,True,1
pay_fc4a179e51b74d,not_received,digital_services,434,0,1468.47,True,False,0
pay_a444a4e18d8e4c,fraud,electronics,13,5,19433.61,False,True,1
pay_ee3df68e7f0f40,damaged,digital_services,1339,0,2059.67,True,False,0
pay_3ff794cd40c245,fraud,apparel,314,0,4618.54,True,False,0
pay_f3bcf1bb1fbf42,not_received,apparel,1056,0,3274.25,True,False,0
pay_2eff9da6f2dc41,fraud,electronics,1289,0,21625.55,True,False,0
pay_ab01c3c6baca44,damaged,apparel,169,1,2339.79,True,False,0
pay_3827bd74d2af4c,fraud,electronics,994,0,26383.17,True,False,0
pay_0e637c1d9b404b,not_received,electronics,241,0,21478.11,True,False,0
pay_4140ec8661b946,not_received,digital_services,73,0,1895.3,True,False,1
pay_f75e5677846848,fraud,electronics,431,0,18747.28,True,False,0
pay_f6a4a537c27943,not_received,apparel,964,1,4237.09,True,False,0
pay_2eba175431a549,damaged,digital_services,794,0,3667.2,True,False,0
pay_06f91aa9415442,fraud,electronics,1196,0,29407.61,True,False,0
pay_9d4281a5adbd45,damaged,apparel,12,4,4188.5,False,True,1
pay_5669782f2e6449,not_received,apparel,1325,0,2754.03,True,False,0
pay_a5d4d949870d48,damaged,apparel,1095,0,1871.28,False,False,0
pay_51de2144531749,fraud,digital_services,273,0,2136.7,True,True,1
pay_c936c6056fbd4e,not_received,digital_services,641,0,3902.44,True,False,0
pay_1e42e1119f8c40,damaged,apparel,1117,0,2006.24,False,False,0
pay_cd744a39d42244,not_received,apparel,1173,0,2658.28,False,False,0
pay_b69a0137fc2d4c,not_received,apparel,1057,0,3088.87,True,False,0
pay_dec71ac43c9a45,fraud,apparel,435,0,3089.27,True,False,0
pay_d2c0760d74ca49,fraud,apparel,407,0,3137.54,False,False,0
pay_2bad962361ca4f,not_received,electronics,1379,0,28641.01,False,False,0
pay_c47356ffe1fe43,not_received,electronics,482,1,27197.76,True,False,0
pay_b3a12ce7a9aa40,not_received,digital_services,149,0,3626.26,True,False,0
pay_1c877a52941549,fraud,electronics,1,5,25650.51,False,True,1
pay_f77a67485dfe4a,not_received,apparel,4,3,1311.84,False,True,0
pay_01da736f71b94f,fraud,digital_services,1265,0,3082.63,True,False,0
pay_7a8bc5c9569e43,not_received,electronics,13,2,24169.06,False,True,0
pay_cdd8b7ed41de4e,damaged,apparel,1023,0,2305.84,True,True,1
pay_5e99aa1ad4a347,not_received,electronics,729,0,21085.91,True,False,0
pay_21d5ccc737f04e,fraud,digital_services,573,0,356.69,True,True,1
pay_60332d2b707443,damaged,electronics,1043,0,27872.69,True,False,0
pay_64f297c1c12c44,not_received,apparel,1086,0,4144.35,True,False,0
pay_f33a9576422b49,not_received,apparel,3,2,3980.12,False,True,0
pay_c3e0802def3a44,fraud,apparel,1152,0,2164.15,True,False,0
pay_8906ba7e9bc14a,not_received,electronics,1310,2,26943.1,True,True,1
pay_501d39eeae6a43,fraud,apparel,621,0,4717.42,True,False,0
pay_437922ad9dae4e,not_received,electronics,606,0,17532.78,True,False,0
pay_dc4d5950a8e047,fraud,electronics,183,0,13301.37,True,False,0
pay_226fdb410b1346,fraud,apparel,968,0,2797.19,False,False,0
pay_0129be2817b04c,fraud,electronics,851,1,30306.05,True,True,1
pay_b0ade4640ad048,fraud,apparel,75,0,2694.79,True,False,0
pay_84a7ad4d3bd445,fraud,digital_services,310,0,2416.47,True,False,0
pay_c51d31ff7e044a,not_received,digital_services,1072,0,1859.62,True,False,0
pay_483a076907fe4a,fraud,apparel,268,0,2494.83,True,False,0
pay_681249cc454644,not_received,electronics,955,0,28989.69,True,False,0
pay_7203dde26fe84a,fraud,apparel,458,0,1608.14,True,False,0
pay_a12a876ca4bc4e,damaged,digital_services,724,0,3343.82,True,False,0
pay_bc0725613e9142,damaged,digital_services,12,5,2616.27,True,False,0
pay_9a2af380f2ae48,fraud,apparel,1274,2,3801.69,True,False,0
pay_23cc21cf8c3d4d,not_received,digital_services,1472,0,1603.09,True,False,0
pay_2d29acc183444a,fraud,digital_services,12,4,2832.59,False,True,0
pay_d738790d48b649,damaged,digital_services,1081,0,2701.89,True,False,0
pay_17c7ec9a26f745,not_received,apparel,127,0,1598.01,True,False,0
pay_838e38a538754e,fraud,digital_services,927,0,2303.32,True,False,0
pay_2d00e8b965ca4b,fraud,digital_services,1386,0,3099.0,True,False,1
pay_66cb498e4acf4d,fraud,electronics,50,0,34703.69,True,False,0
pay_480d4f55840f47,fraud,digital_services,914,0,2116.55,False,False,0
pay_6c676f6855a24a,not_received,electronics,3,3,26645.09,False,True,1
pay_ff041ae9008846,not_received,apparel,352,0,3811.63,True,False,0
pay_9bc4c631a96f4b,fraud,apparel,1001,0,2283.69,True,False,0
pay_16feac341e8645,fraud,apparel,1328,0,3572.82,True,False,0
pay_5590fc594ba541,fraud,digital_services,8,2,1374.22,False,True,0
pay_9231b2d4f2774d,fraud,apparel,199,0,3245.63,True,False,0
pay_fae77fea3fd346,damaged,electronics,318,0,29491.67,True,False,0
pay_a92b73751e2944,fraud,electronics,1382,0,24484.54,True,False,0
pay_9e2837816a434b,not_received,apparel,1017,0,4298.59,True,False,0
pay_6766b8cfd45c4a,fraud,apparel,635,2,1272.47,True,False,0
pay_35d6e1dc333f42,fraud,electronics,1074,0,27590.08,True,False,0
pay_a000dc269f2c49,not_received,apparel,944,0,2727.53,True,False,0
pay_bef7e96534d145,not_received,electronics,1163,0,28011.4,True,False,0
pay_fd3b4850a47742,not_received,apparel,1021,0,2316.29,True,False,0
pay_a1cbe44b6fc64a,not_received,electronics,3,5,28541.34,False,True,1
pay_a0390ac5c52444,not_received,apparel,1271,1,2573.12,True,False,0
pay_ba144de3ea3a4f,fraud,electronics,604,0,20689.75,True,False,0
pay_8768775abb3e4b,not_received,electronics,10,2,30178.89,False,True,0
pay_a5e6ad3eb6ac4a,not_received,digital_services,13,2,3725.45,False,True,0
pay_6f5b32f368cc4f,fraud,apparel,1462,1,3014.74,True,False,0
pay_0247688ed22c4f,not_received,apparel,12,5,3950.63,False,True,1
pay_597f08a307464f,fraud,apparel,8,5,2622.58,True,True,1
pay_15d7f28e85414c,fraud,apparel,8,6,4276.07,True,False,0
pay_8eb4f9441eae45,not_received,apparel,542,0,5207.65,True,False,0
pay_db6e456d5b6548,damaged,apparel,920,0,2438.47,False,False,0
pay_bc4e88805f4e44,damaged,apparel,460,0,2779.37,True,False,0
pay_5c25fc66526c4c,fraud,electronics,79,1,27244.83,True,False,0
pay_b365c1edd2f34d,not_received,electronics,669,0,25941.59,True,False,0
pay_593cc46223a848,not_received,digital_services,100,0,2536.08,True,False,0
pay_1bb67b2bfde843,fraud,digital_services,12,6,3462.9,False,True,1
pay_1258b2cf3bfd4c,not_received,electronics,1036,0,35293.06,True,False,0
pay_4c667a13007243,not_received,electronics,7,5,22542.45,False,False,0
pay_27845eb36cc946,damaged,electronics,1464,0,17457.33,False,False,0
pay_472094a6d77144,fraud,apparel,1165,0,3504.49,True,False,0
pay_425f040364eb46,fraud,electronics,11,6,31516.68,False,True,0
pay_872c7bfe3a8643,damaged,apparel,102,0,1118.47,True,False,0
pay_33f26836849540,not_received,digital_services,1,2,3937.54,False,False,0
pay_1962e4706d5541,damaged,digital_services,1252,0,3652.66,True,False,0
pay_d73eea2672d945,fraud,electronics,1485,0,23217.56,True,False,0
pay_837aca60df474b,not_received,digital_services,1079,0,3925.36,False,False,0
pay_bee6cd229bdc49,not_received,apparel,498,1,3574.12,False,False,0
pay_f52dd93226c14c,fraud,electronics,402,0,30009.18,True,False,0
pay_1fb6bceac2b347,not_received,apparel,141,0,2869.1,True,False,0
pay_0eae6bec974343,not_received,apparel,125,2,2708.69,True,False,0
pay_050326897e7b46,fraud,digital_services,1338,0,961.83,True,False,0
pay_d7e014a334984f,fraud,electronics,640,0,19481.47,True,False,0
pay_7fc33786749b48,not_received,electronics,853,0,27268.66,True,False,0
pay_c3e00d04abe849,not_received,apparel,780,0,3367.03,True,False,0
pay_fec1e10c6d5149,damaged,digital_services,1367,0,2350.48,True,True,1
pay_98da2707e56144,fraud,digital_services,1377,0,3470.12,True,False,0
pay_02c08b47024f49,fraud,electronics,8,6,24794.86,False,False,0
pay_dfb2f9bf8ccc43,damaged,electronics,60,0,25184.88,True,False,0
pay_c035e0e771fc45,damaged,digital_services,1151,2,3140.56,True,True,1
pay_c52f945d8df044,fraud,apparel,2,4,2345.0,False,True,1
pay_6253a34035c04d,not_received,digital_services,203,0,3052.3,True,False,0
pay_689f852f5a874e,fraud,digital_services,6,3,1677.74,False,True,1
pay_9ce7dd7a1dda48,fraud,electronics,1087,0,24438.45,True,False,0
pay_3d2d8160254349,fraud,apparel,1340,0,5118.55,True,False,0
pay_c8f6aa7e4af140,fraud,electronics,915,0,33234.75,False,False,0
pay_8c3ce4dcb13f45,damaged,digital_services,858,0,1923.96,True,False,0
pay_3cc95af32eb042,not_received,apparel,888,1,3777.89,True,False,0
pay_bede62e12c224b,damaged,digital_services,504,0,4472.31,True,False,0
pay_6075333f2b2c4f,not_received,digital_services,219,0,1786.09,False,False,0
pay_15f9a5a714b748,not_received,electronics,684,2,21661.14,True,False,0
pay_81325f276e9d42,not_received,electronics,56,0,24436.54,True,False,0
pay_258211d9120a4c,damaged,apparel,1,3,2233.04,False,True,1
pay_92aa2b3879d149,not_received,digital_services,861,0,2434.35,True,False,0
pay_281dbabf331847,not_received,digital_services,708,1,4088.18,True,False,0
pay_3e85d1ffea3b4c,damaged,digital_services,670,0,2411.6,True,False,0
pay_4204d2b8b5cf4e,fraud,apparel,760,0,3106.25,True,False,0
pay_8b8ba89d14384d,not_received,electronics,998,0,30948.4,True,False,0
pay_a7cda9d6bf854d,damaged,electronics,1403,0,19072.69,True,False,0
pay_15bc28c3e03343,damaged,electronics,617,1,25812.4,True,False,0
pay_5b63fbcf671f46,fraud,apparel,550,0,4388.9,True,False,0
pay_9bc55f3135ea42,not_received,digital_services,1340,2,4077.51,True,False,0
pay_5e28a9d3f15048,not_received,electronics,10,4,22043.65,False,True,1
pay_37dcb89d7f7d46,fraud,digital_services,197,0,3405.73,False,True,0
pay_7b9c8cf497384a,not_received,electronics,6,6,18740.23,False,False,0
pay_ce4ed86b331443,fraud,electronics,541,0,18174.44,True,False,0
pay_0917c533159c43,fraud,apparel,2,6,2790.6,False,True,0
pay_d8855d432f0e42,not_received,apparel,528,0,3886.94,True,False,0
pay_147f34d5b7a049,not_received,digital_services,11,3,2235.52,False,True,1
pay_38431875478d47,not_received,apparel,964,0,2978.73,True,False,0
pay_e59d5a8619fe4a,not_received,electronics,1050,2,23932.01,True,True,1
pay_69f2665ec9714c,fraud,digital_services,390,0,4618.36,True,True,1
pay_668cf6e9758e4a,fraud,digital_services,3,6,3067.08,False,True,0
pay_47ad0261a5674a,fraud,apparel,1290,0,3191.69,True,False,0
pay_b502fe31afd44c,fraud,electronics,9,2,22153.95,False,False,0
pay_9f5663cc4f514b,not_received,electronics,13,6,20707.35,False,True,0
pay_7c81df0a728d41,not_received,electronics,1088,0,25075.0,False,False,0
pay_e58c590edbab48,fraud,electronics,770,0,18658.57,True,False,0
pay_15fa1e0f0cd140,fraud,digital_services,824,1,2897.15,True,False,0
pay_98b5b4e1b9624f,not_received,electronics,1402,0,33035.66,True,False,0
pay_d32060a108894d,fraud,apparel,1382,0,2975.48,True,False,0
pay_514a58e8ad8f4c,damaged,apparel,159,0,2604.0,True,False,0
pay_ec6112536bfe4e,not_received,digital_services,435,0,3245.78,True,False,0
pay_317854c90cdc4f,fraud,electronics,1114,0,22553.2,True,False,0
pay_cb3b2c70ad7e4c,fraud,apparel,5,2,2382.19,False,False,0
pay_9e9497fec8d741,not_received,electronics,1311,0,23323.18,False,False,0
pay_46de4e39a4fb48,fraud,electronics,12,3,24901.03,False,True,1
pay_aa55d85273744a,fraud,electronics,771,0,26578.31,True,False,0
pay_7abef0b64c5945,fraud,apparel,8,4,2401.72,False,True,1
pay_42ef073e928547,not_received,electronics,1,2,30231.19,False,True,0
pay_c393668119ba4f,not_received,apparel,723,0,2198.09,True,False,0
pay_6467ad20e7be4a,fraud,electronics,3,3,12846.37,False,True,1
pay_f9b09fbc46bd47,not_received,digital_services,574,0,1927.46,True,False,0
pay_fa4db6c7cada4c,not_received,apparel,1476,2,3397.58,True,False,0
pay_f6ae2586ac3a43,not_received,digital_services,1032,0,4759.15,False,False,0
pay_0985a2825be04d,fraud,electronics,141,0,22543.96,True,False,0
pay_7650b500517440,not_received,digital_services,398,0,3397.86,True,False,0
pay_b91c8049209f42,damaged,apparel,182,0,3790.05,True,False,0
pay_727df34e024a40,fraud,electronics,343,2,17698.37,True,False,0
pay_a051c6e5194f46,fraud,apparel,875,2,2256.36,True,False,0
pay_c98f779f2e904a,fraud,apparel,893,0,2665.97,True,False,0
pay_b16e08d1306244,fraud,digital_services,459,0,1863.68,True,False,0
pay_f58adeaa2dba4f,fraud,apparel,893,0,1800.94,True,False,0
pay_1e4acd73532a49,damaged,electronics,163,0,21123.58,True,False,0
pay_108a6980f1a741,damaged,electronics,379,0,26166.22,True,False,0
pay_0becd443974c4e,fraud,apparel,1087,0,4069.9,True,False,0
pay_2783a1fe7c7d4e,not_received,electronics,681,0,24278.59,True,False,0
pay_8e481122d6994b,not_received,apparel,1357,0,1735.07,True,False,0
pay_5d92e19fed184d,not_received,apparel,771,0,2556.45,True,False,0
pay_94c49199c8564a,not_received,digital_services,587,0,3404.4,True,False,0
pay_bafeacd0ee3b46,fraud,apparel,836,0,3090.36,True,False,0
pay_40aaeeda5e4841,not_received,apparel,1112,0,3119.2,True,True,1
pay_454b5a2e7ebb4b,not_received,electronics,790,0,21806.04,False,False,0
pay_8c6a08ad9e5c43,not_received,electronics,1002,0,23896.04,True,False,0
pay_583f898b2ef04a,not_received,digital_services,912,2,3428.41,True,False,0
pay_eb3ecc8615fa49,fraud,digital_services,490,0,2096.45,True,False,0
pay_dadd5a62e23c44,fraud,apparel,1410,0,2524.64,True,False,0
pay_3f0f7fcf99684a,damaged,digital_services,139,0,2974.37,True,False,0
pay_d0b723f84ef847,not_received,apparel,932,0,5289.62,True,True,1
pay_05e0dfdb926549,damaged,digital_services,894,0,2759.41,True,False,0
pay_23b1b40db5954c,fraud,electronics,1,4,28453.76,False,True,0
pay_d250afc858f846,not_received,apparel,818,1,2167.36,True,False,0
pay_5fee9bf7c1b642,not_received,apparel,340,0,5082.08,True,False,0
pay_9fae0947ae1243,damaged,apparel,140,0,3217.38,True,False,0
pay_504866324eec45,fraud,electronics,326,0,28945.69,True,False,0
pay_7e8a9ea6339049,fraud,apparel,132,0,574.37,True,False,0
pay_cc8b4c2042e140,not_received,apparel,582,0,2899.96,False,False,0
pay_4ac78cadd2d14d,damaged,electronics,474,1,27609.51,True,False,0
pay_e3406c67bb1d4d,damaged,apparel,1026,0,4030.88,True,False,0
pay_41fb4351349b48,damaged,apparel,1487,1,3049.87,True,False,0
pay_aedc09bcd4144a,damaged,digital_services,599,0,1889.4,True,False,0
pay_a2a33c1f36a64a,fraud,apparel,935,0,3606.46,True,False,0
pay_1b1764d907d348,fraud,electronics,1403,1,25586.4,False,False,0
pay_8e6a18fb5aaf4d,fraud,apparel,143,0,3384.98,True,False,0
pay_a0cb402c262645,fraud,electronics,7,6,21107.99,False,True,0
pay_2517ef2d3d2c47,damaged,apparel,748,0,892.12,True,False,1
pay_f805e4a504c84d,damaged,electronics,833,0,23340.56,True,False,0
pay_4ffea5f192ab44,fraud,electronics,222,1,22519.94,True,False,0
pay_80211bebff1947,not_received,electronics,10,3,27381.34,False,True,1
pay_24b75176d21e41,damaged,electronics,919,1,28611.41,False,False,0
pay_06af51edfd4940,not_received,digital_services,1303,0,3528.01,True,False,0
pay_9628cf00b76d49,fraud,digital_services,8,3,1774.59,False,True,0
pay_558fce38ed1a49,not_received,apparel,1062,0,5162.63,True,True,1
pay_4ac639419d674a,fraud,electronics,716,0,23174.15,False,False,0
pay_82fa28e1341f4c,not_received,digital_services,519,0,1895.09,True,False,0
pay_bb5711afbb7b4d,not_received,digital_services,757,0,2319.59,False,False,0
pay_a9403dfbccdf4c,fraud,digital_services,5,5,2488.46,False,True,1
pay_4e2cd0c0a2c041,damaged,apparel,5,3,3059.71,False,False,0
pay_1f02109e16f541,not_received,electronics,993,0,27331.95,True,False,0
pay_8995fe45e93d45,not_received,electronics,1144,0,33407.76,True,False,0
pay_35ee66bab23146,damaged,digital_services,236,0,4118.21,True,False,0
pay_7c47e54e501f45,fraud,digital_services,108,2,5627.27,True,False,0
pay_2aa280cd41f440,fraud,apparel,982,0,3084.79,False,False,0
pay_2beb143f081149,damaged,electronics,3,2,27691.16,False,True,1
pay_06eefd2aca694b,fraud,apparel,316,0,2840.54,True,False,0
pay_8b0dce68c6f549,not_received,digital_services,1166,0,3012.5,False,False,0
pay_1138742c2fcb43,fraud,apparel,3,4,1515.16,False,True,0
pay_632b91f231d247,fraud,apparel,1499,0,2419.56,False,False,0
pay_5affad5a582241,not_received,electronics,12,6,23733.56,False,False,0
pay_77d8d1f5e4b34a,fraud,electronics,807,0,20245.33,True,True,1
pay_6f052d39bf2641,not_received,apparel,2,3,3020.52,False,True,0
pay_d8ef858911334c,not_received,digital_services,817,0,2466.28,True,False,0
pay_3d38e576b3024a,damaged,electronics,6,2,29671.58,False,True,1
pay_aa7a8770d0d94d,not_received,electronics,1460,0,24349.04,True,False,0
pay_78efe2830cb644,fraud,apparel,5,2,2250.53,False,True,1
pay_e014748b637146,damaged,electronics,7,2,16976.54,False,True,0
pay_b27b1103ba974d,not_received,apparel,352,0,2984.71,True,False,0
pay_b6b5c5f91b4644,not_received,apparel,224,0,3838.81,True,False,0
pay_887128e5ea0441,damaged,apparel,55,0,3551.2,True,False,0
pay_2276a6b1ecca4f,not_received,digital_services,300,0,4387.79,True,False,0
pay_504f03d71aa64e,not_received,electronics,863,0,27529.57,True,False,0
pay_a6e34c15139a4f,not_received,apparel,1492,0,3875.0,True,False,0
pay_f3f3f02daadf41,fraud,electronics,169,0,18125.6,True,False,0
pay_06fb75b408a64e,fraud,digital_services,1107,0,3496.3,True,False,0
pay_abc30587021448,not_received,digital_services,1404,0,3296.85,True,False,0
pay_de11bf48178548,fraud,electronics,1021,1,32415.95,True,False,0
pay_d40deb8096ec4f,fraud,electronics,868,0,27187.39,True,False,0
pay_1dd0df50680140,fraud,electronics,1100,0,26910.15,True,False,0
pay_6def285232a741,not_received,apparel,573,0,2061.22,True,False,0
pay_75e3992a1e3741,fraud,electronics,310,0,18237.38,True,False,0
pay_adfb58649f304d,not_received,apparel,2,5,1584.07,False,True,1
pay_a44e6a681f584b,fraud,apparel,783,0,2083.24,False,False,0
pay_a84ec1368cb548,not_received,apparel,8,2,2594.27,False,False,0
pay_17225764d7a541,not_received,digital_services,915,1,2967.16,True,False,0
pay_35798e4ba49944,not_received,electronics,856,0,19035.01,True,False,0
pay_9ae2aae1250441,fraud,digital_services,1004,0,3762.16,True,False,0
pay_9fbd447e285b47,damaged,electronics,988,0,26508.86,True,False,0
pay_1154070d78964f,damaged,electronics,816,0,29593.51,True,False,0
pay_c09b19ed845649,damaged,apparel,13,5,4075.12,True,True,1
pay_fdfff7934a8d46,damaged,apparel,497,0,2203.58,True,False,0
pay_75224c5d506b46,not_received,electronics,8,6,23068.01,False,True,1
pay_693172a6e62d48,not_received,apparel,567,0,3124.39,True,False,0
pay_89931e5a691540,not_received,electronics,338,0,28819.96,False,False,0
pay_6f909272edee4c,not_received,digital_services,1444,0,2891.05,False,False,0
pay_8da41c28a1d74d,damaged,apparel,807,0,2922.14,True,False,0
pay_ddbf8095016c4c,not_received,apparel,870,0,4464.29,True,False,0
pay_3ac98d4ac8f04d,damaged,digital_services,33,0,2123.86,False,False,0
pay_32c416865dbe4a,fraud,apparel,1171,1,3092.54,True,False,0
pay_904fe49c92a745,damaged,apparel,564,2,4227.27,True,False,0
pay_450328e1f91447,not_received,apparel,2,3,2825.33,False,True,0
pay_10174a18dd994b,not_received,apparel,10,5,3286.37,False,True,0
pay_d4432558544947,fraud,electronics,1147,2,25008.74,True,False,0
pay_bc9a0af5976541,not_received,electronics,1426,0,24048.47,True,False,0
pay_a50122cacd9f44,damaged,electronics,768,0,26780.19,False,False,0
pay_75b93a06f89140,fraud,apparel,400,0,3652.15,True,False,0
pay_e55783d51fc04b,not_received,electronics,464,0,28928.66,True,False,0
pay_e1b68dfb64944e,fraud,electronics,9,4,26583.73,True,True,1
pay_f859bb475fe140,damaged,electronics,1,6,24399.08,False,True,1
pay_7ffd9530f0cf47,not_received,apparel,1329,0,2268.34,True,False,0
pay_d66b101ee1254b,fraud,apparel,521,0,2658.72,True,False,0
pay_cec87a082a0e4c,fraud,apparel,774,0,1740.54,True,False,0
pay_3b0d8c149af546,not_received,electronics,1430,0,34200.07,True,False,0
pay_6ef14adc55a64d,fraud,digital_services,682,0,5098.17,True,False,0
pay_6f9ef63b5d734a,not_received,apparel,920,1,2992.73,False,False,0
pay_2c0eb43286b64b,damaged,apparel,8,5,3830.73,False,True,1
pay_9a6f32fbec764f,damaged,digital_services,1476,0,1551.21,False,True,1
pay_fdb5a177f48546,fraud,digital_services,2,3,2951.91,False,True,1
pay_5164d6dea5294c,damaged,apparel,858,0,2857.24,True,False,0
pay_c9caeffce37844,not_received,digital_services,560,2,2040.14,True,False,0
pay_da5b3d78353e4f,fraud,apparel,12,2,2869.32,False,True,0
pay_ea497e7b33324b,fraud,electronics,831,0,33315.06,True,True,1
pay_18e4bcdc44e749,fraud,electronics,1477,0,21831.48,True,False,0
pay_c9e96ca3510b4f,damaged,apparel,1313,0,4370.75,False,False,0
pay_e3de8ef4827f42,fraud,apparel,682,0,1372.82,True,False,0
pay_a2b1a626306248,fraud,apparel,13,4,2221.34,False,True,1
pay_9bbb72724ee049,not_received,digital_services,7,4,1286.15,False,True,1
pay_46f8bdd2e41847,not_received,apparel,1167,0,2473.52,True,False,0
pay_75fa60d5595346,not_received,electronics,736,0,30960.34,True,False,0
pay_97b46f9f014848,not_received,electronics,168,0,29539.62,False,False,0
pay_0a8dfc65e9d04a,fraud,digital_services,706,0,2402.9,True,False,0
pay_905fec1bd8954b,damaged,digital_services,1116,1,3095.36,False,False,0
pay_d4665d0017cb44,fraud,apparel,1165,0,2015.05,True,False,0
pay_8849cc8c1a6c40,not_received,digital_services,177,0,3270.14,True,False,0
pay_d7aa2387186447,not_received,digital_services,1407,0,2999.22,True,False,0
pay_9481275f927849,fraud,digital_services,1114,0,4857.6,True,False,0
pay_91be608d09a947,damaged,electronics,677,0,22460.87,True,False,0
pay_3be12e1de35444,not_received,apparel,711,2,3102.68,True,False,0
pay_9b15938ef7eb43,fraud,electronics,601,0,23509.63,False,False,0
pay_3b210441463140,damaged,digital_services,11,2,3291.58,False,True,0
pay_a724742470fe4a,not_received,digital_services,1,5,2791.55,False,True,1
pay_0378f0051b584c,not_received,apparel,340,0,3528.86,True,False,0
pay_bfc63937087b48,not_received,apparel,107,0,2240.6,True,False,0
pay_893b8adbaee248,damaged,apparel,1046,0,2634.76,True,False,0
pay_de2ba88947cf4a,fraud,apparel,3,4,3654.24,True,True,1
pay_d544d364ac5d4e,fraud,electronics,6,4,29020.89,False,False,0
pay_feb7d06f6e4640,not_received,apparel,7,2,6227.25,False,True,0
pay_11d8bee48bc544,fraud,electronics,1320,0,17854.98,True,False,0
pay_35036413112b42,not_received,digital_services,1117,0,3896.62,True,False,0
pay_9a9530d7a35649,fraud,apparel,555,0,2800.82,True,False,0
pay_9e34640fb5a04a,fraud,digital_services,5,4,359.22,False,True,1
pay_a9963ea1dda947,fraud,apparel,1363,0,2107.49,True,False,0
pay_7783868f699140,not_received,electronics,936,0,14798.56,True,False,0
pay_b34e6f251f6b4d,damaged,electronics,703,0,18287.2,True,False,0
pay_4de5b010c4a046,fraud,digital_services,1263,0,3471.37,True,False,0
pay_8d5c768a23474b,not_received,apparel,3,6,3426.21,False,True,0
pay_d80e7b82090842,fraud,electronics,480,0,21428.11,False,False,0
pay_4992f3572e3a41,not_received,electronics,851,0,19809.97,True,True,1
pay_d0f5ce8e236446,fraud,apparel,1330,0,1292.27,True,False,0
pay_1396ba0cbea54c,not_received,electronics,752,0,25510.5,True,False,0
pay_21cfb00955da46,not_received,electronics,447,0,29841.42,True,False,0
pay_585aa183267545,damaged,apparel,759,0,2389.83,True,False,0
pay_c2d0b219894c4d,fraud,apparel,1262,0,1517.27,True,False,0
pay_cc5b9de7fd8a46,not_received,apparel,689,0,3995.14,True,False,0
pay_d479df72628b47,not_received,digital_services,1261,0,3639.2,True,False,0
pay_2bf79717743646,damaged,apparel,213,0,1864.45,False,True,1
pay_88acd83f086746,fraud,digital_services,1400,2,3754.78,False,False,0
pay_dfc5eb070d7c44,fraud,electronics,1456,0,28557.09,True,False,0
pay_7c472e730a124c,damaged,electronics,1440,0,26011.16,True,False,0
pay_1973ab05da4541,fraud,electronics,1,3,29295.57,False,True,0
pay_939f330421b344,fraud,electronics,150,0,21300.3,True,False,0
pay_8abbc3343ce04d,fraud,digital_services,938,0,5060.95,True,False,0
pay_90e87c4ece3447,damaged,digital_services,1130,0,427.54,True,False,0
pay_ea308f75699644,fraud,apparel,439,1,2750.6,True,False,0
pay_f334ea65ec4f4d,damaged,apparel,13,6,1890.05,False,True,1
pay_c6a9037693de4b,not_received,apparel,6,4,3267.77,False,True,1
pay_16673498dae940,fraud,apparel,619,0,3625.51,False,True,0
pay_af8c77527a0f48,not_received,electronics,960,1,22607.09,True,False,0
pay_f36f94a0877c4e,fraud,apparel,423,0,1925.63,True,False,0
pay_faf9cbb7b8b843,not_received,apparel,806,0,2746.98,True,False,0
pay_b61f35af3cad46,not_received,electronics,1427,0,28398.18,True,False,0
pay_5349fec4ad5247,not_received,electronics,1047,1,21668.62,True,False,0
pay_57af5bdc941c48,fraud,electronics,680,1,17695.33,True,False,0
pay_a83564f896c34e,not_received,apparel,725,0,1961.94,True,False,0
pay_59bf24db556745,damaged,electronics,5,4,29553.48,False,True,1
pay_ddd3fdd7dda749,not_received,apparel,3,6,2216.18,False,True,0
pay_0201245599cf49,damaged,apparel,392,0,3549.65,True,False,0
pay_74e4b2cdae1645,fraud,electronics,1169,0,21715.48,True,False,1
pay_13ba760a5c8545,damaged,digital_services,1394,0,4855.64,True,True,1
pay_f5c134447b9b4e,fraud,apparel,1385,0,2706.83,True,False,0
pay_37990dbc5a9747,fraud,electronics,855,0,28716.41,True,False,0
pay_6c3c3446d2a347,damaged,digital_services,543,1,2130.46,True,False,0
pay_95d90d5be9c44a,damaged,electronics,1445,0,31642.2,True,False,0
pay_73291a59b6af41,not_received,digital_services,8,5,4312.21,False,False,0
pay_e0b00b0157a94b,fraud,apparel,1411,0,1942.77,True,False,0
pay_5edcbe02ed2d41,fraud,electronics,111,0,27787.59,True,False,0
pay_88c16ccf4e944e,not_received,apparel,867,0,3913.67,True,False,0
pay_ac81344cff204c,damaged,electronics,2,4,30820.55,False,True,1
pay_4f431ee978be4d,fraud,electronics,985,0,22637.05,True,False,0
pay_a832a7a3e8c947,damaged,electronics,673,0,27242.04,True,False,0
pay_5379edca858f4e,fraud,electronics,1002,0,25177.59,False,False,0
pay_139b5562e58143,damaged,apparel,7,3,3696.73,False,True,1
pay_2fc1000974b449,damaged,digital_services,1037,0,3327.17,True,False,0
pay_40306085acb340,not_received,digital_services,423,0,2733.53,True,False,0
pay_f8e75e34f2e94e,fraud,electronics,195,0,21985.46,True,False,0
pay_fbd4f9e4ea234b,damaged,apparel,1482,0,4853.69,True,False,0
pay_caf251cac40043,not_received,electronics,1321,0,23911.63,True,False,0
pay_a0eee9cfbe504a,not_received,apparel,160,0,1505.37,True,False,0
pay_8f9959154af84f,not_received,digital_services,495,0,4220.05,True,False,0
pay_fb9b135e984541,fraud,electronics,6,4,28793.0,True,True,1
pay_9cac2c1fedd240,damaged,digital_services,851,0,2956.03,True,False,0
pay_a060923fbda049,fraud,digital_services,1499,2,2374.64,False,False,0
pay_b3024b9deb6140,damaged,apparel,379,2,3144.17,True,False,0
pay_4bbfb36539274a,fraud,apparel,1398,0,100.0,True,False,0
pay_aa9736d83d694b,not_received,apparel,158,0,2767.16,False,False,0
pay_f127bf907d484b,fraud,digital_services,739,2,1763.14,True,False,0
pay_c84a50238f0d4b,fraud,apparel,10,3,3276.36,False,True,0
pay_21affc78a5ba46,fraud,electronics,130,1,16103.15,True,False,0
pay_4ee011fd65af4d,not_received,apparel,575,0,3687.79,True,False,0
pay_ecf232ab5df149,not_received,electronics,981,0,20792.27,True,False,0
pay_690f5ae6a4b44e,damaged,digital_services,6,5,3401.04,False,True,1
pay_2eb23197a92c42,fraud,digital_services,838,0,3551.25,False,False,0
pay_e0b2ddafd8b74b,not_received,apparel,4,6,3024.54,False,False,0
pay_87f3e84391034f,not_received,apparel,902,1,2825.18,False,False,0
pay_273e45f9f44044,fraud,digital_services,13,2,4657.24,False,True,0
pay_ae9f03c4f0914d,not_received,electronics,163,0,28823.68,False,False,0
pay_a5617ca8c2444c,not_received,apparel,252,0,4448.81,False,False,0
pay_b746a46fe55e4d,fraud,apparel,1257,0,3104.81,True,False,0
pay_16d7b0cdd7f74a,fraud,apparel,12,3,2280.03,False,True,0
pay_545ebf54f12c4f,not_received,electronics,64,0,24201.01,True,False,0
pay_9155e2e08cf94a,fraud,apparel,628,0,4164.3,True,False,0
pay_1e905bdce68c42,not_received,apparel,2,4,3930.56,False,False,0
pay_548fab94d2564f,damaged,electronics,1264,0,29570.22,True,False,0
pay_88794aaa26724b,not_received,electronics,790,1,32485.77,True,False,0
pay_34d1cfd5500d4a,not_received,electronics,1315,0,30668.89,True,False,0
pay_67f30d6e76af49,fraud,electronics,287,0,29030.14,True,False,0
pay_abfd86293e3e47,damaged,apparel,7,6,3161.87,False,True,1
pay_005080fa02ad4b,fraud,apparel,404,1,3031.25,False,False,0
pay_35bdd5ba39be4f,not_received,electronics,212,0,25109.95,True,False,0
pay_0b2fc53bf1cb45,damaged,apparel,1226,0,2661.85,True,False,0
pay_a78f29ae624041,not_received,apparel,911,0,4699.31,True,True,1
pay_d0502786875241,not_received,electronics,2,3,23436.1,False,True,0
pay_6248612bcb9a49,not_received,apparel,307,0,4242.58,True,False,0
pay_1b2ee90454904e,fraud,apparel,193,0,1456.41,True,False,0
pay_d4cf9926e20a43,not_received,electronics,543,0,17940.4,True,False,0
pay_e925d30f915e42,fraud,electronics,942,0,24043.79,True,False,0
pay_ba294d55be864f,not_received,digital_services,972,0,2868.7,True,False,0
pay_342d241e26f247,fraud,apparel,552,0,3010.26,True,False,0
pay_1dc9040d444545,damaged,apparel,179,0,3027.05,False,True,1
pay_02ea9d65392646,fraud,apparel,402,1,2500.32,True,True,1
pay_3382d297c6d348,not_received,digital_services,10,2,2520.56,False,True,1
pay_0403b56bfcba47,not_received,digital_services,1055,0,2602.67,True,False,0
pay_dd28985eac974b,not_received,electronics,611,0,30411.81,True,False,0
pay_1fa2422dbb4c45,fraud,apparel,898,0,3424.03,True,False,0
pay_5b0c45a1963a40,not_received,apparel,458,0,2617.82,True,False,0
pay_70a68b2dad4d4f,fraud,electronics,1064,0,29295.61,True,False,0
pay_b6f736137d4243,not_received,digital_services,711,0,4082.93,False,False,0
pay_64e9bc3be89745,fraud,apparel,338,0,4550.45,True,False,0
pay_a5e6ffdff91a4a,not_received,electronics,243,0,28655.87,True,False,0
pay_7eb9310908f34c,fraud,digital_services,194,2,3159.99,True,False,0
pay_5ddb4b8fa9c647,damaged,electronics,1078,0,23114.49,True,False,0
pay_31a4e322bf4449,not_received,electronics,483,0,24777.9,False,False,0
pay_ff2425260fa94a,fraud,apparel,870,0,3573.6,True,False,0
pay_8e3384e997464c,not_received,electronics,1376,0,26615.59,True,False,0
pay_025021f6b4fd44,damaged,apparel,1172,0,1860.97,True,False,0
pay_7d64eb20195243,fraud,electronics,1109,0,23898.6,True,False,0
pay_b3a60754cf6045,not_received,electronics,1335,0,35860.3,True,False,0
pay_bcec2b966afe43,not_received,electronics,1248,0,27978.81,True,False,0
pay_a81af7284ef043,fraud,apparel,826,0,3952.39,True,False,0
pay_7e4f31bd895443,damaged,electronics,1,2,31540.07,False,True,1
pay_92acc169a1a140,fraud,apparel,1,4,4017.64,False,True,1
pay_0340ec25799547,fraud,digital_services,9,5,2357.36,False,False,0
pay_b00d61865d0041,damaged,digital_services,988,0,4030.39,False,False,0
pay_2051dc44f1fe41,not_received,apparel,194,0,4660.29,False,False,0
pay_f865da1a088c4d,damaged,apparel,1379,2,4155.64,True,False,0
pay_037681f2be2043,not_received,apparel,1054,0,2650.28,True,False,0
pay_599cf3c4c6e247,not_received,apparel,9,6,896.91,True,True,1
pay_3004d9be21444e,damaged,digital_services,5,3,2907.85,False,False,0
pay_722463b2da5e4b,fraud,digital_services,452,0,2386.08,True,False,0
pay_12e719acf21f47,not_received,digital_services,1330,0,4702.54,False,False,0
pay_7993ceebb4bd45,not_received,digital_services,1465,2,2647.4,True,False,0
pay_b6f2bde719474a,fraud,electronics,860,0,29737.18,True,False,0
pay_ac4ac7fc224d49,not_received,apparel,1234,0,3779.54,True,True,1
pay_3c02e80fd3f045,fraud,digital_services,894,0,2367.58,True,False,0
pay_e0711fb9951f49,not_received,digital_services,732,0,4127.79,True,False,0
pay_ba5ca44f346d44,not_received,digital_services,589,0,2698.04,False,False,0
pay_1bb0b68e2e0d4c,damaged,apparel,330,0,3218.4,True,False,0
pay_92feda77618341,fraud,apparel,192,0,3851.2,True,False,0
pay_cc85cbd4572447,not_received,electronics,1057,0,17171.82,True,False,0
pay_22fdbc8a0f3845,fraud,apparel,1401,0,2634.48,True,True,1
pay_74bb7e42f1e546,not_received,apparel,267,0,1870.81,True,False,0
pay_65a91b59c9ad49,not_received,digital_services,4,4,1076.55,False,True,0
pay_1d3d96a1e9bd44,not_received,digital_services,656,0,2450.48,True,False,0
pay_a65b0edc77e24f,damaged,apparel,1065,0,3770.06,False,True,1
pay_f1fe92958f2844,damaged,electronics,5,5,31017.62,False,True,1
pay_e15d9285b8f94f,fraud,apparel,1272,0,2954.28,True,False,0
pay_93bf2cd476c144,fraud,apparel,681,0,1495.73,True,False,0
pay_c75aafc17b1d4f,not_received,electronics,483,0,20847.94,True,False,0
pay_daaa2b52cd5a4e,not_received,electronics,117,0,19282.21,False,False,0
pay_2eb1d92ab0eb40,fraud,digital_services,110,0,2548.47,True,False,0
pay_d26aba00667e48,not_received,electronics,1216,0,19189.08,False,False,0
pay_77bf135912504a,not_received,electronics,2,4,25819.97,False,True,1
pay_1439b0f2902c42,fraud,apparel,870,0,2342.55,True,False,0
pay_a788fa36fd7543,damaged,digital_services,45,1,2761.51,False,False,0
pay_2236289cbefb44,not_received,digital_services,4,2,3777.09,False,True,0
pay_c5f2eff151ef41,fraud,digital_services,1340,0,2171.67,True,False,0
pay_8a08a5722c6c4e,fraud,apparel,12,4,2927.49,False,True,1
pay_c550efee4b7d46,damaged,apparel,839,0,1396.15,True,False,0
pay_c878ad484d6341,damaged,digital_services,1425,2,3356.08,True,False,0
pay_2e9ddb5150ce48,not_received,apparel,1239,0,2136.49,False,False,0
pay_897bfe4dcfb243,fraud,electronics,369,0,19709.25,True,False,0
pay_d4dbe5557fdc48,damaged,apparel,143,0,4843.87,False,False,0
pay_19108a0c439843,not_received,digital_services,84,0,2682.48,True,False,0
pay_4d63b10c40fa46,damaged,digital_services,1039,0,2943.93,True,False,0
pay_5064e0c28a5d4a,not_received,electronics,558,0,22609.28,True,False,0
pay_a51517cd08db47,fraud,apparel,1053,0,3176.44,True,False,0
pay_3eb4c33efd274d,not_received,digital_services,1099,0,3186.72,True,False,0
pay_9f7c4fe2a7e847,fraud,electronics,191,0,33485.99,True,False,0
pay_3eb67e1e1c1448,fraud,apparel,323,0,4227.08,False,False,0
pay_d43ef315b13343,not_received,apparel,475,0,2810.21,True,False,0
pay_eeb300f3ae9341,damaged,electronics,285,0,21217.79,True,False,0
pay_f5e9a232c37442,not_received,apparel,4,6,2588.01,False,True,0
pay_16184aac8a5741,not_received,apparel,167,0,2641.83,True,False,0
pay_0605bc010ff546,fraud,apparel,2,2,3084.0,False,False,0
pay_c1ae25efefcf44,fraud,digital_services,1276,0,2439.97,True,False,0
pay_8f341f0b2c6943,fraud,apparel,705,0,2392.92,False,False,0
pay_419017c1bfbd49,not_received,digital_services,389,1,2837.03,True,False,0
pay_8fc12c89f01149,not_received,apparel,4,3,3728.2,False,True,1
pay_516fe5878b8947,fraud,electronics,873,0,26121.68,True,True,1
pay_67737c5101234a,damaged,apparel,1347,1,2362.55,False,False,0
pay_72eefef905134d,fraud,apparel,1147,0,1573.83,True,False,0
pay_342bbfb93e5747,damaged,electronics,1263,1,18989.95,False,False,0
pay_8846f783ceab40,not_received,electronics,362,0,22889.2,True,False,0
pay_8f99b5a76c2846,fraud,digital_services,608,0,2837.81,True,False,0
pay_97bf2484812745,not_received,apparel,13,6,3054.28,False,True,0
pay_a31db9b1892d4b,not_received,electronics,297,0,31647.95,True,False,0
pay_1413eeed59ba41,not_received,electronics,4,4,10763.63,False,True,1
pay_453fdb916e9f4e,not_received,electronics,424,0,26502.9,False,False,0
pay_48d7ec7080c145,fraud,apparel,424,0,3655.55,True,False,0
pay_79fc5c4551fd4d,not_received,electronics,982,0,16251.16,False,False,0
pay_c6e0f1d78bb442,damaged,electronics,12,3,30606.88,False,False,0
pay_32a71ccfabe14c,fraud,electronics,946,0,29821.01,True,False,0
pay_39a2fdb9d6ba49,fraud,apparel,1076,0,4315.86,True,False,1
pay_6041313a06084d,damaged,electronics,346,0,29260.24,True,False,0
pay_566f485551fd4f,fraud,electronics,972,0,22400.58,True,False,0
pay_eb99b2d1808145,not_received,electronics,622,0,19120.37,True,False,0
pay_fdc847936f8242,not_received,electronics,606,0,40273.99,True,False,0
pay_29622b4f460848,not_received,electronics,2,2,24146.46,False,True,1
pay_d20a5df2acf541,not_received,apparel,427,0,2708.52,True,False,0
pay_77ec7df4e75846,fraud,apparel,222,0,2137.95,False,False,0
pay_46af5cb6212047,fraud,electronics,335,0,27056.29,True,False,0
pay_cd21d60ace2f4e,not_received,digital_services,486,0,1990.96,False,False,0
pay_fd5b9d2a43ca45,not_received,apparel,827,0,3229.56,True,False,0
pay_b58bb0ff681943,not_received,electronics,791,0,24465.41,True,True,1
pay_d401b059f17346,not_received,electronics,722,0,31385.25,True,False,0
pay_8ed47ebe86e04a,fraud,digital_services,243,1,2503.56,False,False,0
pay_667572cea68645,fraud,digital_services,475,1,3218.91,False,False,0
pay_2595312bf8884f,damaged,electronics,298,0,30547.56,False,False,0
pay_f94d9eb59b5545,not_received,electronics,621,1,18551.3,True,False,0
pay_b2d7363ad32142,fraud,apparel,585,0,2896.11,True,False,0
pay_fc51dd5386444f,fraud,apparel,313,0,3505.98,True,False,0
pay_785ac3924de24f,fraud,apparel,262,1,3054.0,True,False,0
pay_af045ed975cb44,fraud,apparel,536,1,2204.02,True,False,0
pay_79e6c7892b0c40,damaged,electronics,901,0,23762.68,True,False,0
pay_4d285fce4dd548,damaged,electronics,203,0,28010.86,True,False,0
pay_db55ed5c297845,damaged,apparel,774,0,2986.35,True,False,0
pay_9b7aecae75f34a,damaged,digital_services,873,0,3808.34,True,False,0
pay_6480c5a31e754c,damaged,electronics,4,6,20819.48,False,True,1
pay_985cc41f1a7442,not_received,apparel,368,0,2492.16,True,False,0
pay_a4cebd2b2ecf42,fraud,apparel,343,0,3649.88,True,False,0
pay_4557c374dfb047,not_received,electronics,153,1,25109.48,True,False,0
pay_a8035a4530dd4c,fraud,digital_services,449,0,2989.66,True,False,0
pay_801aed491a874b,fraud,apparel,1026,0,3899.38,True,False,0
pay_b92f053b347044,fraud,apparel,1348,0,3835.53,True,False,0
pay_f3b303cae5f649,not_received,apparel,1200,2,1328.7,True,False,0
pay_89d49d4d4c864f,fraud,electronics,1161,0,19511.07,True,False,0
pay_387d58fb7a2945,fraud,apparel,1016,0,1859.81,False,False,0
pay_2134acfcabe34c,not_received,apparel,1410,0,3176.46,True,False,0
pay_247862dd98514e,damaged,electronics,1104,0,25945.08,True,False,0
pay_3df5acc3221249,not_received,apparel,717,0,1843.63,True,False,0
pay_3a76bb40812c46,damaged,electronics,1457,0,26609.89,True,False,0
pay_0886a96bd20b4e,fraud,electronics,842,0,21082.81,True,False,0
pay_1e863cf6321243,fraud,apparel,439,0,3255.8,True,False,0
pay_39cef17a3c6b44,not_received,electronics,416,0,15564.72,True,False,0
pay_404f1940a32746,not_received,apparel,10,2,2590.36,False,True,0
pay_4cb9943dc5ad40,not_received,digital_services,1214,0,2479.72,False,False,0
pay_d1150a860ae740,not_received,electronics,1205,0,26975.04,True,False,0
pay_3a160f30ff0a4a,not_received,apparel,2,6,3878.52,False,True,0
pay_6f218bef524e48,damaged,apparel,947,0,3271.58,True,False,0
pay_61559d578b084f,fraud,apparel,817,0,3917.8,True,False,0
pay_2348e734ea9741,fraud,apparel,11,2,1696.52,False,True,0
pay_c1ee80a814724c,not_received,apparel,1396,0,3623.49,True,False,0
pay_f2aa4f17f83f4b,fraud,electronics,272,0,20970.13,True,False,0
pay_c2d027e446bc4a,fraud,electronics,1105,0,27613.51,False,False,0
pay_93fea6567e634d,fraud,apparel,1127,2,2030.33,True,False,0
pay_22ae8d621d834a,fraud,electronics,8,3,21708.25,False,True,1
pay_e6f47c1345be41,fraud,digital_services,763,1,5208.3,True,False,0
pay_0504e30bcc374b,fraud,apparel,1031,0,3206.03,True,False,0
pay_1652c9b0dc854f,not_received,electronics,3,6,20232.14,False,True,1
pay_f0bca87bad9847,not_received,electronics,723,0,30715.31,True,False,0
pay_9269f2ae971743,not_received,electronics,1009,0,20238.52,False,False,0
pay_49818876b48147,not_received,apparel,433,0,3148.18,False,False,0
pay_acb08e2eca1540,fraud,digital_services,102,0,2904.98,True,False,0
pay_6907c926ccb949,fraud,electronics,841,0,34560.92,False,False,0
pay_e5fc253ba69a4e,fraud,electronics,560,1,19847.43,True,False,0
pay_375ba375ad9e4b,damaged,electronics,540,0,25538.26,True,False,0
pay_499f855c7cb44e,not_received,electronics,1296,1,22098.88,True,True,1
pay_e4e04b5b1c5b48,fraud,apparel,248,0,3231.61,True,False,0
pay_58e11ba03ca841,fraud,apparel,964,0,3294.44,True,False,0
pay_57b67194b7e24e,damaged,electronics,4,4,34742.4,False,True,1
pay_fa118b25d08c48,not_received,apparel,637,0,2642.22,True,False,0
pay_c410dee6c8e343,damaged,electronics,1356,0,25585.81,True,False,0
pay_97e972c889d145,fraud,electronics,999,2,35152.77,True,False,0
pay_24bbb82be12d4b,fraud,electronics,194,0,29700.13,False,False,0
pay_8e8c24ca907345,not_received,apparel,193,1,1721.89,True,False,0
pay_d933aab3ce1443,not_received,apparel,786,0,5657.13,True,False,0
pay_06d1b4d152ee45,not_received,electronics,646,0,21059.03,False,False,0
pay_6e992ed0750142,not_received,electronics,390,0,16859.42,True,False,0
pay_7cf82006c6134e,not_received,electronics,13,3,24290.2,False,True,0
pay_925c532cb2594c,not_received,electronics,1397,1,20514.93,False,False,0
pay_872e0b2f7aa24e,fraud,apparel,5,4,3571.26,False,True,0
pay_1a6b5df09a7d42,fraud,electronics,236,0,24442.19,True,False,0
pay_48e99492680747,damaged,apparel,82,0,2069.88,True,False,0
pay_9ede1c9ef21b41,fraud,electronics,13,6,26374.34,False,True,1
pay_aa8ea1f963d643,not_received,apparel,1260,0,4050.28,True,False,0
pay_c568098c90814b,not_received,apparel,819,0,3929.41,True,False,0
pay_c52bed0f7e9e47,damaged,apparel,273,1,3031.22,True,False,0
pay_cb53c7f22fb743,not_received,electronics,1141,1,33468.13,True,False,0
pay_e501c642665c41,not_received,electronics,1335,0,26100.23,True,False,0
pay_2adb8f14567b4d,damaged,electronics,34,0,14732.28,True,False,0
pay_4fa6d1c89c2348,damaged,apparel,92,0,3174.36,True,False,0
pay_55160b68b6864e,not_received,electronics,1494,2,34578.68,True,False,0
pay_5a27fb7c2d454f,not_received,electronics,7,6,22555.96,False,False,0
pay_c17c7088165b4c,fraud,digital_services,543,0,3427.15,True,False,0
pay_4f3b17dd139b49,not_received,electronics,5,6,25783.77,False,True,0
pay_1a6eb4b51ddd44,damaged,digital_services,854,0,3957.32,True,False,0
pay_a951814bf2b24a,damaged,digital_services,68,2,2580.59,True,False,0
pay_aa87de4e9bce4e,fraud,digital_services,1211,0,2189.77,True,False,0
pay_bb97a693b36c43,not_received,digital_services,1081,0,3258.21,True,False,0
pay_1d2083e2da5d43,not_received,electronics,9,3,18908.76,False,True,1
pay_bfd369d1857247,damaged,electronics,454,0,21131.27,True,False,0
pay_59e4f5f99bd44c,not_received,electronics,184,0,24783.89,True,False,0
pay_5464072ece0a4d,not_received,electronics,1253,0,22982.49,False,False,0
pay_945a793b433541,fraud,electronics,841,2,36035.9,True,False,0
pay_2ff8cd6672cd41,not_received,digital_services,816,1,2900.97,False,False,0
pay_7dba821ee5164c,fraud,electronics,249,0,19684.63,True,False,0
pay_f8b34e68a7e347,damaged,electronics,8,2,30706.0,False,True,1
pay_6d3a6a3a50494c,not_received,apparel,1419,0,2387.22,True,False,0
pay_9cd24d03f1344b,not_received,electronics,513,1,28157.47,True,False,0
pay_d4cafab45a4642,not_received,electronics,1326,0,26856.99,True,False,0
pay_2c9d8e91723942,damaged,electronics,635,2,25288.34,True,False,0
pay_74d5d7302f634e,fraud,digital_services,784,0,2875.87,True,False,0
pay_dcd3df437e3841,fraud,apparel,130,0,4187.23,True,False,0
pay_68470cda05cf47,damaged,apparel,1385,0,1434.96,False,False,0
pay_b0b7a1ce490041,damaged,electronics,1380,0,28980.74,True,False,0
pay_3a3a2cef9ab94f,damaged,digital_services,13,2,1968.65,False,True,1
pay_b2285c9dc5f747,fraud,electronics,1139,0,23575.2,False,False,0
pay_fa915b9a1afe4e,fraud,apparel,1020,0,3655.32,True,False,0
pay_1370ba4d84a644,fraud,digital_services,658,0,4745.15,True,False,0
pay_8aff97aafea647,fraud,apparel,245,0,1420.21,True,False,0
pay_e3abe92a2c044f,not_received,apparel,473,0,2071.78,True,False,0
pay_12bb12d03c3648,fraud,electronics,11,3,36661.26,False,True,0
pay_f24492254aec45,not_received,electronics,1332,1,19899.67,True,False,0
pay_cf00055c10ff44,fraud,digital_services,961,1,2639.32,True,False,0
pay_b7bf1177942443,fraud,electronics,10,5,11320.46,False,True,0
pay_c624546b83cc4e,damaged,digital_services,1296,0,2397.14,True,False,1
pay_c97663b9643e4d,fraud,apparel,172,0,3227.18,True,False,0
pay_72287741c1cb46,fraud,apparel,8,2,6018.45,False,True,0
pay_5b225accd3684f,fraud,apparel,567,0,1390.25,True,True,1
pay_71a53ec918714f,fraud,electronics,8,2,25451.81,False,False,0
pay_db270262f21c43,not_received,electronics,220,0,21730.72,True,False,0
pay_7446ff513c4b41,fraud,electronics,804,0,19757.69,True,False,0
pay_864383bfbeba4b,not_received,electronics,12,2,31084.16,False,True,1
pay_a7c82fa8b0c64e,damaged,digital_services,1176,0,3712.49,True,False,0
pay_487a58f9c27c4a,not_received,electronics,694,0,22358.99,False,False,0
pay_70afad2092c448,fraud,apparel,820,0,3013.25,True,False,0
pay_698777b4549446,not_received,electronics,56,0,28096.18,True,False,0
pay_d052a72e69e947,fraud,apparel,450,0,2934.35,True,False,0
pay_3c599905be4b44,not_received,apparel,1276,0,3705.28,True,False,0
pay_38022d24beb444,not_received,apparel,12,4,4330.66,False,True,1
pay_3174a1b687e44e,fraud,digital_services,7,3,2560.82,False,True,0
pay_7c132e13bd2942,damaged,digital_services,878,0,3083.29,True,False,0
pay_ef2fbcb0251e4d,damaged,apparel,609,0,3069.09,True,False,0
pay_dba4f807821a49,damaged,digital_services,522,1,2820.15,True,False,0
pay_578834bcac4b42,fraud,apparel,1152,0,3404.61,True,False,0
pay_d73d6243983744,not_received,digital_services,1071,0,2610.84,True,False,0
pay_919cd68a971348,damaged,apparel,581,0,1593.18,True,False,0
pay_47a065f0bb7f46,fraud,electronics,78,0,34545.44,True,False,0
pay_5d7403594e0b43,damaged,digital_services,1086,0,2620.99,True,True,1
pay_9c639fb4a84a4b,fraud,electronics,5,3,27361.79,False,True,1
pay_10e3d2bc2fdd4c,fraud,electronics,456,0,25191.92,True,False,0
pay_3f0e4fe9ba9842,not_received,electronics,720,1,31786.55,False,False,0
pay_d05e86565d4245,not_received,electronics,9,4,31539.87,False,True,0
pay_4f119388f92144,not_received,electronics,1139,0,27096.52,True,False,0
pay_ac8fc0eae2c14d,damaged,apparel,777,1,4024.48,False,False,0
pay_762f9392fa744d,fraud,digital_services,841,0,1480.81,True,False,0
pay_c572784080c64f,fraud,electronics,1271,0,24277.96,True,False,0
pay_2de06eefeb6e4d,damaged,apparel,1144,1,2336.88,True,False,0
pay_ee7f301d416b42,fraud,electronics,13,4,20873.93,False,False,0
pay_e14500db68934e,not_received,electronics,136,0,34361.37,False,False,0
pay_006871fb9a7b44,not_received,apparel,11,2,2461.71,False,False,0
pay_bde5ce0be17545,fraud,digital_services,935,0,3247.28,True,False,0
pay_fe0d46de3f4f4d,fraud,electronics,7,4,11612.17,False,True,1
pay_0935524ae7934c,not_received,electronics,1433,0,18733.96,True,False,0
pay_232ae232e7a44e,damaged,electronics,300,0,25855.93,True,False,0
pay_1296e11ff8ac4f,not_received,digital_services,7,3,2819.21,False,True,1
pay_c861261094ca46,not_received,electronics,941,0,23336.61,True,False,0
pay_bb7cf3ccad8a44,not_received,apparel,10,5,3952.1,False,True,1
pay_26a54b6249df46,fraud,digital_services,269,1,3403.69,True,False,0
pay_93ed88a270ce4a,fraud,apparel,1029,2,3410.75,True,False,0
pay_5d7224ab123a43,not_received,digital_services,659,0,3763.55,True,False,0
pay_5f0e2ce47b4f4c,fraud,digital_services,1327,0,3923.35,True,False,0
pay_c64886d96d7445,fraud,apparel,13,2,4643.51,False,True,0
pay_84dc76366e4f41,not_received,apparel,749,0,3840.62,True,True,1
pay_974825031e904a,not_received,electronics,940,0,18010.45,True,False,0
pay_09b0e8a4157c42,fraud,digital_services,384,1,2746.1,True,False,0
pay_034d9fd7397b4b,not_received,electronics,421,0,27740.39,True,False,0
pay_9b2b10b677364f,not_received,apparel,1169,0,3230.22,False,False,0
pay_cae0dd0685bb46,fraud,electronics,911,0,18513.76,True,False,0
pay_2e0c1fb662ea4a,damaged,electronics,9,5,25472.74,False,False,0
pay_c8053213eaea45,fraud,electronics,1081,0,25716.91,True,True,1
pay_aca7d490c95a47,damaged,apparel,258,0,2667.53,False,False,0
pay_6934418d11e241,fraud,electronics,695,2,24950.08,True,False,0
pay_b3322a01bef244,damaged,electronics,426,0,19567.13,True,False,0
pay_e923dc60888f48,fraud,electronics,1,6,23790.57,False,True,1
pay_7401e6cb4ab047,not_received,electronics,266,0,21677.84,True,False,0
pay_ba5c20e26b5047,fraud,apparel,1198,2,3371.84,True,False,0
pay_36081b925a5b43,not_received,electronics,8,6,28260.76,False,True,1
pay_d46bf56fd79f4e,not_received,electronics,1023,0,26374.79,True,False,1
pay_a8ba32bfdbfb47,fraud,apparel,346,0,2398.61,True,False,0
pay_05ef0432cb2c48,not_received,apparel,135,0,2878.04,True,False,0
pay_42dc35d37f0e47,fraud,apparel,36,0,2298.26,False,False,0
pay_2adbfbc35d4d4d,damaged,digital_services,1387,0,2223.46,True,False,0
pay_fa555b56b1b44b,fraud,electronics,300,0,28863.85,True,True,1
pay_c37d1957dcb34f,not_received,digital_services,453,0,5235.15,True,False,0
pay_2c05b849635748,not_received,apparel,907,0,2885.2,True,False,0
pay_08c0bfa1cb6f40,fraud,apparel,1089,2,2743.54,True,False,0
pay_359cd361ae764d,fraud,apparel,126,0,2910.1,True,False,0
pay_459b1a4abdda48,not_received,electronics,202,0,26503.26,True,False,0
pay_b81f1c50457a46,not_received,electronics,12,3,37295.37,False,True,0
pay_ccac8bbc6abe41,damaged,apparel,1480,2,2249.66,True,False,0
pay_442121215e4846,fraud,electronics,483,0,23738.59,True,False,0
pay_1226b96ff9dd4f,not_received,apparel,1012,0,2339.57,True,False,0
pay_a0e7f2bb8ab54b,fraud,apparel,221,0,4634.09,True,False,0
pay_85d9445777c34c,fraud,electronics,1068,0,28982.45,True,False,0
pay_6bc70f330db34b,not_received,electronics,41,0,21258.01,True,False,0
pay_4dd6f1151f124b,fraud,electronics,10,3,24958.39,False,True,1
pay_c8cc66cdfe7b4a,not_received,electronics,852,1,28397.92,True,False,0
pay_5a4f2626343a48,not_received,electronics,610,1,17270.92,True,False,0
pay_72a74956432f45,not_received,electronics,967,0,28520.08,True,False,0
pay_1ed68680601049,damaged,electronics,1439,0,31940.35,True,False,0
pay_33eec4e7cb5044,not_received,electronics,1094,0,25106.11,True,False,1
pay_ef55a9d6d60848,not_received,electronics,1351,2,21931.11,True,False,0
pay_716649edb72b44,not_received,digital_services,419,0,3115.26,True,False,0
pay_cce978c2572d45,not_received,digital_services,1207,0,2237.56,True,False,0
pay_ff352826a44044,fraud,electronics,758,0,27520.96,True,False,0
pay_075eb9c71b3449,fraud,electronics,820,0,28607.07,True,False,0
pay_030b0f4580f940,fraud,apparel,4,4,3043.55,False,True,0
pay_772b15e47dd643,not_received,electronics,302,1,26610.33,True,False,0
pay_05f6cd0fc11143,damaged,apparel,727,0,3101.52,True,False,0
pay_abddc8d3d9d64c,fraud,electronics,1133,0,26410.6,True,False,0
pay_ae4d033911434d,fraud,electronics,202,0,19729.52,True,False,0
pay_8d3a908b751344,damaged,digital_services,3,6,3213.87,False,True,1
pay_b5a3617fd62349,damaged,digital_services,888,2,2420.56,True,False,0
pay_de2f05c0e47b43,not_received,digital_services,246,0,4799.24,True,False,0
pay_77e5759f2dd54a,fraud,electronics,1206,0,28538.99,True,False,0
pay_430bb8a401304a,fraud,digital_services,1341,0,3268.31,True,False,0
pay_d3f63b13bef24d,fraud,apparel,12,6,3260.54,False,True,0
pay_d6419364ad194d,fraud,apparel,243,0,3919.4,True,False,0
pay_ed45d166849e4d,fraud,digital_services,680,2,1696.17,True,False,0
pay_cbf0215943b043,not_received,digital_services,883,0,3092.4,True,False,0
pay_72a78b940afd40,fraud,apparel,753,0,3723.43,True,False,0
pay_e6b519a7e0a846,fraud,electronics,460,2,34101.76,True,True,1
pay_9954f8e5055a46,fraud,apparel,11,3,2722.7,True,False,0
pay_254327eb214245,not_received,apparel,652,0,3099.95,True,False,0
pay_cf22384aaa494d,not_received,digital_services,675,0,1749.99,False,False,0
pay_dd5f4e6148de4e,not_received,apparel,390,0,3794.76,True,False,0
pay_89e8fba56f884b,fraud,electronics,90,0,22736.98,True,False,0
pay_d85011b2f09740,fraud,apparel,12,3,2591.55,False,True,0
pay_e2dd268c762c4b,fraud,electronics,816,0,26753.19,True,False,0
pay_bf9497f554644b,fraud,digital_services,1304,0,3304.06,True,False,0
pay_cc3a6c26f5c44b,damaged,electronics,11,2,19948.48,False,True,1
pay_63bad4868c9d49,damaged,apparel,487,1,3577.94,True,False,0
pay_ad86f56d97a645,not_received,digital_services,1341,0,2219.41,True,False,0
pay_bb31152be1be44,damaged,apparel,1266,0,1797.34,False,False,0
pay_3798515707e04a,not_received,digital_services,8,5,3430.5,False,True,0
pay_9bb0347c121e43,fraud,digital_services,1251,0,2140.63,True,False,0
pay_b45fc6b13a2047,damaged,electronics,2,2,25744.75,False,True,1
pay_49ab844d1bcb40,fraud,apparel,898,0,3630.01,True,False,0
pay_22ef229c6eba4d,not_received,apparel,138,0,3232.62,True,False,0
pay_d931afb78cea40,fraud,apparel,1216,0,1842.2,False,False,0
pay_a215b44aaef447,fraud,apparel,554,0,5830.86,False,False,0
pay_a2d8d4752bd94b,not_received,apparel,708,0,2191.22,True,False,0
pay_a3e4f63d258f42,not_received,electronics,361,0,31279.66,True,False,1
pay_ffdb23928b1340,fraud,apparel,1184,0,1769.39,True,False,0
pay_bce014085a5349,fraud,electronics,655,0,29301.17,True,False,0
pay_5c00f1940dfa4a,fraud,electronics,7,6,19679.23,False,True,1
pay_2de73f4fa2834c,damaged,apparel,599,0,3051.73,True,False,0
pay_6127cc749cad4d,not_received,apparel,499,0,2634.76,True,False,0
pay_4d678eadcc8d42,not_received,electronics,1355,0,29371.01,True,False,0
pay_8611d2b7703744,fraud,apparel,1466,0,3800.54,True,False,0
pay_e17003723bad4b,damaged,electronics,904,0,23021.99,True,False,0
pay_21762a790fb244,fraud,digital_services,1121,0,2452.84,True,False,0
pay_b5d9cfebea9746,fraud,electronics,4,4,18584.26,False,True,1
pay_7be230c9ea6e46,fraud,electronics,296,0,24029.53,True,False,0
pay_7f8aed8f112e49,damaged,apparel,1406,0,2843.43,True,True,1
pay_e99a7b4468ae4c,fraud,apparel,1216,0,3606.84,True,False,0
pay_642ab37fbf1643,fraud,electronics,856,0,29967.99,True,False,0
pay_f701a088ce3540,not_received,electronics,697,1,14510.86,True,False,0
pay_a2c73b87b02c4a,fraud,electronics,931,0,28793.13,True,False,0
pay_e1782969659c4a,not_received,electronics,1268,0,36114.65,True,False,0
pay_cbdf81eca0d94c,not_received,electronics,8,4,23958.31,False,False,0
pay_5c829930fa9448,not_received,apparel,116,0,2420.43,False,False,0
pay_5d9af333570549,fraud,digital_services,501,0,2244.08,True,False,0
pay_f65fc9f13df646,fraud,apparel,1196,0,1884.97,False,False,0
pay_a427f218930648,damaged,electronics,143,0,27811.45,True,False,0
pay_2d1ac7586b4b45,damaged,digital_services,1445,0,2202.98,True,False,0
pay_c8e61c71d54e47,fraud,apparel,702,0,3317.68,True,False,0
pay_8775582de03040,fraud,electronics,439,0,27175.04,False,False,0
pay_7e09263909d449,fraud,apparel,814,0,2125.18,False,False,0
pay_03ad226479ca4c,not_received,electronics,1276,0,24398.44,True,False,0
pay_11e4184026c241,not_received,electronics,951,0,16230.01,True,False,0
pay_611a9acbacef42,fraud,electronics,865,0,23406.84,True,False,0
pay_c1a708be219842,not_received,apparel,117,0,3232.02,True,False,0
pay_65f9e71fc2264f,not_received,electronics,1131,0,21448.25,True,False,0
pay_ad0875982e5a4a,damaged,apparel,1348,0,4153.26,True,False,0
pay_866b290e7d8242,fraud,apparel,880,0,3456.21,True,False,0
pay_708d104e7bb443,fraud,apparel,351,0,3750.17,False,False,0
pay_8434d550bf884c,fraud,electronics,1,2,28553.2,False,True,0
pay_b9597a37a16540,damaged,digital_services,905,0,1766.93,True,True,1
pay_26dce3583e3a4e,not_received,apparel,209,0,1310.52,True,False,0
pay_9c10cd5b520248,not_received,apparel,660,0,2062.93,True,False,0
pay_34ab758369b74d,fraud,apparel,407,0,2457.29,False,False,0
pay_13101f2abae24b,fraud,electronics,8,4,19911.0,False,False,0
pay_8cb409bd29e74b,fraud,electronics,253,0,28824.86,False,False,0
pay_910b2067e3ca4a,not_received,apparel,12,6,3706.36,True,True,1
pay_c822829e0a1346,fraud,apparel,502,0,1818.25,False,False,0
pay_68591fe80ec240,fraud,electronics,79,0,32907.12,True,False,0
pay_06b66f2cc04f4f,not_received,electronics,337,1,30311.8,False,False,0
pay_0003f4a524b142,fraud,electronics,13,6,31453.13,False,True,1
pay_780ea9bcf52f4d,not_received,digital_services,731,0,3083.42,False,False,0
pay_1efbba1369df4f,fraud,electronics,468,0,33498.55,True,True,1
pay_91735432d7c84e,damaged,electronics,554,1,19777.13,True,False,0
pay_3c53d160dd1b4d,not_received,digital_services,726,0,3693.28,True,False,0
pay_09e6384f1a844a,damaged,apparel,1414,0,3179.35,True,False,0
pay_de0b6b71d07743,not_received,apparel,465,0,909.28,True,False,0
pay_07bee36d936e47,damaged,apparel,172,0,3560.09,False,True,1
pay_0f24257f240b46,damaged,apparel,763,0,1756.06,False,False,0
pay_2a81d7cafc7346,not_received,apparel,9,4,2571.06,False,True,1
pay_27a59f7a1a0947,damaged,electronics,744,0,24981.03,True,False,0
pay_bd06fcf2044443,fraud,digital_services,647,0,2967.1,True,False,0
pay_35e1f36a10de47,fraud,electronics,520,1,31914.45,True,False,0
pay_0ed1e239d80b48,fraud,electronics,697,0,21356.05,True,False,0
pay_766c694d0d6047,not_received,electronics,1092,1,13251.35,True,False,0
pay_dfb6bacea6ae45,not_received,apparel,1237,0,3509.42,True,False,0
pay_3dd1beaf500a43,not_received,apparel,699,0,3501.83,False,True,0
pay_871d8cf3fbb442,fraud,apparel,10,2,3279.66,False,True,0
pay_5ae8b89951764b,not_received,apparel,8,4,2639.21,False,True,1
pay_de4b8ab098994c,fraud,electronics,861,0,26545.57,True,True,1
pay_4492a13a69534f,not_received,electronics,795,0,18129.69,False,False,0
pay_4ac0464152b84e,fraud,apparel,788,0,2854.43,True,True,1
pay_02fa9af7c19342,damaged,electronics,1494,0,20622.35,False,False,0
pay_b6a8dfb5729c4c,fraud,electronics,340,2,29440.12,True,False,0
pay_c2998fd8118f4b,fraud,digital_services,473,0,1854.82,True,False,0
pay_fd30263c4a0b44,damaged,apparel,999,1,2901.26,True,False,0
pay_5b7a3f1351624e,not_received,electronics,3,2,14438.27,False,True,0
pay_b937dc2f573947,fraud,apparel,5,6,2629.42,False,True,1
pay_87d718b760c74a,not_received,apparel,583,0,3401.39,True,False,0
pay_2788e30f3dac4d,fraud,electronics,813,2,25098.24,True,False,0
pay_c5f6fcc54d9644,damaged,electronics,9,3,29138.75,False,True,1
pay_ba8e9cd568924a,not_received,electronics,1411,2,30027.09,True,False,0
pay_faf456bbca0642,fraud,electronics,702,0,24822.29,True,False,0
pay_d18243e8161541,not_received,electronics,1422,0,28358.21,True,False,0
pay_e3947720383442,fraud,digital_services,296,0,3974.76,False,False,0
pay_81436f99713949,not_received,apparel,10,2,3208.79,True,True,1
pay_2c8806a5a9734c,damaged,digital_services,859,0,1713.27,False,False,0
pay_aac7b3cc57804d,damaged,electronics,1121,0,28127.49,True,False,0
pay_731a63870cbd46,fraud,electronics,9,3,28310.92,False,True,1
pay_1191164e69884d,fraud,digital_services,140,2,2631.26,True,False,0
pay_4fc0f57a12734b,fraud,apparel,155,0,3054.63,True,False,0
pay_f40c237b8cfa43,not_received,digital_services,997,1,2156.06,True,False,0
pay_4e4146dda9a447,not_received,electronics,847,0,17698.69,True,False,0
pay_7146e8a2ef1a42,not_received,digital_services,1211,0,2350.75,True,False,0
pay_2e0dabfb5c6f4f,damaged,apparel,305,2,2853.57,True,False,0
pay_0b571fad5e3549,fraud,electronics,493,1,21793.36,True,False,0
pay_68e3917bf27d4a,fraud,apparel,44,0,3208.41,False,False,0
pay_812c06c2511742,fraud,apparel,929,1,1969.04,True,False,0
pay_9744b0478b2f47,fraud,electronics,769,0,27901.12,True,False,1
pay_6bf6ca2767f040,fraud,digital_services,1413,0,4053.23,True,False,0
pay_c62286870a7e4e,not_received,apparel,779,0,1880.74,True,False,0
pay_00725e50917c49,fraud,electronics,434,0,28600.71,True,False,0
pay_29d8f85d344244,fraud,electronics,1351,1,24759.73,False,False,0
pay_b90b948d760f46,not_received,electronics,338,0,24521.32,True,False,0
pay_462749f0c2544a,fraud,electronics,9,2,27723.97,False,True,0
pay_900891bdd64c45,not_received,apparel,1078,0,2794.03,True,False,0
pay_ae58f46fb7a045,fraud,apparel,1390,1,2005.48,False,False,0
pay_a4ae34548ede4b,not_received,apparel,879,0,2210.92,True,False,0
pay_617a9793134b48,damaged,apparel,1114,0,3924.89,True,False,0
pay_58e5bc82653540,fraud,electronics,904,0,18693.82,True,False,0
pay_148985fc836b42,not_received,digital_services,3,2,2323.03,False,False,0
pay_806456e92eee45,damaged,electronics,11,3,22726.04,False,True,1
pay_253b545c13d441,not_received,electronics,9,6,25362.7,True,True,1
pay_97403ce9ad7041,fraud,apparel,284,0,3869.8,True,False,0
pay_ae9e67abd66845,fraud,apparel,816,0,3977.46,True,False,0
pay_c5c1ef7abcc642,not_received,digital_services,1198,0,3430.53,True,False,0
pay_5c9e1e232ce442,damaged,digital_services,602,2,2217.64,True,False,0
pay_4e6b6083338f42,fraud,digital_services,959,1,2802.44,True,False,0
pay_9703296ff41d45,fraud,apparel,558,0,3851.27,True,False,0
pay_2185344c4be64c,fraud,electronics,1261,2,26062.66,True,True,1
pay_5592b1f684cb48,fraud,apparel,1045,2,4401.9,True,False,0
pay_30b04a47c9174f,fraud,electronics,580,0,25478.63,True,False,0
pay_40cd5b41423d48,fraud,electronics,356,0,24969.43,True,False,0
pay_396ca7e462a64d,fraud,electronics,1254,0,23796.65,True,False,0
pay_6c1ae9cccd7c4c,fraud,electronics,1067,0,22262.29,True,True,1
pay_fcc0111724774a,damaged,apparel,1197,0,2542.93,True,False,0
pay_3d3656000dc04f,fraud,electronics,777,0,21385.75,True,False,0
pay_c78c993e6bb747,fraud,electronics,11,5,23949.98,False,True,0
pay_1741fdc5482748,fraud,digital_services,997,0,1637.8,False,False,0
pay_76400d46718446,damaged,apparel,1036,0,3495.09,True,False,0
pay_584901f286be47,not_received,digital_services,823,0,2385.31,True,False,0
pay_5f87aae940b34b,not_received,apparel,8,2,1346.69,False,True,0
pay_2b091f1658204b,fraud,electronics,1079,0,29499.15,True,False,0
pay_20d33fd395fd4a,damaged,electronics,342,0,25536.6,True,False,0
pay_d242b82d7e4046,not_received,apparel,1312,0,2515.72,True,False,0
pay_e460e3cd7ba443,fraud,digital_services,1252,1,2508.01,True,False,0
pay_50e234dda0c242,not_received,electronics,866,0,24996.77,True,False,0
pay_6dee32dc8f4d43,damaged,digital_services,945,0,1772.54,True,False,0
pay_1f4532dcd08e44,not_received,apparel,899,0,2315.56,True,False,0
pay_b0cc95de68b049,damaged,electronics,1221,0,28518.41,True,False,0
pay_82e2b623d3e44c,damaged,apparel,930,0,3476.6,True,False,0
pay_6f6b1a0e054047,fraud,apparel,1243,0,3723.75,True,False,0
pay_2f7b315a963648,not_received,electronics,1045,0,25421.12,True,False,0
pay_e657915ada5943,fraud,electronics,1451,0,25195.49,True,False,0
pay_4653156bf2aa47,damaged,apparel,10,5,3650.56,False,True,1
pay_3ab96cba37b74d,fraud,apparel,687,0,1898.63,True,False,0
pay_a9a25c1b32dd44,damaged,electronics,12,2,16830.77,False,True,1
pay_d6b6867b5c634e,fraud,digital_services,242,0,3706.74,False,False,0
pay_893885e1083041,fraud,electronics,12,2,22033.14,False,False,0
pay_77a0d4bcfbde40,fraud,electronics,615,0,22609.16,False,False,0
pay_ed635666b83647,fraud,electronics,730,0,24800.17,True,False,0
pay_071b372d978841,damaged,digital_services,7,3,3560.67,False,True,1
pay_36c7ca0ea72d45,fraud,apparel,1369,2,2630.73,True,False,0
pay_51f6a695bfe940,not_received,apparel,6,2,4232.55,False,True,0
pay_af152c3e992a44,fraud,digital_services,655,0,2249.01,True,False,0
pay_007c3ec7adaf40,fraud,apparel,619,0,1387.07,True,False,0
pay_6950ce65dda94c,fraud,electronics,480,1,19185.22,True,False,0
pay_eb2e728fa27d47,fraud,apparel,898,0,5263.04,True,False,0
pay_951dec6f989843,damaged,apparel,889,0,1995.95,True,False,0
pay_cd8db4a5892641,not_received,electronics,519,0,25587.64,True,False,0
pay_2860e36f041047,fraud,electronics,745,0,23156.88,True,False,0
pay_0dfed60fe39040,not_received,apparel,464,0,4574.25,True,False,0
pay_4cfa07f64d814a,fraud,electronics,110,0,26260.43,True,False,0
pay_58c385ccc53040,fraud,electronics,961,0,29252.59,True,False,0
pay_7e05bfa56e914a,not_received,apparel,260,0,5250.35,True,False,0
pay_96068bd7561d4e,fraud,digital_services,522,0,3121.11,True,False,0
pay_712709b6d77b4f,not_received,electronics,448,0,28984.82,True,False,1
pay_0314255bdb374e,not_received,apparel,476,0,2474.35,True,False,0
pay_0fe0c30212b94d,not_received,apparel,789,0,1429.63,True,False,0
pay_6e59ceee66a44f,damaged,apparel,1425,0,3391.07,True,False,0
pay_f421a9b3de9c47,fraud,digital_services,871,0,1189.45,True,False,0
pay_fad641e758bd42,fraud,apparel,648,1,2969.94,True,False,0
pay_19b31e374df941,fraud,apparel,1330,0,2275.03,True,False,0
pay_2be85c08d3c944,fraud,digital_services,198,0,2933.2,True,False,0
pay_6014f642d6df4a,damaged,electronics,5,6,22869.06,False,True,1
pay_822e19e2c2bb45,not_received,electronics,12,3,22278.02,False,False,0
pay_6bc9338d6ea641,not_received,apparel,379,0,2596.58,True,False,0
pay_977cf245daaf4d,not_received,electronics,5,2,24622.25,False,True,0
pay_d52e683c50e44f,fraud,electronics,470,0,19442.44,True,False,0
pay_368adc1307c741,not_received,electronics,13,2,29800.44,False,True,0
pay_0eff6d0d336a4b,not_received,apparel,935,0,4948.88,False,False,0
pay_9bbdb2299c2446,not_received,digital_services,91,0,1998.82,True,False,0
pay_d2dde404012c41,fraud,electronics,554,0,24876.26,True,False,0
pay_b45013be105144,not_received,apparel,219,0,2741.05,False,False,0
pay_3bce5e2147a540,fraud,electronics,96,0,22415.7,True,False,0
pay_31f441e706b54f,not_received,apparel,768,0,2642.8,True,False,0
pay_95e04045f56741,not_received,apparel,5,3,3815.64,False,True,0
pay_81efbbb7368c47,fraud,digital_services,587,0,3645.12,True,False,0
pay_5aca3bb697ed45,not_received,electronics,503,0,25276.11,True,True,1
pay_aa921fd130b24a,damaged,apparel,123,0,2411.23,True,False,0
pay_fe942ca5c8dd4b,fraud,electronics,1291,0,28517.65,True,False,0
pay_5e7531a58eaa4a,damaged,apparel,450,0,2440.25,True,False,0
pay_bb439237feed42,not_received,digital_services,8,2,3272.54,False,True,0
pay_0f069035146b47,not_received,digital_services,997,0,3539.76,True,False,0
pay_97b772b45f7e46,damaged,electronics,460,0,28905.87,True,False,0
pay_8ce893efc78e4d,not_received,digital_services,900,0,6005.36,True,False,0
pay_81c7177b11f441,damaged,electronics,10,4,25854.42,False,True,1
pay_f49a99cc174d4b,fraud,electronics,386,0,17417.39,True,False,0
pay_9677f10677db4b,fraud,digital_services,1084,1,2737.55,True,False,0
pay_a976495adde34c,not_received,electronics,439,0,24082.09,True,False,0
pay_e1c098839aaa47,damaged,electronics,1431,0,28085.28,True,False,0
pay_c4e94b77a3d64d,damaged,electronics,1431,2,25735.08,True,False,0
pay_ac3811cf6fde48,not_received,electronics,13,4,26871.87,False,True,1
pay_a34088ca18e540,not_received,electronics,539,0,30049.73,True,False,0
pay_0ae7dc51bee149,fraud,digital_services,1267,1,4516.42,True,False,0
pay_d4173cf302314b,damaged,apparel,8,6,4717.34,False,True,1
pay_b9df58b03ed84a,fraud,apparel,3,2,2409.61,False,True,0
pay_e15c97c964b044,not_received,electronics,395,1,30497.23,True,False,0
pay_08ca4bf4d2ac46,not_received,apparel,136,0,2945.57,True,False,0
pay_d12d63cae92f4a,not_received,apparel,810,0,2826.0,True,False,0
pay_2661b6b7a2e249,fraud,digital_services,438,0,4371.22,False,False,0
pay_28e81cdaf30541,damaged,digital_services,85,1,3615.66,True,True,1
pay_84a6fc87c65c4f,not_received,apparel,1491,1,3216.53,True,False,0
pay_5c972f1c8fef49,damaged,digital_services,9,3,3573.14,False,False,0
pay_644e59dd436646,fraud,electronics,965,1,23747.76,True,False,0
pay_4f96d546363e4e,not_received,electronics,621,1,19034.02,True,False,0
pay_2e68fbe30c1c48,not_received,apparel,1074,0,3310.02,True,False,0
pay_88ca98aea50a44,not_received,electronics,388,0,29928.17,True,False,0
pay_840507c218e54f,damaged,electronics,568,0,26359.69,True,False,0
pay_b2d9a5a547a04c,fraud,digital_services,484,0,3012.48,True,False,0
pay_bc5917a689cf4c,fraud,apparel,13,5,2428.75,False,True,0
pay_caae24d48aec41,not_received,electronics,508,0,26352.46,True,False,0
pay_c457b78904aa46,fraud,apparel,12,3,3119.93,False,True,0
pay_9852c7b2682441,damaged,digital_services,1280,0,2806.24,False,False,0
pay_2d0e007f333d4c,fraud,digital_services,250,0,999.36,True,False,0
pay_3ccae789bc9943,not_received,apparel,457,2,2937.63,True,True,1
pay_a314c96aff0046,fraud,apparel,662,1,3057.11,True,False,0
pay_387197ef468d44,not_received,apparel,199,0,3820.91,True,False,0
pay_76af0f93159345,fraud,apparel,343,0,1506.34,True,False,0
pay_90f641b4cf854b,fraud,apparel,3,3,5914.67,False,True,1
pay_bdfbce1ca5994e,fraud,apparel,961,0,1770.29,True,False,0
pay_1ef950be705742,fraud,apparel,494,0,1413.62,True,False,0
pay_b5cc0e6abce740,damaged,digital_services,355,1,3317.53,True,False,0
pay_8847f748dcb346,fraud,electronics,665,0,21680.6,True,False,0
pay_35f2694afc5541,not_received,electronics,914,0,24148.06,True,False,0
pay_d6d232b7ce1244,damaged,apparel,205,1,3287.78,False,False,0
pay_d78fbbe14ace4c,not_received,electronics,201,0,21339.95,True,False,0
pay_7815544d52b341,damaged,apparel,4,4,1602.72,False,True,1
pay_7667523b999b4d,damaged,electronics,785,0,26582.43,True,False,0
pay_d4d05de782fc47,not_received,apparel,1389,0,4433.09,True,False,0
pay_5260cf9e1c274a,not_received,digital_services,1247,0,1927.23,True,True,1
pay_d04747332e8b44,fraud,apparel,116,0,4411.6,False,False,0
pay_f36b764d271743,not_received,electronics,710,0,29482.42,False,False,0
pay_8fb3d29fa4304a,damaged,digital_services,1476,0,4150.92,True,False,0
pay_09c9bb87164f44,not_received,electronics,506,0,28540.31,True,False,0
pay_5221bb6b805e43,not_received,apparel,805,1,772.29,True,False,0
pay_d50974d4c90247,not_received,apparel,1,4,2651.23,False,True,0
pay_0ae4922a55094c,fraud,digital_services,584,0,3250.32,True,False,0
pay_84cf5dc0f08e48,damaged,electronics,300,0,28306.02,False,False,0
pay_0ed354e400ef4c,not_received,apparel,1003,0,1924.61,True,False,0
pay_fcfa48ae762145,fraud,electronics,83,2,23019.12,False,False,0
pay_5e017c5aab1f46,damaged,electronics,547,0,24758.37,True,False,0
pay_142e24941a6f44,not_received,digital_services,5,6,2175.9,False,True,1
pay_65485784592946,not_received,apparel,489,0,2701.92,True,False,0
pay_0888106e90f346,not_received,apparel,208,0,2065.35,True,False,0
pay_b8ff1961c41549,fraud,electronics,1128,0,28276.08,True,False,0
pay_7f592d12c39b4b,damaged,apparel,11,6,4179.69,False,True,1
pay_5cb616d82b104a,not_received,digital_services,3,3,3294.7,False,True,0
pay_47409207950349,fraud,apparel,384,0,1767.75,True,False,0
pay_b687477f720b41,fraud,apparel,1172,0,3891.71,True,False,0
pay_85fa8ae7ca4648,damaged,digital_services,3,4,3200.83,False,True,1
pay_ed08e0a7184446,fraud,digital_services,305,0,4460.5,True,False,0
pay_368ba90f3a9842,damaged,apparel,1000,2,3576.36,True,False,0
pay_5f358cfe08314b,fraud,apparel,754,0,3527.05,True,False,0
pay_5e3917a6f21a4e,not_received,apparel,5,2,1923.85,False,True,0
pay_d12717dab5c441,damaged,electronics,2,2,16249.91,False,True,1
pay_e052ad1718e544,fraud,apparel,1,5,2921.37,False,True,1
pay_26770af5424240,not_received,digital_services,199,0,5295.8,True,False,0
pay_2f9f5c9cb80b41,not_received,digital_services,947,0,3615.22,False,False,0
pay_1cd653bfbd0e4c,not_received,digital_services,727,0,2386.27,False,False,0
pay_83e1b1423de948,not_received,electronics,833,2,13630.09,True,False,0
pay_93f424bc506c42,not_received,digital_services,636,0,3398.32,True,False,0
pay_eb01ca3d7e8c4c,not_received,apparel,173,0,4043.17,True,False,0
pay_66a9bf7110c94d,damaged,electronics,834,0,20321.65,False,False,0
pay_d4772dbef9a04a,not_received,apparel,273,0,2369.99,True,False,0
pay_e52f57c9031747,fraud,digital_services,1458,0,3039.02,True,False,0
pay_eb5bfa79d7af4b,damaged,electronics,1374,0,29001.96,True,False,0
pay_07ef29956e2246,not_received,digital_services,216,0,1804.44,True,False,0
pay_db2f66764abb4a,fraud,digital_services,277,0,2664.08,True,False,0
pay_72b107fb887542,fraud,electronics,262,0,21586.98,False,False,0
pay_e6c58783c9cb4b,fraud,digital_services,138,0,2932.33,True,False,0
pay_aea434f1f7e247,fraud,digital_services,6,3,3046.74,False,True,0
pay_58f3042b745e4e,fraud,electronics,678,0,31243.84,True,False,0
pay_a26522a0e7fa4d,fraud,electronics,1401,0,21317.93,True,False,0
pay_6bd09d1cfb274c,not_received,electronics,618,0,25733.67,True,False,0
pay_528206dcda5f42,fraud,electronics,1204,0,14903.64,True,False,0
pay_e298571b41b14f,fraud,apparel,1362,0,2565.3,True,False,0
pay_b13fd9e532764c,fraud,electronics,718,0,35861.89,True,False,0
pay_7bc73d79ce174d,fraud,digital_services,905,0,814.21,False,False,0
pay_eb194e88b25742,fraud,digital_services,136,0,2260.83,True,False,0
pay_c4727123f4ea48,not_received,electronics,9,4,18259.85,False,False,0
pay_b181a32f65c14d,damaged,apparel,714,0,1746.98,False,False,0
pay_ca4ad7586ced4c,damaged,apparel,459,1,2596.48,True,False,0
pay_831bee1b243a46,damaged,apparel,300,0,3596.87,True,False,0
pay_5c60873f24f049,fraud,electronics,878,0,19186.6,True,False,0
pay_91070944caf54c,fraud,electronics,567,0,22038.22,True,False,0
pay_864aef311b6c4d,fraud,electronics,141,0,26168.11,True,False,0
pay_18ee5d3d38ca40,not_received,electronics,1098,0,30260.52,True,False,0
pay_0bae87ac99ab43,fraud,digital_services,1248,0,2785.6,True,False,0
pay_cad2f5a7174b41,not_received,electronics,9,6,33712.54,False,True,1
pay_9132e0f395b340,fraud,electronics,1121,1,23811.95,True,False,0
pay_0aa7a41468ff47,fraud,apparel,8,3,4766.92,False,False,0
pay_ecad9b2e433540,damaged,electronics,941,0,23270.18,True,False,0
pay_226d0b97a44a44,not_received,electronics,857,0,28861.16,True,False,0
pay_f8262512fe3b47,damaged,apparel,443,0,329.88,True,False,0
pay_b1896bd221204d,not_received,apparel,1474,0,4997.01,True,False,0
pay_7a7d13f3ef224e,damaged,electronics,515,0,12129.26,False,False,0
pay_f8419205be304d,not_received,apparel,2,3,2479.0,False,True,1
pay_1f08b0c65c3748,damaged,apparel,881,0,3702.49,True,False,0
pay_317b1cad1c7c49,fraud,apparel,162,0,1763.86,True,False,0
pay_3b7f8bc2da1f4c,not_received,apparel,6,2,3541.48,False,True,0
pay_1df99b2661e943,not_received,electronics,991,0,23266.57,True,False,0
pay_ebba6d426c6c43,fraud,apparel,10,5,3980.8,False,True,1
pay_00656934f57141,damaged,apparel,247,0,3987.95,True,False,0
pay_e68df083df7545,damaged,digital_services,685,0,3575.61,False,False,0
pay_167413aa531040,not_received,digital_services,453,0,3827.1,True,False,0
pay_f084995c21ca4f,fraud,apparel,666,0,1449.19,True,False,0
pay_181b0e57d30342,not_received,apparel,1486,1,3120.27,True,False,0
pay_31802f9d809c43,damaged,apparel,125,0,1803.33,True,False,0
pay_a5c5c9ee0afd46,not_received,digital_services,1247,0,1771.71,True,False,0
pay_7c1be53fc3d444,fraud,digital_services,1030,1,4315.5,True,False,0
pay_62002d6dbc8c4b,not_received,electronics,888,1,18893.06,True,False,0
pay_25dd9064133947,fraud,electronics,137,0,23403.79,True,False,0
pay_3fceefea684346,not_received,electronics,842,0,26755.52,False,False,0
pay_a9079390d5c143,fraud,electronics,876,0,22993.15,True,True,1
pay_36ecf55fe97143,not_received,digital_services,308,0,3933.16,True,False,0
pay_04d7f5d6ead84f,not_received,electronics,3,6,16109.98,False,False,0
pay_4b4dc5a1934a4d,fraud,electronics,1182,0,27236.27,False,True,1
pay_dbe16e1e62264f,fraud,digital_services,662,0,3727.31,False,False,0
pay_b67ffcc5b9bf4e,fraud,electronics,192,0,23679.02,True,False,0
pay_888298a2f7c047,fraud,electronics,122,1,26902.41,True,False,0
pay_bf372b9a279542,fraud,apparel,1296,0,2904.56,True,False,0
pay_be1bd6a511964d,damaged,apparel,51,2,2964.66,True,False,1
pay_7ebdca473dcf4d,damaged,electronics,7,4,19938.82,False,True,1
pay_3f383e96db1f45,damaged,apparel,1139,1,2752.88,False,False,0
pay_612b6a7906d34e,damaged,electronics,168,0,30128.34,True,False,0
pay_5f11a7c59ae94c,fraud,apparel,1169,0,2925.2,True,False,0
pay_bbd79c05d4b34f,fraud,apparel,626,0,1134.62,True,False,0
pay_0c18e3e932154b,fraud,digital_services,906,0,3051.11,True,False,0
pay_6fc37cc4efca4c,damaged,apparel,872,0,3577.67,True,False,0
pay_973509f11b8f4e,not_received,apparel,592,0,2993.53,True,False,0
pay_9d2fcde98d9241,fraud,apparel,264,0,2071.23,True,False,0
pay_3b833dc8cb054e,fraud,electronics,7,4,28666.21,False,True,0
pay_a0ac8ce4bcc14f,not_received,electronics,704,1,24402.51,True,False,0
pay_fcd3fb6f36e149,not_received,apparel,3,3,2790.33,False,False,0
pay_98ec34312d3b49,damaged,electronics,1287,0,21599.61,True,False,0
pay_c39f8960023f4e,fraud,apparel,11,2,4290.84,False,False,0
pay_944d748f82da4f,damaged,electronics,760,0,25850.7,True,True,1
pay_91eaca30304840,not_received,digital_services,10,6,3577.81,False,True,1
pay_b34d051c5f9645,not_received,digital_services,941,0,4733.5,True,False,0
pay_d2ececd98f5741,damaged,electronics,1103,1,28800.77,False,False,0
pay_bcb717bc02af41,damaged,apparel,979,0,2401.8,True,False,0
pay_1023d3ab2ca14b,fraud,apparel,1002,0,2953.21,True,False,0
pay_27e2d56aeac646,fraud,digital_services,12,3,2243.95,False,True,1
pay_6cb583234cf14c,not_received,electronics,858,2,27120.94,False,False,0
pay_ef6241e8c64d4e,not_received,apparel,1275,0,1012.42,True,False,0
pay_baee0a13e56141,not_received,apparel,1447,0,2979.42,True,False,0
pay_0e27378370f642,damaged,electronics,194,0,23460.32,True,False,0
pay_d6e669bb260440,fraud,electronics,1211,2,24801.37,False,False,0
pay_62cef7cb8e964c,not_received,electronics,459,0,19365.06,False,False,0
pay_e6f18fbfbfad4d,fraud,digital_services,1022,1,4049.15,True,False,0
pay_fd3953d291e44a,damaged,electronics,1118,0,24086.16,False,False,0
pay_8d4b4736f72246,damaged,apparel,1035,2,672.76,True,False,0
pay_133fd2dac46d46,not_received,electronics,564,0,16656.3,False,True,0
pay_f6645f850b9d47,fraud,electronics,264,0,23942.51,False,False,0
pay_2d46da7087ec42,not_received,apparel,438,0,1057.97,True,False,0
pay_1ace6125bcd842,not_received,digital_services,1411,0,2735.52,True,False,0
pay_56c748ddf31246,fraud,apparel,576,1,5109.52,False,False,0
pay_681512d16e3448,damaged,apparel,470,0,1797.66,True,False,0
pay_f3b2c713406e41,damaged,apparel,742,1,2260.17,True,False,0
pay_a1b3ef442e7b4d,not_received,apparel,890,0,2873.97,True,False,0
pay_5aa18124d7344f,not_received,apparel,846,0,2117.01,True,True,1
pay_f6bc336befc645,fraud,digital_services,1410,2,2725.87,True,False,0
pay_df9f211765e749,not_received,apparel,6,5,2617.92,False,True,0
pay_662dc99d899141,not_received,apparel,1314,0,3724.73,True,False,0
pay_319064abff3b4d,fraud,apparel,569,0,2226.99,True,False,0
pay_393c0b7bebcc45,fraud,electronics,1355,0,22051.81,False,False,0
pay_a425545d416948,fraud,electronics,557,2,27469.57,True,False,0
pay_c7aa3bab325446,fraud,electronics,1265,0,21747.83,True,False,0
pay_306a6d83ae8944,not_received,apparel,1316,0,3284.71,True,False,1
pay_f1a9e07909304f,not_received,electronics,686,0,22016.98,False,False,0
pay_35a9467737ee43,not_received,electronics,796,0,22241.46,True,False,0
pay_1cb0c945d2a74c,fraud,digital_services,136,0,3924.83,True,False,0
pay_d9d660a748ff43,not_received,apparel,1326,0,3662.89,True,False,0
pay_cc121984782649,damaged,electronics,7,2,20485.13,False,True,1
pay_8167da220e934e,not_received,apparel,271,1,3744.25,True,False,0
pay_b8d60d5ebca648,damaged,electronics,440,1,24268.75,True,False,0
pay_17a353582d4e4d,not_received,apparel,946,0,2902.14,True,False,0
pay_9078bac6b92e4f,not_received,apparel,191,1,3010.44,True,False,0
pay_b7246db4d3a84e,fraud,electronics,1111,0,21088.67,True,False,0
pay_89093dd232a842,not_received,electronics,334,0,29678.56,True,False,0
pay_6a21c41593ac47,damaged,electronics,10,6,25077.95,False,True,1
pay_be10fd7b986e4a,damaged,electronics,4,6,20859.7,False,False,0
pay_9facaab5290b47,damaged,electronics,5,5,33696.91,False,True,1
pay_57a1a400c46543,fraud,digital_services,989,1,3637.23,True,False,0
pay_dfa65c282e0544,not_received,apparel,1085,0,2007.12,True,False,0
pay_f17052ab912a4c,not_received,digital_services,12,3,2789.79,False,True,0
pay_296a27661e224c,not_received,apparel,11,6,937.15,False,True,1
pay_5d71b6f33a9c4e,fraud,apparel,819,0,2946.03,True,False,0
pay_2ae58e15926e46,damaged,electronics,1452,0,22404.36,True,False,0
pay_6acd7a780f474f,damaged,electronics,847,0,27597.8,True,False,0
pay_daa14de92bf84b,not_received,apparel,991,0,4018.52,True,False,0
pay_6c20b86808204e,fraud,digital_services,349,0,4797.23,True,False,0
pay_83a90485078f4c,fraud,electronics,2,3,25407.81,False,True,0
pay_108a614961ee4b,not_received,apparel,66,0,4037.95,True,False,0
pay_32cc3876640a4a,fraud,electronics,435,0,16941.55,True,False,0
pay_0e726cf9b8b54d,damaged,apparel,889,1,3596.76,True,False,0
pay_cc5f4f68987f4c,not_received,apparel,359,0,3562.29,True,False,0
pay_15eccfa514e448,not_received,apparel,109,0,3010.48,True,False,0
pay_163ca1c0b3f541,not_received,electronics,1,4,21568.01,False,True,0
pay_b808bd3b47de41,fraud,electronics,336,0,21892.56,True,False,0
pay_2607fc6bc8054d,damaged,apparel,168,0,3252.9,False,False,0
pay_04c14b50e45444,not_received,digital_services,1444,0,3453.99,True,False,0
pay_3d096a96241e4c,damaged,electronics,1221,0,19022.19,True,False,0
pay_0ee7af8ac2a841,not_received,apparel,712,0,2029.38,True,False,0
pay_b5dd3aafd56341,not_received,apparel,191,0,3307.18,False,False,0
pay_0217184559b340,fraud,electronics,181,0,23122.81,False,False,0
pay_8f4df5b8ebaa4b,not_received,apparel,1271,0,1502.97,True,False,0
pay_830fc460e3bb4c,not_received,electronics,960,0,15968.45,True,False,0
pay_b5664b6eac5148,not_received,apparel,907,0,2390.11,True,False,0
pay_03b2ced7dfe44f,not_received,apparel,755,0,1333.34,False,False,0
pay_21b78aee79dc44,fraud,apparel,12,4,2425.09,False,True,0
pay_07daecf2570f47,damaged,electronics,225,0,29230.09,True,False,0
pay_79d3232ae64b4e,damaged,digital_services,1137,1,3416.34,True,False,0
pay_c21495c3533745,fraud,electronics,258,1,23657.48,True,False,0
pay_cb80ac6d7b9d4e,damaged,apparel,288,2,3684.71,True,False,0
pay_f77c0df7cb8648,fraud,apparel,986,2,3097.65,True,False,0
pay_f5f72b1b0e7745,not_received,apparel,769,1,3585.07,True,False,0
pay_dd2cf3970e0e44,fraud,electronics,144,0,16394.29,True,False,0
pay_27ccf018e6f840,damaged,digital_services,975,0,3216.13,True,False,0
pay_b9a128465e9d4d,fraud,electronics,1001,0,25274.86,True,False,0
pay_e0c11caa85fc4d,not_received,digital_services,13,5,3645.5,False,False,0
pay_b001d2340ffd49,not_received,electronics,1246,0,31087.75,False,False,0
pay_dd1bcd13b94847,fraud,electronics,1404,0,30815.38,True,False,0
pay_cd749b9ceacd4a,not_received,electronics,1249,0,23920.38,True,False,1
pay_811efee401df46,fraud,electronics,881,0,31305.08,True,False,0
pay_9b73cfcf5db941,not_received,electronics,469,0,17369.76,True,False,0
pay_27a8bda53a9b47,damaged,electronics,779,0,14048.76,True,False,0
pay_102389cc04b946,damaged,digital_services,1473,0,2806.64,True,False,0
pay_34490af599664e,damaged,apparel,96,0,2911.65,True,False,0
pay_a03f3d04be8747,fraud,electronics,1107,0,25270.11,True,False,0
pay_f64a6cf7697347,fraud,electronics,1,3,26167.61,False,True,0
pay_d2a65e909fb148,not_received,apparel,3,3,3637.22,False,True,1
pay_15735897361f4c,fraud,electronics,231,0,29296.74,True,False,0
pay_657d959fc4ed4d,damaged,digital_services,988,1,2961.61,True,False,0
pay_0d3a4496b7ff41,fraud,apparel,1257,0,3561.35,False,False,0
pay_9fe4af81f74645,damaged,apparel,362,0,4935.89,True,False,0
pay_c70b1315413542,fraud,apparel,130,0,4291.25,True,True,1
pay_1d752a2b789d4d,damaged,apparel,12,2,4217.96,False,False,0
pay_70e0fb1e689041,fraud,electronics,1268,0,27721.43,True,False,0
pay_16c6ddc15ebc4f,fraud,electronics,827,0,28613.66,True,False,0
pay_c2d29a0bbf1d42,not_received,electronics,1472,1,32491.49,True,False,0
pay_8e0d91ce78a94b,fraud,apparel,315,0,1640.42,True,False,0
pay_2a7b67264ffb43,not_received,apparel,4,2,2235.18,False,True,0
pay_26a2fe441d5642,not_received,apparel,503,0,2638.92,True,False,0
pay_a0a410e527e941,fraud,electronics,1360,0,29085.98,True,True,1
pay_58cf82ec77104e,damaged,apparel,4,3,4566.92,False,True,1
pay_3f863550778248,not_received,electronics,75,1,26932.92,True,False,0
pay_8d3f9672b0df41,not_received,apparel,851,0,1542.29,True,False,0
pay_2e1af98c01154d,not_received,digital_services,654,0,1434.22,True,False,0
pay_81d238b146ca42,not_received,apparel,1269,0,4861.61,False,False,0
pay_bd37a600ec534d,fraud,digital_services,9,3,1699.08,True,True,1
pay_8f1152e6d86448,fraud,digital_services,279,0,2740.92,False,False,0
pay_59f81843d2fd48,not_received,apparel,127,0,3518.5,False,False,0
pay_44dbd162686948,not_received,electronics,10,4,20437.75,False,True,1
pay_268bcb7be7474c,fraud,electronics,113,0,32085.89,True,False,0
pay_ccd1f3e49bbc47,not_received,apparel,258,1,2660.48,True,False,0
pay_299845dd413841,not_received,digital_services,2,6,2398.21,False,False,0
pay_393baf6eb2a34d,fraud,apparel,3,5,3114.14,False,False,0
pay_c9336923fe3d41,fraud,electronics,1317,0,30339.02,True,False,1
pay_cd0a546fad334d,not_received,digital_services,9,2,3095.43,True,True,1
pay_0fb65a31b20e4f,fraud,electronics,205,0,29168.23,True,False,0
pay_4c87d6489b7a48,fraud,apparel,6,2,3686.27,False,True,0
pay_56793470724f49,fraud,apparel,166,0,3209.91,True,False,0
pay_dbd6f4df486c4e,damaged,digital_services,244,1,4145.28,True,False,0
pay_1a44dc373fcf44,not_received,digital_services,7,2,3516.09,False,True,0
pay_220a4befe08342,fraud,digital_services,1395,0,2424.28,True,False,0
pay_cf101421175042,fraud,apparel,489,0,1891.61,True,False,0
pay_03d75824496444,not_received,apparel,1426,1,3302.16,True,False,0
pay_6d6e066ee72d46,not_received,apparel,1049,0,2128.66,True,False,0
pay_7e31ce2f510743,not_received,digital_services,11,4,1482.63,False,True,0
pay_aea9aac0dd2242,damaged,electronics,1220,0,27359.39,True,False,0
pay_99b38f41453e4e,not_received,electronics,1153,2,22206.77,True,False,0
pay_ae64e75704fe41,fraud,electronics,254,0,18618.8,True,False,0
pay_72412cc4febf4b,not_received,apparel,1491,0,4394.8,True,False,0
pay_c4eb5f9a960144,damaged,electronics,1042,0,13669.25,True,False,0
pay_de89b7c897064f,not_received,apparel,990,0,1592.29,True,False,0
pay_79893277a46b4f,not_received,electronics,692,1,19309.73,True,False,0
pay_89f125b42c1847,fraud,electronics,1224,0,40447.36,False,False,0
pay_702ddea52c7240,fraud,electronics,1167,0,26049.49,True,False,0
pay_31587f4584ee4b,not_received,apparel,2,4,2995.05,False,False,0
pay_01e49dc766d348,damaged,electronics,207,0,20045.52,True,True,1
pay_e8e93921347847,not_received,electronics,4,2,31190.15,False,False,0
pay_20900f9c137d4b,not_received,digital_services,11,6,2145.19,False,True,1
pay_c31d8fa29be140,fraud,digital_services,107,0,3394.38,True,False,0
pay_b75a0188640e4d,fraud,digital_services,742,0,2235.73,True,False,0
pay_67bb03bb773f4b,not_received,apparel,467,0,2241.29,True,True,1
pay_a10daded089246,fraud,digital_services,840,0,2454.42,True,False,0
pay_5052f4e438bb41,not_received,apparel,923,0,3493.93,True,False,0
pay_96f57218120347,fraud,digital_services,1036,0,1812.31,True,False,0
pay_99f0966b66bf45,not_received,electronics,1051,0,23896.03,True,False,0
pay_4515326b290040,damaged,electronics,460,0,29672.99,True,False,0
pay_9dd7ff65bf774c,not_received,electronics,365,0,26776.92,True,False,0
pay_63e9b18da7ef4c,fraud,digital_services,566,1,1746.93,True,False,0
pay_4e18badf142547,not_received,apparel,1245,0,1903.17,True,False,0
pay_57bec1fb95bb4c,damaged,apparel,182,0,1723.86,True,True,1
pay_2c29bc6a3d9547,not_received,apparel,444,0,4250.14,True,False,0
pay_7fe637c4f2134a,fraud,digital_services,1396,0,1509.24,True,False,0
pay_f7445ec801cd46,fraud,digital_services,843,0,2930.67,True,False,0
pay_ef1bf0a45e9441,fraud,apparel,135,0,1441.78,True,False,0
pay_d7ca1208a3ec43,fraud,apparel,3,3,2359.89,True,True,1
pay_5b21a09f519b48,damaged,electronics,376,0,28453.52,True,False,0
pay_5e130a31b46444,damaged,apparel,1336,0,3474.27,True,False,0
pay_6a6e1adad25c46,fraud,digital_services,467,0,2294.21,True,False,0
pay_870926efdabe47,fraud,apparel,1301,0,3812.79,True,False,0
pay_2a6fc3c8d01c43,fraud,apparel,137,0,2676.08,True,False,0
pay_c437a2f8e7274c,damaged,electronics,1354,2,32364.43,False,False,0
pay_8b067e17da0545,not_received,electronics,945,0,35072.13,False,False,0
pay_5409889c457249,not_received,electronics,1254,0,24114.15,True,False,0
pay_0970c16e062941,not_received,apparel,7,5,2938.08,False,True,0
pay_763b467cb60b4f,not_received,apparel,1358,0,1374.64,True,False,0
pay_a164f8c1ce034c,fraud,digital_services,1066,1,2178.37,False,True,0
pay_f64435fe321241,fraud,apparel,710,0,2939.23,True,False,0
pay_19c558de1eb848,not_received,electronics,5,3,27480.88,False,True,0
pay_67c62e10f44744,not_received,electronics,470,0,26216.19,True,False,0
pay_9387c40d332c45,fraud,digital_services,94,0,2513.17,True,False,0
pay_a0e61e1c543d4a,fraud,apparel,5,4,2007.54,False,True,0
pay_aebb542d1faa42,fraud,apparel,1108,0,2087.99,False,False,0
pay_8a0f8c6d265745,not_received,apparel,575,0,5334.89,False,False,0
pay_d57f1e697c8148,not_received,electronics,289,0,29185.63,True,False,0
pay_d1bc4e183b724e,damaged,electronics,1004,0,36302.29,True,False,1
pay_aad884e8d4fb47,fraud,electronics,346,0,24939.67,True,False,0
pay_f5b7d0279c4a4c,fraud,electronics,1196,0,28112.5,True,False,0
pay_4ce9b8e4a12744,fraud,apparel,10,4,3565.06,False,True,0
pay_27a567bb2ce64e,not_received,apparel,33,0,4177.8,True,False,0
pay_4daa228e69ec47,not_received,digital_services,1451,0,3414.69,True,False,0
pay_2bc0051c532045,not_received,digital_services,1317,0,2888.27,True,False,0
pay_d9a049a8e1b042,fraud,apparel,695,0,2725.13,True,False,0
pay_60adc480535842,not_received,apparel,331,0,2059.46,True,False,0
pay_e853fc77fc2141,damaged,apparel,657,0,2186.59,True,False,0
pay_eabdebd93ec343,damaged,electronics,6,3,27822.03,False,False,0
pay_2ab741b43ced46,damaged,digital_services,1023,0,5176.51,True,False,0
pay_9e8c29bbed634f,not_received,apparel,1450,0,3190.72,True,False,0
pay_0387dd6a0dcb48,damaged,digital_services,1453,0,3561.5,True,False,0
pay_6b07430b7f8c45,fraud,digital_services,1031,0,3375.81,True,False,0
pay_9d1d07d7b99746,fraud,apparel,186,0,4093.02,False,False,0
pay_3eaade23200b4a,fraud,electronics,1490,0,27422.74,False,False,0
pay_39525d1844d542,not_received,apparel,397,0,2336.0,True,False,0
pay_983b91399ccb47,damaged,apparel,1021,0,2731.63,False,False,0
pay_4e96e365501648,fraud,apparel,815,0,1282.12,True,False,0
pay_d582c972c93e4a,not_received,electronics,1199,0,20583.28,False,False,0
pay_02ed2c2d4bad47,not_received,apparel,1390,0,3437.31,True,False,1
pay_5a0ac7300fe24a,damaged,digital_services,130,0,2204.2,True,False,0
pay_b7f960e4d22940,not_received,digital_services,192,0,2630.63,True,False,0
pay_029c9f8a218143,damaged,electronics,11,5,26505.18,False,True,1
pay_ef81a86ccb0f49,fraud,digital_services,250,0,2833.27,True,False,0
pay_308f756aee0b48,fraud,electronics,1,3,26044.86,False,False,0
pay_3ef2e32eca0b49,not_received,digital_services,1080,0,1379.48,True,False,0
pay_a500910abe7948,fraud,electronics,1331,0,21523.33,True,True,1
pay_8839d07335b342,fraud,digital_services,1383,0,2371.76,True,False,0
pay_ce9df98bfba54e,not_received,apparel,846,0,4521.86,True,True,1
pay_bedfbeeffdaf42,not_received,electronics,949,0,21870.33,False,False,0
pay_3829dae13ffe45,not_received,electronics,1379,0,24136.52,True,False,0
pay_1cc2bd8be89245,fraud,electronics,698,0,34858.59,True,True,1
pay_b907534d5c8543,not_received,apparel,252,0,2551.52,True,False,0
pay_5eca0b12ddec4e,fraud,digital_services,1203,0,3556.29,True,False,0
pay_ce65e8ed05ae4d,fraud,apparel,416,0,2539.57,True,False,0
pay_a0e5e75746e540,not_received,digital_services,1218,0,3136.49,False,False,0
pay_1cf43f4858cf42,fraud,apparel,449,1,2775.86,False,False,0
pay_9cb957a3044946,fraud,digital_services,1198,0,1897.78,True,False,0
pay_69bf7edea98e4a,not_received,apparel,12,2,2081.35,False,False,0
pay_73d060cc6dcc46,fraud,electronics,1173,0,26847.12,True,True,1
pay_c89f5f52626346,damaged,apparel,499,0,2365.91,True,False,0
pay_09217448aea441,not_received,electronics,1223,0,25979.87,True,False,0
pay_dfca35e3a61b40,damaged,digital_services,355,0,3305.89,True,False,0
pay_0f79313844e84b,fraud,electronics,11,6,13843.18,False,False,0
pay_46e1543d33e043,not_received,electronics,5,2,24807.58,False,True,0
pay_ed1e245a4eac48,fraud,electronics,429,0,22132.72,True,False,0
pay_2083524457c947,damaged,apparel,12,2,1806.17,False,False,0
pay_7f6f79741da544,fraud,electronics,1473,2,21038.2,True,False,0
pay_becbbc5d0c844c,fraud,digital_services,1343,0,4362.2,True,False,0
pay_0da30257652040,damaged,electronics,80,0,19594.96,True,False,0
pay_048e70c9ec0a49,fraud,electronics,1188,0,27154.82,True,False,0
pay_40007fb8215c4d,fraud,electronics,665,0,30044.4,True,False,0
pay_b56a8ddae6484b,fraud,electronics,1230,0,31590.47,False,False,0
pay_d376d2da17fd44,not_received,apparel,275,0,2438.65,True,False,0
pay_9b45742bd21c44,fraud,electronics,588,0,24915.82,True,False,0
pay_0310f8a4cee349,not_received,electronics,1202,0,20553.46,False,False,0
pay_57c835013bcb40,fraud,electronics,110,0,23546.2,True,False,0
pay_c12894389ac14b,not_received,electronics,242,0,27003.12,True,False,0
pay_42095f60876547,not_received,apparel,138,1,2939.78,True,False,0
pay_aedb2fd7856f4d,not_received,apparel,725,0,2215.19,True,False,0
pay_6fc1621ce5654c,not_received,electronics,898,0,22013.54,True,False,0
pay_e46b904efb8f46,fraud,electronics,518,0,20769.33,True,False,0
pay_f632a653a8104f,fraud,apparel,1395,0,1999.58,True,False,0
pay_8fd86b0c239d47,fraud,electronics,907,0,31419.29,False,False,0
pay_4ffcfb1449d546,not_received,apparel,5,6,3285.86,False,False,0
pay_3c6e381766c748,not_received,digital_services,375,0,4587.69,True,False,0
pay_f66373c4ae1143,damaged,electronics,1256,0,23729.97,True,True,1
pay_448480ba309b49,fraud,electronics,11,6,24087.87,False,True,1
pay_05cfc07c930d40,not_received,electronics,11,2,28597.63,False,True,0
pay_c9502c88ccde4c,not_received,apparel,1193,1,2660.51,True,False,0
pay_3d854d322f704d,not_received,electronics,6,5,17018.16,False,True,0
pay_2bb6096f58984c,damaged,apparel,2,3,1939.95,False,True,0
pay_2f7acf21f3e848,fraud,digital_services,11,4,3885.03,False,True,1
pay_b45577861fe64a,fraud,electronics,595,2,34228.8,True,False,0
pay_cc908636466747,not_received,electronics,917,0,21907.26,True,False,0
pay_7a5a5c030c1d4d,fraud,apparel,219,0,2365.51,False,False,0
pay_28e17683fb474e,fraud,electronics,1110,0,32057.43,True,False,0
pay_dcbeb4229ebf4d,fraud,electronics,596,2,28459.05,False,False,0
pay_1db769aab38449,fraud,apparel,1370,0,1335.13,False,False,0
pay_d178600b611f41,not_received,electronics,446,0,20622.53,False,False,0
pay_4a3fc58bfb7b45,fraud,digital_services,1153,0,1834.28,True,False,0
pay_d6690e304ed24d,not_received,electronics,927,0,12881.66,True,False,0
pay_6c6719d1b1ca48,not_received,apparel,707,1,4059.4,True,False,0
pay_e3dcee4653cc4e,not_received,apparel,4,6,1420.98,False,True,0
pay_846e29d5743245,damaged,electronics,1292,0,27827.03,True,False,0
pay_b3368225ee3847,fraud,electronics,1314,0,30547.99,True,False,0
pay_2d79339eeec04f,damaged,electronics,1044,0,18780.85,False,False,0
pay_d5826c3d36d94c,not_received,digital_services,2,4,2723.26,False,True,1
pay_2ff5cd07d4fa49,not_received,apparel,146,0,4272.22,True,False,0
pay_271f43721a254c,not_received,electronics,764,0,25795.86,True,False,0
pay_eaca7041ea2d44,not_received,apparel,842,0,3636.73,True,False,0
pay_82a9220452664f,damaged,apparel,12,6,4868.54,False,True,1
pay_73f2719b7e6242,damaged,digital_services,499,0,2518.6,True,False,0
pay_6e7c6b9f2ea744,fraud,electronics,151,0,22056.98,True,False,0
pay_2e3d02dfe03c40,fraud,digital_services,8,5,1613.95,False,True,0
pay_28dc29b0c25644,not_received,apparel,188,0,3706.65,True,False,0
pay_5e2a29f274ea49,damaged,digital_services,209,0,1532.01,True,False,0
pay_9f8bba74b3214d,fraud,electronics,810,0,19742.92,True,False,0
pay_d3314a6be0e64a,not_received,electronics,163,0,11554.95,True,False,0
pay_fce36fafe2c04c,not_received,digital_services,1146,0,2453.63,True,False,1
pay_227b665531644e,not_received,digital_services,758,0,3553.04,True,False,0
pay_9b89239dbbd14b,not_received,electronics,1046,0,27723.81,True,False,0
pay_444079a20cb04a,not_received,apparel,1206,0,2966.93,True,False,0
pay_f1f3b5dc13904f,damaged,electronics,10,5,22048.39,False,False,0
pay_9e10fe5d314047,not_received,electronics,11,5,27236.37,False,True,0
pay_7165a6ca4d1c4a,not_received,electronics,93,1,27553.95,True,False,0
pay_a29f4f46519247,fraud,electronics,115,0,30378.21,True,False,0
pay_255f0c7e7ba64a,not_received,apparel,9,3,1919.04,False,True,0
pay_943ad01024f340,fraud,electronics,229,0,32634.18,True,False,0
pay_5e6e7dd3112940,fraud,electronics,212,0,27510.12,True,False,0
pay_69ae9888c7eb47,not_received,digital_services,9,3,3386.24,False,False,0
pay_4b4ab8b3019c47,not_received,electronics,298,0,26265.29,True,False,0
pay_3a5991bdf7f447,not_received,apparel,54,0,3790.92,True,False,0
pay_abff32cd18ae4a,fraud,digital_services,12,2,4398.62,False,True,0
pay_0380f90f289f4f,not_received,electronics,1125,0,25272.98,True,False,0
pay_6b9c9de9d9ae49,not_received,electronics,1145,0,32923.92,True,False,0
pay_16e69d1be50e44,not_received,apparel,627,0,2441.27,True,False,0
pay_43f9bf81897d49,fraud,apparel,416,0,2881.21,True,False,0
pay_83837363639644,not_received,apparel,281,0,4374.37,True,False,0
pay_abc87d3c35594d,damaged,apparel,1383,0,3901.91,True,False,0
pay_627526ab67b945,fraud,digital_services,641,0,2572.76,True,False,0
pay_666c6f92731147,fraud,electronics,754,0,30595.4,True,False,0
pay_a35d6ab651244b,not_received,apparel,1114,0,2816.87,True,False,0
pay_20f6f6cb6ac54c,not_received,electronics,12,3,9073.19,False,True,0
pay_54f63f7b39af4c,not_received,electronics,895,0,26871.48,True,False,0
pay_e160cbf951504e,not_received,electronics,134,0,22042.04,True,False,0
pay_17ed51c4e1d643,fraud,apparel,403,0,4922.41,False,False,0
pay_6227af25b82f40,fraud,digital_services,1000,0,4595.14,True,False,0
pay_bcec313d843d4f,fraud,electronics,717,0,28015.89,True,False,0
pay_4524bbd9158745,fraud,electronics,555,0,29599.32,True,False,0
pay_14215f2564f949,not_received,electronics,778,0,25151.08,True,False,0
pay_b6775cd68b6148,fraud,electronics,329,1,21506.3,True,True,1
pay_46c95731b2cb46,damaged,apparel,942,0,2418.57,True,False,0
pay_c032e517adce49,damaged,apparel,9,5,1661.97,True,True,1
pay_775e506ac45546,damaged,digital_services,228,0,1620.94,True,False,0
pay_011d588bc7b544,damaged,apparel,1221,0,3096.77,True,False,0
pay_3e439defc6b54d,not_received,apparel,151,0,5042.14,True,False,0
pay_c4ba7e09a6a446,damaged,electronics,885,0,20209.77,False,False,0
pay_c34347b3161e40,fraud,apparel,1462,0,3739.84,True,False,0
pay_e4532299f0a849,fraud,apparel,393,0,3751.42,True,False,0
pay_fc8623b73e4d41,not_received,digital_services,270,0,3634.78,True,False,0
pay_160caa12396a45,fraud,digital_services,873,2,2648.94,True,False,0
pay_da351c5dbf234f,damaged,digital_services,114,1,2155.26,True,False,0
pay_7586c06e17f542,not_received,electronics,198,0,30735.74,True,False,0
pay_e7ccacc429ac4f,not_received,electronics,610,0,24326.54,False,False,0
pay_ceacc6ec14e44f,fraud,digital_services,970,0,3192.21,True,False,0
pay_8e3668bcf5bf49,not_received,apparel,524,0,3205.19,True,False,0
pay_592ceb37119b4a,fraud,apparel,1453,0,4959.76,True,False,0
pay_f13f9c33de4240,damaged,electronics,646,0,29589.57,True,False,0
pay_2e43cbe0dafb4f,fraud,digital_services,190,0,3032.48,False,False,0
pay_32ed0a0d1a7541,not_received,apparel,9,2,2088.85,False,True,0
pay_b2c3aa290ca84e,fraud,apparel,528,0,2138.86,True,False,0
pay_fc1061a7eab34a,fraud,digital_services,858,0,3919.42,True,False,0
pay_77bab0c681d946,not_received,electronics,1127,0,22722.61,True,False,0
pay_d43fa8a9d8b644,fraud,apparel,865,0,2173.41,True,False,0
pay_a20735d2f7074d,not_received,apparel,617,0,2470.88,True,False,0
pay_c36bea79cf3142,fraud,apparel,1069,0,2507.13,True,False,0
pay_e287a31301df47,fraud,electronics,791,0,23581.31,True,False,0
pay_b0c76fb8697d4f,not_received,apparel,1135,0,1678.14,True,False,0
pay_bd04aa114f7e4e,fraud,apparel,1248,0,3292.82,True,False,0
pay_0dda919029bd45,fraud,apparel,8,3,3568.19,False,True,1
pay_2fe5617507014b,damaged,digital_services,1465,0,3175.62,True,False,0
pay_561fd2cc60464f,fraud,electronics,1034,0,35432.94,True,False,0
pay_09261e44fdf54d,fraud,digital_services,292,0,4192.47,True,False,0
pay_e51ad971661f42,fraud,apparel,567,0,2564.65,True,False,0
pay_10f6b6f7c39147,not_received,apparel,1034,0,4216.55,True,False,0
pay_f2c690b6df5e4c,not_received,electronics,856,1,34922.08,True,False,0
pay_c8fa2255275f47,fraud,electronics,412,0,16088.5,True,False,0
pay_48f8ec2bb6da43,not_received,apparel,613,0,3277.52,True,False,0
pay_8944c5518e814c,fraud,electronics,2,2,23152.61,False,True,0
pay_9ede362049d94c,not_received,digital_services,2,6,3136.14,False,True,1
pay_2db13d40a3b442,fraud,electronics,901,1,26784.82,True,False,0
pay_011455762b5548,not_received,digital_services,8,4,1842.75,False,True,0
pay_1952763491624a,damaged,apparel,881,0,4073.64,True,False,0
pay_6270db23cf8644,not_received,apparel,497,0,3311.3,True,False,0
pay_7788977a6e6147,damaged,electronics,630,0,22320.57,True,False,0
pay_d618b3c08b5447,fraud,electronics,1035,0,33431.26,True,False,0
pay_91262cbfd5e648,fraud,electronics,5,4,29819.43,False,True,0
pay_7bc34a855fe444,fraud,apparel,703,1,1871.06,True,False,0
pay_7ef698ad52544e,fraud,apparel,594,0,2951.27,True,False,0
pay_cd6d8c3d436e4c,fraud,apparel,6,6,4035.45,False,True,1
pay_c429f4bd53ee4b,fraud,digital_services,831,0,3261.07,True,False,0
pay_b444bded7d654b,not_received,apparel,1261,0,2975.67,True,False,0
pay_e950389635c440,fraud,electronics,218,0,21751.28,True,False,0
pay_012f7c2fd33c48,fraud,electronics,414,0,20835.68,True,False,0
pay_b224785ce84f45,fraud,digital_services,973,1,2380.1,True,False,0
pay_c163dacae8d549,damaged,electronics,727,0,18689.03,True,False,0
pay_bad06479118c49,fraud,apparel,5,4,4941.94,False,False,0
pay_f2d2282fe6e143,not_received,electronics,1496,2,24383.77,True,False,0
pay_9bd9c990b3a943,not_received,electronics,902,0,24358.78,True,False,0
pay_a812fe3c7f674e,not_received,apparel,4,4,3911.21,False,True,1
pay_a8d1c4ebe75e40,fraud,apparel,220,0,4070.46,True,False,0
pay_76eba1dedfcc48,fraud,apparel,3,4,3150.07,False,True,1
pay_974c8275db1449,not_received,apparel,983,0,2820.95,True,False,0
pay_5cae932f31fa4b,fraud,electronics,1110,1,33141.98,True,False,0
pay_22915f3417454a,fraud,electronics,12,4,30530.77,False,True,0
pay_21ad8467f4cb4d,fraud,apparel,1053,0,3225.67,True,False,0
pay_24e45c13c83d49,damaged,apparel,1215,0,3737.07,True,False,0
pay_7377f382dd574b,not_received,electronics,1168,2,24556.34,True,False,0
pay_ab1c6a9e5d5242,not_received,apparel,526,0,2266.99,False,False,0
pay_7de7c236db9c46,not_received,apparel,10,5,3262.68,False,True,0
pay_49ad261e8ef347,damaged,electronics,530,0,35125.54,True,False,0
pay_2c043417904944,not_received,apparel,1371,0,4075.85,True,False,0
pay_60e50c04637043,not_received,apparel,934,0,3946.39,True,False,0
pay_eec591d934444a,damaged,electronics,935,0,18770.27,True,False,0
pay_c8d296b9012742,not_received,apparel,672,0,2452.48,True,False,0
pay_63ff51c02ae74e,fraud,apparel,969,0,4435.76,True,False,0
pay_1ac4fceba12046,fraud,digital_services,11,4,3290.27,False,True,1
pay_89352c44fec544,not_received,apparel,220,0,2786.7,True,False,0
pay_b5fc1445848140,damaged,electronics,492,0,30226.06,True,False,0
pay_b7b698989ad946,not_received,electronics,422,0,35321.97,False,False,0
pay_f7e9a83893684f,not_received,digital_services,1172,1,4143.85,True,True,1
pay_35ff1a4b5f8e40,not_received,digital_services,463,0,2857.68,True,False,0
pay_6483d4ed569d4c,not_received,electronics,1187,0,25057.58,True,False,1
pay_00736cc44ebc46,not_received,electronics,824,1,13326.84,True,False,0
pay_7a73d002801044,fraud,apparel,1252,0,3387.77,True,False,0
pay_bda623e3dd2541,damaged,apparel,85,0,2413.57,True,False,0
pay_9b83354e28f940,not_received,electronics,13,6,24287.78,False,False,0
pay_b3dd4b45a6d64e,not_received,apparel,13,5,3925.9,False,False,0
pay_9d1ae050b96044,fraud,electronics,894,0,22373.5,True,False,0
pay_abe7cc1f44cf47,fraud,electronics,724,2,14176.31,False,True,1
pay_6d71d347606146,not_received,electronics,1077,0,16119.34,True,False,0
pay_da0afb02527947,not_received,apparel,13,5,3275.57,False,True,1
pay_332a810936de4f,not_received,digital_services,660,0,2005.19,True,True,1
pay_d2b8e5fca68840,fraud,apparel,907,0,2557.35,True,False,0
pay_d6cc715f1cd346,not_received,electronics,1,2,21852.58,False,True,0
pay_edcbc26fd6134a,damaged,digital_services,648,1,2969.7,True,False,0
pay_7d4bd1a993a640,fraud,electronics,661,0,25326.69,True,False,0
pay_804fa31852af48,not_received,apparel,1175,0,4661.73,False,False,0
pay_3edb8a6281d24b,not_received,apparel,9,2,2852.73,False,False,0
pay_11af5f4f852e46,not_received,electronics,607,0,28084.43,True,False,0
pay_5edc8756446d41,not_received,electronics,135,0,18905.07,True,False,0
pay_6d777e8703e143,not_received,digital_services,1010,0,3723.77,True,False,0
pay_ff359c17bdb449,damaged,apparel,745,1,2079.77,True,False,0
pay_70704718f1ac4e,fraud,electronics,1001,0,22796.93,True,False,0
pay_1dd41f34378f45,not_received,digital_services,870,0,2719.01,True,False,0
pay_04b9fa92eca44a,fraud,electronics,418,0,25473.77,False,False,0
pay_ae9b5065ff044d,fraud,electronics,260,0,21760.95,True,False,0
pay_324acffc06f04e,fraud,apparel,9,6,2749.52,False,False,0
pay_96d7fff3b8ad4f,fraud,apparel,467,0,3440.11,True,False,0
pay_c399630338c544,damaged,electronics,113,0,19951.42,True,False,0
pay_ba3fbec318094c,damaged,electronics,817,0,28201.58,False,False,0
pay_a8b549fff0634d,fraud,apparel,508,0,2522.68,False,False,0
pay_f00fa905f78543,not_received,apparel,1241,1,3204.89,True,False,0
pay_ae241255198348,not_received,digital_services,262,0,4085.26,True,False,0
pay_b0acfc8193904c,damaged,apparel,6,6,3171.57,True,True,1
pay_11d1535549d345,not_received,apparel,1414,2,2370.93,True,False,0
pay_35c72c3800e94d,fraud,electronics,645,0,22142.01,False,False,0
pay_68c4e752b6b441,not_received,digital_services,425,0,3645.51,True,False,0
pay_fd0056367aed4a,not_received,electronics,352,0,18904.7,True,False,0
pay_e6bb387f02a345,not_received,apparel,595,1,4596.24,True,False,0
pay_b8af40335c9e43,damaged,digital_services,252,0,2322.31,True,True,1
pay_93857f121e1f40,damaged,digital_services,577,0,1734.51,True,False,0
pay_6ed24cfc8b5544,not_received,apparel,1457,0,2595.88,False,False,0
pay_c8e62eb625f349,not_received,apparel,708,0,3614.41,False,False,0
pay_28027c052a0a46,damaged,digital_services,5,6,6798.7,False,False,0
pay_8c1d6a1f596c46,fraud,digital_services,1053,0,3677.78,False,False,0
pay_385d157f496a4a,fraud,apparel,123,0,2951.62,False,True,0
pay_b5259d14eb874d,fraud,apparel,109,0,2072.61,True,False,0
pay_52dffc71bdde4c,damaged,electronics,1151,0,23230.46,True,False,0
pay_7de4ff38e7f340,not_received,apparel,392,0,3453.62,True,False,0
pay_a3506232154a4a,fraud,electronics,1078,0,20959.24,True,False,0
pay_9226abb17a1a45,damaged,apparel,986,0,2168.02,True,True,1
pay_cc23e45bee9449,not_received,apparel,989,0,2909.47,True,False,0
pay_92adde1268214d,damaged,electronics,5,5,18914.67,False,True,1
pay_5f1396f73c9940,fraud,electronics,1097,0,21147.24,True,False,0
pay_9cd1a92595334c,not_received,electronics,271,0,29629.39,False,False,0
pay_32599464d69245,not_received,electronics,133,2,26847.28,True,False,0
pay_faa41e9640e848,not_received,apparel,878,0,2295.32,False,False,0
pay_4a42abd30ee048,not_received,digital_services,1134,0,4658.04,True,False,0
pay_f7ae3729915049,damaged,apparel,9,6,1931.67,False,True,1
pay_62ee2fa82c574f,fraud,electronics,519,0,16185.74,True,False,0
pay_13140624bd6245,damaged,electronics,11,3,28649.58,False,True,1
pay_50216dc362404a,fraud,apparel,145,0,1949.38,True,False,0
pay_f60717dd15e44b,fraud,apparel,3,6,855.97,True,True,1
pay_26a56484f48a4d,fraud,apparel,213,0,4657.71,True,False,0
pay_0430e82b208c4e,fraud,electronics,1430,2,16303.61,True,False,0
pay_b55e2ba2399e41,fraud,electronics,12,5,34113.71,False,True,0
pay_1580471f922343,damaged,electronics,7,5,23905.0,False,True,1
pay_5b6d0101c5be46,not_received,apparel,1275,0,1795.68,True,False,0
pay_3051c4e5d3284a,not_received,apparel,859,0,3868.01,False,False,0
pay_17085e06f00f4d,not_received,digital_services,599,2,2256.35,False,False,0
pay_2e56fc0d4f7846,fraud,apparel,2,6,2990.99,True,True,1
pay_212c602a3f064f,fraud,apparel,880,0,3892.29,True,False,0
pay_cdd3b5540f444e,not_received,digital_services,1125,0,3228.81,True,False,0
pay_b73be7fffca248,not_received,apparel,1071,0,3061.82,True,False,0
pay_d4e7078e220348,not_received,apparel,103,1,1752.7,True,False,0
pay_b834d5cf198c4a,not_received,digital_services,434,0,2729.9,False,False,0
pay_0ab482a082bc4d,not_received,electronics,383,0,32960.94,True,False,0
pay_addd43a69fff42,not_received,electronics,1290,0,20687.85,True,False,0
pay_eedfd49efa764c,damaged,digital_services,111,0,2988.28,False,False,0
pay_5c70df20848241,fraud,apparel,264,2,3308.72,True,False,0
pay_3b36814b558f41,not_received,apparel,526,0,3112.7,True,False,0
pay_12d813e1ef3e4b,not_received,digital_services,831,0,2361.27,True,False,0
pay_4a5add5eb0ac40,damaged,electronics,851,0,33146.0,False,False,0
pay_bd7f7d20f06040,fraud,apparel,316,0,2601.64,True,True,1
pay_76329519bb6d42,not_received,apparel,1389,1,3674.09,True,False,0
pay_76ce39f0ddf84a,fraud,electronics,503,0,20057.13,False,False,0
pay_d28239151e074a,not_received,electronics,736,0,24656.57,True,False,0
pay_b0a87f3ee7de4a,fraud,apparel,2,3,2147.04,False,False,0
pay_0a42bf4e77424d,fraud,electronics,1367,0,21767.63,True,False,0
pay_94e9e9cada484d,not_received,electronics,499,0,19323.29,True,False,0
pay_3e4390ebdafd4a,fraud,electronics,672,2,25561.1,False,False,0
pay_bdf897cd721040,fraud,apparel,1386,0,1949.65,True,False,0
pay_8fd9c82b4b424d,fraud,digital_services,5,5,4534.49,False,True,0
pay_aafa5e9a5e9f4b,fraud,apparel,1097,0,2010.26,False,False,0
pay_2b38db68fa8f4d,damaged,apparel,920,0,4338.34,False,False,0
pay_becc2227821e42,not_received,digital_services,1481,1,2165.55,True,False,0
pay_2379a2ed2f1b40,damaged,electronics,12,5,24306.41,False,False,0
pay_b00863eda7c04f,not_received,electronics,463,0,21295.82,True,True,1
pay_b048e7d437104f,damaged,electronics,1126,0,24944.71,True,False,0
pay_50600669800d46,not_received,electronics,619,0,18764.54,False,False,0
pay_4fc55606d95b44,not_received,electronics,1219,1,27035.47,True,False,0
pay_3d7485642ffd45,not_received,electronics,119,0,31472.74,True,False,0
pay_0c32ae5185344c,not_received,electronics,1,6,27192.44,False,True,1
pay_7cd8183d6f1e4e,not_received,apparel,1087,0,3716.79,True,False,0
pay_4eab77ac661348,fraud,electronics,457,0,34424.49,True,False,0
pay_2dc9569bab734c,fraud,apparel,857,0,3634.66,True,False,0
pay_4d68f89e348c4a,not_received,apparel,1213,0,2269.64,True,False,0
pay_bd7b1263735d4a,not_received,electronics,904,0,26557.11,True,False,0
pay_fd074c7f5aee43,fraud,digital_services,772,0,1320.03,True,False,0
pay_5778411233184e,fraud,apparel,835,1,3754.23,False,False,0
pay_c9592bf90b664e,not_received,electronics,772,0,28707.68,True,False,0
pay_f9d67fa6645f46,damaged,electronics,634,0,18496.69,True,False,0
pay_24ebc0cca0a148,fraud,apparel,883,0,3929.86,True,False,0
pay_e4e0cf4b40234a,fraud,apparel,673,1,2292.33,True,False,0
pay_104222ab452546,damaged,apparel,1403,0,4432.47,True,True,1
pay_e9f07e43735f42,not_received,electronics,701,0,20600.36,True,False,0
pay_1d0fd95d67fe44,fraud,apparel,663,0,4217.82,True,False,0
pay_b833b8eddbb341,damaged,apparel,1054,0,3900.91,True,False,0
pay_233c22db94ac47,not_received,digital_services,10,6,2930.08,False,True,0
pay_d7bb2aa5ece24b,not_received,apparel,4,3,3976.45,False,True,0
pay_1505c70a0fa34f,damaged,electronics,1060,0,26902.99,False,False,0
pay_97e1e19866f04c,damaged,electronics,3,3,20522.7,False,True,1
pay_63fdf477c33249,fraud,electronics,13,5,31302.39,False,True,1
pay_7c7782d2fe5c4e,fraud,apparel,1086,0,2567.57,True,False,0
pay_7ecc20be76ef4e,fraud,electronics,876,0,32076.83,True,False,0
pay_138f6b9019364b,fraud,apparel,1398,0,2705.18,True,False,0
pay_985d5200991545,fraud,apparel,156,0,1488.76,True,False,0
pay_d4c9ced7252b45,fraud,electronics,566,2,21585.99,True,False,0
pay_e801f0709c0842,damaged,apparel,491,0,4488.5,True,False,0
pay_076c06e1d60942,damaged,apparel,1367,0,3022.53,True,True,1
pay_deb84e3ecd8147,not_received,apparel,13,3,4376.39,False,True,1
pay_2c9808240a0943,not_received,digital_services,12,5,4008.96,False,False,0
pay_2704af30d92643,fraud,apparel,237,0,3377.22,True,True,1
pay_5d0ebdf921a44c,fraud,electronics,808,0,32214.99,False,False,0
pay_ef3379149afe4a,fraud,digital_services,226,0,3074.38,True,False,0
pay_be88625fee8646,not_received,apparel,1387,0,2129.51,True,False,0
pay_75664d9e624e43,fraud,apparel,585,0,3641.9,True,False,0
pay_3ce9ee796c5344,damaged,apparel,11,5,3360.55,False,True,1
pay_5050a59869ad46,not_received,electronics,351,0,33791.17,True,False,0
pay_178ddba490c84b,fraud,electronics,591,0,18155.5,True,False,0
pay_6d7e00b98bfa4c,fraud,apparel,41,0,1566.98,True,False,0
pay_d336a29f3d3c46,not_received,electronics,4,3,29587.62,True,False,0
pay_a574d46ba02f46,damaged,digital_services,9,4,4279.42,False,False,0
pay_bde3b31e984842,not_received,electronics,1367,0,23505.32,True,False,0
pay_237580c8e52141,fraud,apparel,1230,0,2677.1,True,False,0
pay_705b865813fb4d,not_received,apparel,1216,0,3891.99,True,False,0
pay_19aa22866ae348,fraud,apparel,874,0,2507.01,True,False,0
pay_ecc4ed25826441,damaged,apparel,132,2,2601.04,True,False,0
pay_7358fca3153a44,not_received,apparel,5,6,2892.55,False,True,1
pay_2a905977da8444,not_received,electronics,1288,0,19836.34,False,False,0
pay_4c5ade1964e148,not_received,electronics,9,6,28223.45,False,True,1
pay_7efa04159fd549,not_received,digital_services,11,3,2022.58,False,True,0
pay_13ceea55911a47,fraud,digital_services,988,0,3831.42,True,False,0
pay_0afa5ce4e86847,fraud,electronics,492,0,25040.27,True,False,0
pay_b3590159a0b34b,fraud,electronics,13,5,21113.16,False,True,1
pay_20c584bd330a47,damaged,electronics,451,0,29068.28,True,False,0
pay_541b374262cd47,not_received,digital_services,11,4,4569.5,False,True,1
pay_3c2609c9284a4c,fraud,electronics,8,3,26316.57,False,True,1
pay_ce68351723624b,damaged,electronics,759,0,20075.8,True,False,0
pay_9053449ab37a43,fraud,electronics,1247,0,21996.33,True,False,0
pay_ec17874ebeda4f,fraud,apparel,575,0,2538.06,True,False,0
pay_fc0938dced594c,fraud,digital_services,51,2,2741.63,True,False,0
pay_bdd11adcc17741,not_received,electronics,367,0,24097.48,True,False,0
pay_0bfc79d30cb548,not_received,electronics,5,2,32576.65,False,True,0
pay_56f1b733095744,not_received,apparel,155,0,3103.01,True,False,0
pay_b7287fadb32e4d,not_received,electronics,1267,1,27415.75,True,True,1
pay_1cdc252f0a9140,fraud,electronics,2,5,32365.98,False,True,0
pay_3386361a4bca43,not_received,digital_services,1264,0,4386.98,True,False,0
pay_83541904dcb84d,fraud,digital_services,149,1,4745.92,True,False,0
pay_701273e6bbb741,not_received,digital_services,904,0,3407.23,True,False,0
pay_36f6229c82f949,not_received,apparel,554,0,4367.32,True,True,1
pay_fa000406f5c645,not_received,electronics,518,0,21970.15,True,False,0
pay_a055c333818740,not_received,apparel,1372,0,1900.6,True,False,0
pay_ff60f7c3e8884b,not_received,electronics,355,0,22975.21,True,False,0
pay_fb7f8ad355ce45,fraud,electronics,749,0,27141.44,True,False,0
pay_559e98f80d5b4b,damaged,electronics,12,4,25407.35,False,True,1
pay_194ee9f670cf40,fraud,digital_services,450,0,1419.5,True,True,1
pay_1d7d2bd44cb34e,fraud,apparel,823,1,2850.27,True,False,0
pay_19f3f9cc90e246,not_received,electronics,588,2,28190.36,True,False,0
pay_4e901114a9d041,not_received,electronics,11,2,28639.37,False,True,0
pay_b0f3799981fc4f,fraud,digital_services,747,1,2564.45,True,False,0
pay_cc699d1d6c1c4b,damaged,digital_services,1331,1,1921.21,True,False,0
pay_9c0694b0315942,damaged,apparel,580,0,2622.36,True,False,0
pay_e59067962f8e48,not_received,electronics,892,0,20776.8,True,False,0
pay_cbd6329b806c42,not_received,apparel,1430,0,3171.3,True,False,0
pay_64926194125742,not_received,apparel,134,0,1943.2,True,False,0
pay_df5a5b73e6e04b,fraud,digital_services,1423,0,4272.88,True,False,0
pay_edf009f5c6ba4c,not_received,electronics,1478,1,19709.94,True,False,0
pay_3ca2cddcd83a4c,damaged,apparel,1,5,1599.76,False,True,1
pay_7f83799dc6274f,damaged,electronics,331,0,17216.9,True,False,0
pay_8cf48a1dbe7b4c,damaged,apparel,762,0,1560.32,True,False,0
pay_d2b4d33c08eb44,fraud,electronics,5,3,27941.38,False,True,1
pay_feb38bd874a54b,fraud,digital_services,4,6,3069.15,False,True,1
pay_277a29029ace44,fraud,electronics,689,0,30080.8,True,False,0
pay_93df404b219040,not_received,apparel,1378,0,3938.59,True,False,0
pay_64e757638cc243,fraud,apparel,653,0,2884.94,False,False,0
pay_832996a2870544,fraud,digital_services,1,6,3009.97,False,True,1
pay_7429d8ae3f9b44,not_received,apparel,10,2,4843.77,False,False,0
pay_42cdf22701a541,not_received,electronics,956,0,32237.47,True,False,0
pay_a0602681211c45,not_received,electronics,1011,0,17581.65,True,False,0
pay_899335109d934a,damaged,apparel,605,0,2369.99,True,False,0
pay_a03c676144db49,fraud,apparel,121,0,2039.6,True,False,0
pay_124c3623e6764b,fraud,electronics,568,0,22688.33,True,False,0
pay_b47f94d2d8e74f,not_received,apparel,1015,1,4142.69,True,False,0
pay_d457355746f24c,not_received,electronics,1207,0,29091.58,True,False,0
pay_32c15046c28d4a,not_received,digital_services,377,0,2696.48,True,False,0
pay_a836dd250e6b45,fraud,electronics,5,2,24371.86,False,True,0
pay_9fb2ea5c6f4441,fraud,electronics,8,6,19895.4,False,False,0
pay_1b6d18d3c28647,not_received,electronics,432,0,39573.49,True,False,0
pay_0cfd1ebb321742,damaged,apparel,966,0,5423.54,True,False,0
pay_d90f8fada9184d,damaged,electronics,1018,0,17049.71,True,False,0
pay_36079e31de3c4b,not_received,apparel,1013,2,2763.55,True,False,0
pay_b501134fa1144f,not_received,electronics,3,3,22163.51,False,True,0
pay_b95f90e14fd742,damaged,electronics,8,4,22832.33,False,True,1
pay_8f668e9dc21944,not_received,digital_services,308,2,3793.02,True,False,0
pay_6aece750a25341,not_received,digital_services,1,5,2208.97,False,False,0
pay_b2434d25b6e544,damaged,apparel,690,0,2986.87,True,False,0
pay_4f009da61b8240,not_received,digital_services,1334,0,100.0,True,False,0
pay_df862ccb7a224c,damaged,electronics,12,3,20143.85,False,True,1
pay_a59999d2a2324f,fraud,electronics,993,0,20715.07,True,False,0
pay_d881f34bd10045,not_received,electronics,870,1,28548.08,True,False,0
pay_599eb21cebef4c,damaged,digital_services,599,0,4112.03,True,False,0
pay_a50a9058525644,fraud,apparel,973,0,3012.19,True,False,0
pay_0606b6deda2e40,not_received,electronics,886,0,25366.33,True,False,0
pay_fa75ea0be9804f,fraud,electronics,4,2,27278.2,True,True,1
pay_b5cc492fbee248,damaged,electronics,392,0,30275.12,True,False,0
pay_c99e4afc137046,not_received,electronics,1195,0,27532.94,True,False,0
pay_3c31b119b3844d,fraud,apparel,215,1,4649.81,True,False,0
pay_61c3965a017f40,not_received,electronics,1227,0,17772.63,True,False,0
pay_7150210709074e,not_received,electronics,7,3,18547.22,False,True,1
pay_f3053308187646,not_received,electronics,1376,0,17251.27,True,False,0
pay_df1ceacb8dee4e,not_received,apparel,1153,2,4887.83,True,False,0
pay_9a3461d56a1a49,damaged,apparel,990,0,2595.65,True,False,0
pay_1a2d7c9f973846,not_received,apparel,499,0,2815.08,True,False,0
pay_ce3bd329c21d42,not_received,apparel,1164,0,3128.01,False,False,0
pay_c9ce780612b342,fraud,electronics,1220,0,25990.67,True,False,0
pay_c2f2257f08e14c,damaged,electronics,593,0,21852.26,True,False,0
pay_5ffeeddb47234d,fraud,digital_services,84,0,4974.63,True,False,0
pay_10d48bd2f20d43,not_received,electronics,400,0,24321.14,True,True,1
pay_6559c2c79f994d,damaged,apparel,791,0,3112.98,True,False,0
pay_be51532212d74e,fraud,digital_services,1377,0,2912.61,True,True,1
pay_3ca45604749141,not_received,apparel,6,5,4050.27,False,True,0
pay_07c318e8eafd45,fraud,electronics,1043,0,22936.52,True,False,0
pay_e760ae05eadd43,not_received,digital_services,696,1,3716.97,True,False,0
pay_773fcc57765945,not_received,electronics,1038,0,31771.73,True,False,0
pay_e72d3c40feb249,damaged,apparel,7,3,2448.04,False,False,0
pay_b80bfe4722884c,damaged,electronics,903,0,33298.27,True,False,0
pay_9b9e6ee4383343,not_received,apparel,594,0,4535.79,True,False,0
pay_02b90a8703c44a,not_received,apparel,9,4,4103.42,False,False,0
pay_279fba4dbfe74e,not_received,apparel,4,6,2255.89,False,True,0
pay_a35ed9dd26314f,fraud,apparel,9,4,2914.81,False,True,0
pay_ba3c5640f60044,not_received,digital_services,1346,0,3246.94,True,False,0
pay_98f7bb99ed0f4e,damaged,electronics,327,0,29152.55,True,True,1
pay_8f4f90b69e6349,not_received,digital_services,1463,0,3286.32,False,False,0
pay_3c5d6b7ebd4f4f,fraud,electronics,11,4,17400.2,False,True,1
pay_bcd1a0c4b4a547,fraud,electronics,1003,1,24708.64,True,False,0
pay_794002562e3444,not_received,digital_services,1,3,3887.34,False,True,0
pay_e3789610184447,fraud,apparel,8,4,4175.76,False,True,1
pay_af5bb311d2c34e,not_received,electronics,388,1,31069.34,True,False,0
pay_a4d5e38df68448,not_received,apparel,66,0,2493.38,True,False,0
pay_5972b403a3f049,not_received,electronics,6,3,25091.42,False,False,0
pay_4427e131b41542,fraud,apparel,517,0,2414.89,True,False,0
pay_73eb5203856245,not_received,apparel,13,4,2330.16,False,True,1
pay_5b5cad6273a540,damaged,digital_services,1478,2,3377.59,False,False,0
pay_7978e94c883d44,damaged,electronics,1122,0,17815.63,True,False,0
pay_e3e3f2f093b949,not_received,electronics,1470,2,21681.6,True,False,0
pay_a1c08c248f6247,fraud,electronics,956,0,24514.34,True,False,0
pay_167c45f9fbf449,damaged,electronics,1169,0,20607.47,True,False,0
pay_ec70aef9b3134b,not_received,digital_services,1365,0,2540.23,True,False,0
pay_0f0af2614b2648,fraud,digital_services,1015,0,3477.26,True,False,0
pay_f3e6a8db236646,fraud,apparel,1316,0,3081.73,False,False,0
pay_93b9423e3bf64b,fraud,apparel,1366,0,2822.85,True,False,0
pay_8fa010c7f9c84c,fraud,digital_services,1120,1,4157.68,True,False,0
pay_4f0b7e16edc74c,fraud,electronics,3,2,24033.23,False,True,0
pay_44e363efc9bf4e,damaged,electronics,185,0,27754.2,True,False,0
pay_e4bbeafa6eb94c,not_received,electronics,1098,0,27877.28,True,False,0
pay_c842dda6312d48,not_received,digital_services,985,0,2512.15,True,False,0
pay_f2dd131c8ac144,damaged,apparel,676,0,2720.02,True,False,1
pay_fad8eccc465949,not_received,apparel,587,0,2598.46,True,False,0
pay_7e209f273a374f,damaged,electronics,1492,0,21063.1,True,False,0
pay_a0191de981524b,damaged,apparel,806,1,2828.66,True,False,0
pay_ee4cd2337e1b4a,not_received,digital_services,703,0,287.13,True,False,0
pay_92a4603fc68648,damaged,electronics,1366,0,22683.25,True,False,0
pay_c00dc7c04fd942,not_received,apparel,1282,0,3816.93,True,False,0
pay_0691249e0ef444,fraud,electronics,1306,0,27406.39,True,False,0
pay_f8476fb8e13e46,not_received,apparel,785,2,2853.7,True,False,0
pay_4c042a1ed6c94a,not_received,apparel,67,2,4135.27,True,False,0
pay_39ed0c96ad6b42,damaged,electronics,225,0,33107.01,True,False,0
pay_cdddc511149445,fraud,apparel,12,4,220.39,False,True,0
pay_f7674fc8fb4846,not_received,electronics,568,0,29591.79,True,False,0
pay_b5c8eb3ad0fb40,fraud,digital_services,251,0,2762.97,False,False,0
pay_603927cfbec34e,fraud,digital_services,1043,0,3520.82,True,False,0
pay_f9f8cfbedf6c47,fraud,apparel,1406,1,3857.95,True,False,0
pay_91ebd3dd835146,not_received,electronics,865,0,19627.29,True,False,0
pay_f3d426ce583340,damaged,apparel,1043,0,3131.29,True,False,0
pay_7c2e311cfd5744,fraud,apparel,1088,0,2992.03,False,False,0
pay_e4cbe672acda44,not_received,electronics,73,0,27349.29,True,False,0
pay_d3848c7ed79342,fraud,electronics,1213,1,26235.55,True,False,0
pay_f147566625d841,fraud,digital_services,6,6,2692.12,False,False,0
pay_9ea6898766c641,not_received,apparel,586,0,3043.78,True,False,0
pay_a69b95e77ff141,fraud,digital_services,1044,2,2651.66,True,False,0
pay_a90b622f1a6f43,not_received,apparel,1250,0,2484.05,True,False,0
pay_97139be892a24b,fraud,apparel,149,1,3967.9,True,False,0
pay_06db9e4af95341,fraud,apparel,1280,0,2728.0,True,False,0
pay_159cf088295d49,not_received,electronics,182,0,21153.58,True,False,0
pay_14320049cb4f41,not_received,digital_services,902,0,2341.88,False,False,0
pay_da8b1fe56c1541,fraud,digital_services,1169,0,2816.3,True,False,0
pay_c88ee8cd2bba4a,not_received,digital_services,281,0,3201.08,True,False,0
pay_0a3c71f3238d4e,damaged,apparel,347,2,1905.59,False,False,0
pay_3beaa33e17ae4b,not_received,apparel,165,0,1923.84,True,False,0
pay_24200eb76fea44,fraud,apparel,1382,0,3429.68,True,False,0
pay_832fb5d0efe14d,not_received,digital_services,1435,1,2954.09,True,False,0
pay_fecdd48cac1f4b,not_received,apparel,943,0,2659.11,True,False,0
pay_a5ce044c4fcc41,fraud,electronics,83,0,25725.12,True,False,0
pay_0d475b5f4d2246,damaged,apparel,585,0,1698.3,True,False,0
pay_fe791f817a4d49,damaged,digital_services,480,0,3099.21,True,False,0
pay_eea153503de64a,damaged,electronics,409,0,15603.41,False,False,0
pay_a5585658251944,damaged,apparel,1400,0,4035.0,True,False,0
pay_1545af30b07841,not_received,electronics,319,0,24604.92,True,False,0
pay_55ead3be276b42,not_received,digital_services,813,0,2586.14,False,False,0
pay_c7339061282447,not_received,apparel,277,0,3604.77,False,False,0
pay_c9278ab3021645,damaged,apparel,2,3,3029.78,False,True,1
pay_9f7e0b1f4c984c,not_received,apparel,924,0,2900.27,False,False,0
pay_a75467e3eb4943,fraud,digital_services,1339,0,1538.26,False,False,0
pay_6d6a45613d714e,fraud,digital_services,728,0,3726.02,True,False,0
pay_cb3c0d5774b141,damaged,digital_services,1089,2,875.17,True,False,0
pay_a3a740447e6f4b,fraud,electronics,487,0,29835.39,False,False,0
pay_59f5e98638b240,not_received,electronics,641,2,21652.77,True,False,0
pay_48119b68644441,damaged,digital_services,564,0,3297.91,True,False,0
pay_4f9fa7cb51ef4c,not_received,digital_services,1402,0,1509.65,True,False,0
pay_3a1a0fd5d9414b,damaged,electronics,1110,0,18537.25,False,False,0
pay_d0e102ce2e1146,not_received,electronics,2,4,18481.47,False,True,0
pay_beceb7a25e8446,fraud,electronics,453,0,31527.5,True,False,0
pay_c6e981e5f1ce43,damaged,electronics,718,0,18813.1,True,False,0
pay_8a46f9eba66f43,fraud,apparel,6,5,2373.03,False,True,1
pay_dfad1a3c5de748,not_received,electronics,1186,0,29637.53,True,False,0
pay_e825e55e536147,fraud,electronics,4,2,26292.84,False,True,0
pay_7675c914d50b4d,fraud,digital_services,182,0,4635.22,True,False,0
pay_3b96077aad8b4a,not_received,electronics,1176,0,24703.01,False,False,0
pay_f263424c1a204d,fraud,apparel,106,0,1955.87,True,False,0
pay_4691dd3ae29543,not_received,electronics,8,2,14469.03,True,True,1
pay_38d0216d3c3e44,damaged,apparel,4,6,2376.91,False,False,0
pay_6323f424e98845,fraud,electronics,1455,0,27181.74,False,False,0
pay_0e3f6fabed4643,fraud,electronics,1404,0,30062.78,True,False,0
pay_11af0d7f502043,not_received,apparel,415,0,722.54,False,False,0
pay_4bf7bc9ca65f4b,not_received,digital_services,1003,0,4210.86,True,False,0
pay_41109ff6ce6d44,damaged,apparel,1162,0,2252.0,True,False,0
pay_54c311a08fd442,fraud,electronics,168,0,21389.37,True,False,0
pay_ca601e026ace43,damaged,digital_services,1473,0,3324.69,True,False,0
pay_c5bd22c342ab4b,not_received,electronics,13,2,26404.54,False,True,0
pay_43806c02032f48,not_received,digital_services,573,0,3308.77,True,False,0
pay_5a8e79ace0f340,fraud,electronics,1433,0,19367.18,True,False,0
pay_e9a64bfe26944b,not_received,apparel,597,0,1663.44,True,False,0
pay_12902cc4363447,fraud,electronics,1,2,26045.38,False,False,0
pay_2e10c7db96a14e,fraud,apparel,12,5,4558.35,False,True,1
pay_c868b22f0b014c,not_received,apparel,1050,0,4667.52,True,False,0
pay_4288ad20dccb4f,damaged,apparel,1323,0,1541.4,True,False,0
pay_4ca38edf826e47,not_received,electronics,11,2,24233.03,False,True,1
pay_356a7894d4614c,not_received,digital_services,141,0,2442.26,True,False,0
pay_4e29e2bb877a4c,not_received,digital_services,1019,0,2002.07,True,False,0
pay_b3bd9409110046,not_received,apparel,3,2,2076.05,False,True,0
pay_92968654f7ea48,damaged,apparel,337,1,3026.68,True,False,0
pay_7e080aa0dfea4a,not_received,apparel,1150,0,2871.44,True,False,0
pay_123b703ec1e647,fraud,electronics,555,0,29202.69,True,False,0
pay_ba73b867f30a4f,fraud,digital_services,892,2,2463.2,True,False,0
pay_eb026f7769e04f,not_received,electronics,2,5,28249.28,False,True,0
pay_787668d1098749,not_received,apparel,670,0,2145.29,False,False,0
pay_386f2b1ff36646,fraud,apparel,741,0,1748.69,True,False,0
pay_ef72e3635eff42,damaged,apparel,1108,0,2818.39,True,False,0
pay_dfa91f9cde7640,not_received,digital_services,914,0,371.82,False,False,0
pay_3a7d314961044f,not_received,electronics,2,2,35417.42,False,True,0
pay_23841f423f9642,fraud,apparel,595,0,1635.44,True,False,0
pay_1cb6c94be7bf43,fraud,apparel,937,1,2651.23,False,False,0
pay_86f14e1c0daa41,damaged,electronics,746,0,20057.03,True,False,0
pay_4b07896f84354f,damaged,apparel,109,0,1408.24,True,False,0
pay_89ced9c8b52d44,fraud,digital_services,215,0,2333.92,True,False,0
pay_e420f23b45ea40,fraud,electronics,1018,0,20885.51,True,False,0
pay_a97b27aea8724c,not_received,apparel,935,0,2827.8,True,False,0
pay_267a2a46d75b4f,fraud,apparel,1486,0,841.57,True,False,0
pay_02fd47ac6a1a4b,not_received,apparel,1213,0,2013.44,True,False,0
pay_4272abe99f7848,damaged,digital_services,719,0,3079.75,True,False,0
pay_5789ec1d5a2540,fraud,electronics,495,0,20630.63,True,False,0
pay_455ab076017540,fraud,apparel,1448,1,369.78,True,False,0
pay_57e11117f00f42,damaged,apparel,617,0,1377.94,True,False,0
pay_32ba8353a69249,fraud,electronics,1325,0,23044.99,False,False,0
pay_8e06d8da6b404f,damaged,digital_services,360,0,2684.73,False,False,0
pay_e127397f7a2043,not_received,electronics,635,0,28287.02,True,False,0
pay_36f50a3131f94b,damaged,electronics,894,0,22929.07,True,False,0
pay_49b708cd83b148,fraud,apparel,702,0,4793.19,False,False,0
pay_5af57159e23d4f,fraud,electronics,866,2,22943.85,True,False,0
pay_3abe578872ca47,not_received,apparel,1198,0,3256.46,True,False,0
pay_59873b9bb9f744,not_received,digital_services,1241,0,2095.24,True,False,0
pay_a91ab6c316514a,fraud,electronics,1116,0,30763.4,True,False,0
pay_3dd31e4f20d343,damaged,electronics,1343,0,17421.47,True,False,0
pay_01e7bac0fe1043,damaged,electronics,10,5,19131.49,False,False,0
pay_e7917bc0c53648,not_received,electronics,1232,0,26428.23,True,False,0
pay_0ebda32d53df48,fraud,electronics,806,0,25893.72,True,False,0
pay_038f3d6de5a740,not_received,digital_services,1021,0,4314.85,True,False,0
pay_5bcd7b4ba2fe43,not_received,apparel,513,0,3251.13,True,False,0
pay_7ef22955eb9f4f,not_received,electronics,1336,0,28209.9,True,False,0
pay_bf5c0fa98c024b,damaged,digital_services,2,4,2158.52,False,True,1
pay_d40677001a1449,fraud,electronics,205,0,30533.97,True,False,0
pay_d21a56b5b66b47,fraud,apparel,394,0,4349.26,True,False,0
pay_61ce050355704f,fraud,electronics,955,0,27060.34,True,False,0
pay_96493b37221541,not_received,electronics,1051,0,26358.99,True,False,0
pay_5f661cdff3af44,not_received,apparel,13,2,4238.41,False,True,1
pay_1c09b26832764b,fraud,apparel,947,1,3797.34,False,False,0
pay_e8670ea36d424f,fraud,apparel,6,5,3187.79,False,True,1
pay_f5d0be4be5d84b,fraud,apparel,323,0,3976.7,True,False,0
pay_bea64e5c85a046,fraud,electronics,419,2,28802.62,True,False,0
pay_6ff1c7bbc03845,not_received,apparel,906,0,2983.69,True,False,0
pay_8c22429acf9049,fraud,digital_services,430,0,2776.74,True,False,0
pay_04c476eda91141,fraud,electronics,10,2,37145.63,False,True,0
pay_06c95eb5497e4a,damaged,electronics,345,0,26598.21,True,False,0
pay_311a4697edcd46,not_received,apparel,8,5,2799.91,False,False,0
pay_058a89f11a6d44,not_received,apparel,53,2,2597.3,True,False,0
pay_e883573be2164a,fraud,apparel,1034,0,1964.97,True,False,0
pay_42c40d5bb81744,fraud,apparel,1488,0,3633.59,True,False,0
pay_8a6d5d72cbc940,not_received,digital_services,1068,0,3696.96,True,False,0
pay_af9f4ab30eb847,fraud,electronics,697,0,20222.44,False,False,0
pay_06365a02aced4a,fraud,apparel,811,0,3080.04,True,False,0
pay_3958743dff2340,damaged,apparel,1,2,2843.27,False,True,1
pay_5b3ebe0e0e234a,damaged,apparel,4,2,2995.45,False,True,1
pay_743c1d8184214b,fraud,electronics,1454,0,15877.14,True,False,0
pay_4dfe177e5c734a,fraud,apparel,1033,0,4128.05,True,False,0
pay_b380ffba68744f,damaged,apparel,848,1,1631.11,False,False,0
pay_3ebbfaa8a7164b,fraud,apparel,758,0,2406.78,True,False,0
pay_aa0ca57bd80c41,not_received,electronics,11,2,31576.46,False,True,0
pay_06ad96712add44,damaged,apparel,1053,0,3275.84,True,False,0
pay_edabeb186d154e,damaged,digital_services,132,0,4061.46,True,False,0
pay_ef3fc9c5a1774a,not_received,digital_services,4,3,775.53,False,True,0
pay_7bf6bbfb56f448,fraud,apparel,873,0,2408.0,True,False,0
pay_450a71ed90d949,fraud,apparel,616,2,2697.66,False,False,0
pay_30e95a2a737746,damaged,electronics,400,0,22904.99,True,False,0
pay_1da66bab5ca445,damaged,apparel,3,4,593.05,False,True,1
pay_2e52b75c285d4d,not_received,electronics,6,6,27563.67,False,True,1
pay_3bb1a2d6757d48,not_received,digital_services,457,0,1411.47,False,False,0
pay_5997a9c84b834a,not_received,electronics,1177,0,24252.84,True,False,0
pay_bce992ef64af4b,not_received,apparel,459,0,3886.01,True,False,0
pay_e161d0661b594c,damaged,digital_services,124,0,3372.91,True,False,0
pay_351297a5429c48,not_received,digital_services,86,0,2455.25,True,False,0
pay_b012426f362445,not_received,apparel,1064,1,3415.29,True,False,0
pay_3ab51a2229114a,fraud,apparel,615,0,3573.28,False,False,0
pay_b26323eb96db4b,not_received,apparel,10,5,2795.62,False,True,0
pay_ae38a5f5ff2a4a,not_received,electronics,997,0,28815.44,True,False,0
pay_37d776e7d40343,fraud,electronics,685,1,19278.55,True,False,0
pay_70e1df575ba446,damaged,electronics,626,0,25852.95,True,False,0
pay_2a5dcec961684b,not_received,electronics,1317,0,31453.91,True,False,0
pay_d31e76765e4841,damaged,digital_services,320,0,2081.56,True,False,0
pay_f2187115e8da43,fraud,electronics,1002,0,25191.13,True,False,0
pay_801bd0c42dff4a,not_received,apparel,170,1,1525.76,True,False,0
pay_3baf8bbd220e4c,fraud,electronics,290,0,31032.14,True,False,0
pay_f904522c972d45,damaged,digital_services,1022,0,3028.67,True,False,0
pay_5b426dd6754440,fraud,electronics,813,1,15973.21,True,False,0
pay_a7240d975c6448,not_received,apparel,784,0,3775.7,False,False,0
pay_7776533372fc48,not_received,apparel,305,0,1563.34,True,False,0
pay_d2072dbd7e654a,fraud,digital_services,455,1,2580.41,True,False,0
pay_a93f3fadc70745,damaged,electronics,237,2,22698.99,True,False,0
pay_141db6f31d1a48,damaged,digital_services,1426,0,4610.02,True,False,0
pay_f924357dfdde45,fraud,apparel,1405,2,3204.45,True,False,0
pay_e1a821f1c2574f,fraud,electronics,1021,0,12901.29,True,False,0
pay_2646cb60f17143,fraud,electronics,993,0,24883.48,True,False,0
pay_e365b650a80b4c,fraud,apparel,746,0,3418.29,False,False,0
pay_69088ea7a0a24e,damaged,electronics,1314,0,19778.8,True,False,0
pay_6a1b13302add4a,damaged,digital_services,2,3,2115.68,False,True,1
pay_535b5cabaa8547,fraud,electronics,490,1,29918.78,True,False,0
pay_9b916d06dd9e43,not_received,apparel,1075,0,3367.79,True,False,0
pay_2f00e79734e942,not_received,apparel,3,5,2780.86,False,True,0
pay_df26f0f18f0741,fraud,apparel,1413,0,2098.04,True,False,0
pay_0b609880257f43,fraud,electronics,933,0,26700.17,True,False,0
pay_f6a293b05d6a4c,fraud,digital_services,800,0,1795.33,True,False,0
pay_9a0845afe0af4e,not_received,apparel,1187,1,2950.49,True,False,0
pay_01f8c3b6f0cd4b,not_received,apparel,670,0,3849.18,True,False,0
pay_b669b1b1e55944,not_received,apparel,8,6,3776.86,False,True,1
pay_d4aca05cb32149,fraud,apparel,991,0,2273.65,False,False,0
pay_835c5d12fb6f44,damaged,digital_services,385,0,3836.62,True,False,0
pay_899ccfc8e2b04b,not_received,digital_services,721,0,4880.4,True,False,0
pay_10dc0e31c9294e,damaged,electronics,1346,0,22604.58,True,False,0
pay_53ed5763b2be4f,not_received,electronics,1050,0,29146.59,True,False,0
pay_cee1a455bfa443,damaged,digital_services,1361,0,2951.54,True,False,0
pay_603786c700db4f,damaged,electronics,902,2,19936.51,True,False,0
pay_3091c4d065384a,not_received,digital_services,1349,0,2226.49,True,False,0
pay_7de6d3530db547,fraud,apparel,11,4,3139.8,False,True,1
pay_fcca8b2fc7d046,damaged,electronics,1431,0,22434.41,True,False,0
pay_eee0f2b804dc4e,not_received,electronics,37,0,26049.01,True,False,0
pay_3ae7cd59a3bd4e,damaged,apparel,1196,0,2022.64,True,False,0
pay_d77dd694d4c746,not_received,digital_services,1423,0,2705.7,True,False,0
pay_67cc11ac0b6246,not_received,electronics,9,2,19727.99,False,False,0
pay_41a8f160014a42,fraud,electronics,1140,0,30748.09,True,False,0
pay_245fa13e3a8c48,fraud,digital_services,2,2,3323.65,False,True,0
pay_730cd4ffdb6d44,damaged,electronics,1294,0,21915.14,True,False,0
pay_848f9cc14af940,fraud,apparel,11,6,1334.92,False,True,0
pay_87bed9c0015942,fraud,apparel,1410,1,5052.63,True,False,0
pay_bfe00709fd4e40,not_received,electronics,1065,0,30038.55,True,False,0
pay_e4a4d4d61be340,not_received,electronics,593,0,24571.6,True,True,1
pay_a129f818c07344,fraud,electronics,1237,2,29137.99,True,False,0
pay_2b17e52e21a242,fraud,electronics,1391,0,22952.86,True,False,0
pay_6c1567d4d9544e,not_received,apparel,981,0,2592.8,True,False,0
pay_0ef781c0b01e43,fraud,apparel,1015,0,4760.04,True,False,0
pay_1b29e8f3a5a046,not_received,apparel,87,0,3241.3,True,False,0
pay_55b68eea6f8d41,fraud,apparel,2,6,2254.09,False,True,0
pay_be0a8854125a4e,damaged,electronics,207,0,34296.07,True,False,0
pay_c6b2552329d04e,damaged,electronics,1273,0,30140.77,True,False,0
pay_2fccd31827f448,not_received,electronics,711,0,24810.38,True,False,0
pay_75c072ca3abb45,fraud,apparel,1307,0,3678.73,True,False,0
pay_57b92d3dfc9a49,not_received,digital_services,254,0,3910.41,True,False,0
pay_a1ade9319a7049,not_received,electronics,491,0,22642.88,True,False,0
pay_6b32ab201e0c40,fraud,apparel,1374,0,2880.08,False,False,0
pay_06ffd8126fee45,damaged,apparel,606,1,2760.82,True,False,0
pay_dc5c764ae02847,not_received,apparel,1368,0,3105.61,True,False,0
pay_b9c13f5aac5943,damaged,digital_services,376,0,3469.43,True,False,0
pay_bda11dff0d354b,fraud,electronics,1253,1,10304.42,False,False,0
pay_448a164a1e574f,fraud,electronics,1329,0,18154.5,True,False,0
pay_f4a6c1a42c9e47,damaged,electronics,1244,0,20899.03,False,False,0
pay_cbd4a32e3f124d,not_received,electronics,1113,0,20956.79,False,False,0
pay_d9cedfb7720340,not_received,apparel,1154,0,2758.31,False,False,0
pay_cbb68f7f8d1648,not_received,digital_services,862,0,1754.21,True,False,0
pay_9c0d0be2474f42,fraud,apparel,5,4,3843.75,False,True,1
pay_ae115713d9ce47,not_received,electronics,4,6,32812.67,False,True,0
pay_a17752c5e11040,fraud,electronics,1143,0,26512.97,False,False,0
pay_e0ea970f863b45,not_received,digital_services,93,0,2316.83,True,False,0
pay_1e6e41ce296142,not_received,apparel,1371,0,2841.08,True,False,0
pay_ce8d3e924ec148,damaged,digital_services,1327,0,1188.77,True,False,0
pay_c7f047dd904e48,not_received,apparel,2,5,3023.58,False,True,0
pay_0e3c1b9954b040,fraud,digital_services,804,1,4646.82,True,False,0
pay_679c186985834c,not_received,digital_services,615,0,1812.27,True,False,0
pay_a2d4563716b64d,fraud,apparel,13,2,3800.71,False,True,0
pay_3db43f73b85543,fraud,apparel,673,0,3884.68,True,False,0
pay_1ba6638eb3424e,fraud,apparel,3,3,996.64,False,True,1
pay_035466bc416e4c,not_received,electronics,774,0,26812.91,False,False,0
pay_f330e133b36f48,fraud,electronics,504,1,18759.77,True,False,0
pay_dc5431e76e684f,not_received,electronics,410,0,22923.28,True,False,0
pay_0af3714aa01147,damaged,electronics,84,1,24745.32,False,True,1
pay_6e235692ffed47,not_received,electronics,314,0,18369.78,True,False,0
pay_b82dd7ec38864e,fraud,apparel,1476,0,4450.94,True,True,1
pay_4529882c931e49,fraud,digital_services,210,1,4561.89,True,False,0
pay_ecc9106a03e34e,not_received,apparel,436,0,4094.61,True,False,0
pay_ab4b0bfb75f542,damaged,apparel,3,5,4965.84,False,True,1
pay_9a8646545f934c,fraud,electronics,769,1,32996.2,True,False,0
pay_6c00661dbfcd47,damaged,electronics,1242,0,32315.97,True,False,0
pay_89f57da1b81b46,not_received,apparel,706,0,4239.98,True,False,0
pay_77b7e3f548ac4c,not_received,digital_services,1186,0,828.93,True,False,0
pay_7eeb64491b4c41,damaged,electronics,482,1,20840.71,True,False,0
pay_948798714d004c,not_received,apparel,675,0,1285.86,True,False,0
pay_2dd2b868c5b343,damaged,apparel,271,0,3458.08,False,False,0
pay_54c32f96735543,fraud,electronics,867,0,32904.46,False,False,0
pay_02d9165cac0542,not_received,electronics,745,2,22040.75,True,False,0
pay_1eeeac781b9c49,not_received,apparel,190,0,3188.94,False,False,0
pay_0f3321236b7d4b,fraud,apparel,1451,1,1257.06,True,False,0
pay_01b6eb07232d40,not_received,electronics,701,0,24913.69,True,False,0
pay_d3d232439f5e4c,fraud,electronics,478,0,21520.69,True,False,1
pay_92e2bfda551540,fraud,apparel,528,0,2480.76,True,False,0
pay_a7ce555d1b6340,fraud,electronics,622,0,16851.4,True,False,0
pay_2f6a9d1a15fe44,not_received,digital_services,9,2,3189.63,False,True,0
pay_4737923408a04c,damaged,electronics,512,0,17879.47,False,False,0
pay_fe97c08f537149,not_received,electronics,1305,0,18563.91,True,False,0
pay_dc04125a204344,not_received,electronics,792,0,27888.33,True,False,0
pay_810b7c7a411e4b,fraud,digital_services,9,3,2479.75,False,True,0
pay_bd081a81c4bc4f,damaged,apparel,864,0,2820.4,False,False,0
pay_9c60777b35bf41,not_received,digital_services,1005,0,2108.72,True,False,0
pay_c75e4736c5b54b,not_received,apparel,949,1,2719.58,True,False,0
pay_e063fbec6f064c,not_received,digital_services,365,0,2106.58,True,False,0
pay_5bb8936c09e241,fraud,digital_services,103,0,3485.2,True,False,0
pay_bc568d5d7c1643,not_received,electronics,425,0,32237.96,True,False,0
pay_6417a5c208e74b,damaged,digital_services,947,0,2663.55,True,False,0
pay_f905eb3873914f,fraud,digital_services,1158,2,2091.96,False,False,0
pay_2d11cfadc65143,not_received,digital_services,324,1,2820.57,True,False,0
pay_94ba3da7818646,damaged,digital_services,2,3,2520.81,False,True,1
pay_3a69ea0b08ac49,fraud,apparel,724,0,2711.87,True,False,0
pay_923213060ffe47,damaged,digital_services,1,6,890.43,False,True,1
pay_c7c1f312c8504c,damaged,apparel,9,3,2927.47,False,True,1
pay_43364a6a70654b,not_received,apparel,1203,0,2639.24,True,False,0
pay_8257c3e78b294a,fraud,electronics,1413,0,25496.8,True,False,0
pay_f3feba8292274a,fraud,apparel,980,0,2663.05,True,False,0
pay_ba4ab70427404f,fraud,apparel,1313,0,1068.19,True,False,0
pay_bfd04428373e44,damaged,apparel,875,0,4328.38,True,False,0
pay_d7dd458f3caa43,damaged,digital_services,120,0,2419.18,False,False,0
pay_dc72441cf74048,not_received,apparel,625,0,2279.95,False,False,0
pay_96dabcbb5a1345,fraud,apparel,669,0,3058.62,False,False,0
pay_22699e11af3f43,fraud,electronics,1373,2,17639.7,False,False,0
pay_5cb9c5c445e646,not_received,electronics,1476,1,24485.78,True,False,0
pay_eda810879b5f4e,not_received,apparel,8,4,1792.96,False,True,1
pay_7c685cc27ab24d,damaged,apparel,759,0,3411.57,True,False,0
pay_f148b9e2abe241,not_received,electronics,310,0,20302.64,True,False,0
pay_aa2e03a8593f43,damaged,electronics,1125,0,19681.91,True,False,0
pay_311c7de27e6c4a,not_received,electronics,318,0,33678.99,True,False,0
pay_ad5cde73f00446,not_received,apparel,709,0,969.9,False,False,0
pay_4f1410cd941f48,not_received,apparel,1086,0,3344.13,True,False,0
pay_ebc6555adfe948,damaged,electronics,12,3,22103.41,False,True,1
pay_62ebe8755a1941,not_received,apparel,745,0,4574.58,True,False,0
pay_6854ff5c70e54c,fraud,electronics,898,0,25726.77,True,False,0
pay_9f7e380e5f9d4e,fraud,apparel,1161,1,1132.43,True,False,0
pay_709bea661a514e,fraud,electronics,345,0,27860.93,True,False,0
pay_3c5a154466e646,not_received,digital_services,1078,0,4399.97,True,False,0
pay_08acbf12846349,fraud,electronics,513,0,35197.36,False,False,0
pay_51f776d9846344,fraud,apparel,1027,0,1724.61,True,False,0
pay_4c4a3d9a014149,not_received,apparel,78,0,1921.81,True,False,0
pay_569930968a864f,fraud,electronics,734,0,22154.1,True,False,0
pay_757140bb445e45,damaged,electronics,8,3,13828.65,False,True,1
pay_5eba80f23fd648,not_received,electronics,932,0,29619.8,False,False,0
pay_c1b162f115f441,not_received,digital_services,68,1,2303.56,True,True,1
pay_58b2cfeab1b445,fraud,electronics,445,0,30174.8,True,False,0
pay_632448789a2444,fraud,apparel,6,5,1576.35,False,False,0
pay_090c4279c12b4f,not_received,apparel,334,0,1481.74,True,False,0
pay_3355cb0803f34b,damaged,electronics,4,4,26948.75,False,True,1
pay_ec10c4dfced54f,not_received,electronics,1146,0,20931.68,True,False,0
pay_6f4c028db4ff4d,fraud,digital_services,863,0,3744.65,True,False,0
pay_43a7e5c18d3343,not_received,electronics,464,0,33058.35,True,False,0
pay_461a767828974e,fraud,electronics,507,0,18471.98,True,False,0
pay_269908e42c6c4a,damaged,apparel,142,0,4094.78,True,False,0
pay_7cefb603e54841,damaged,electronics,1497,0,21004.5,False,False,0
pay_81a69b0fc3364b,not_received,apparel,1479,0,3453.26,True,False,1
pay_ce03e35924814c,not_received,electronics,329,0,26428.68,True,False,0
pay_5d5722fa57704d,damaged,digital_services,1059,0,3978.82,True,False,0
pay_fd5c6e920fc044,not_received,apparel,1357,0,2413.06,True,False,0
pay_0b4fe64b49f149,not_received,digital_services,86,2,3475.19,True,False,0
pay_d67d28eae3ed4b,damaged,electronics,1377,0,20472.86,True,False,0
pay_5f18a221034b40,not_received,electronics,290,2,29538.33,True,False,0
pay_08299b50c2f146,not_received,digital_services,558,0,2902.47,True,False,0
pay_7d6ee231204742,damaged,electronics,13,3,23807.38,True,True,1
pay_8de04f6b7f654b,not_received,apparel,256,0,5069.94,True,False,0
pay_259c0c1d868346,not_received,electronics,192,1,27675.44,False,False,0
pay_3d8a6183c2a540,fraud,digital_services,916,0,4107.87,False,False,0
pay_5398a424201945,fraud,electronics,2,6,24367.57,False,False,0
pay_c54168b691b945,fraud,apparel,1201,0,4113.55,True,False,0
pay_1d327bf060ed40,not_received,apparel,1024,0,2767.84,True,False,0
pay_59f73f7d711046,not_received,electronics,1405,0,14939.02,True,False,0
pay_7fcb5531fe3249,damaged,electronics,1335,0,19190.66,False,False,0
pay_79fd97d8081841,not_received,digital_services,472,0,3390.4,True,False,0
pay_0eafa651c1de47,not_received,apparel,674,2,3407.52,True,False,0
pay_6df9e6f6bf904d,fraud,apparel,183,2,4718.97,True,False,0
pay_9627fc2c0a2d4b,damaged,apparel,577,0,3665.06,True,False,0
pay_dbb88379153b4f,not_received,electronics,548,0,22417.56,True,False,0
pay_e1398ea8e28145,not_received,apparel,261,0,3843.24,True,False,0
pay_5f9aa3fd05404a,fraud,apparel,6,5,4987.98,False,True,0
pay_b31b061340e04d,not_received,apparel,37,0,5044.22,True,False,0
pay_90971257ea634c,not_received,electronics,435,0,31386.31,True,False,0
pay_50c3b2d0679840,not_received,digital_services,805,0,1172.44,False,False,0
pay_fc1257d0d4e343,damaged,electronics,695,0,25690.42,False,False,0
pay_13e41858f71e4d,damaged,electronics,574,0,37019.11,True,False,0
pay_08e068317b8c46,damaged,digital_services,1352,1,3807.53,True,False,0
pay_cc1d16d4ca864b,not_received,apparel,689,0,5057.1,True,False,0
pay_4ffe76be3b884e,damaged,electronics,265,0,20160.32,True,False,0
pay_b5e8c11a238e4c,damaged,apparel,1381,2,3066.82,True,False,0
pay_685f3961933846,fraud,apparel,912,1,3797.24,True,False,0
pay_42c4b61a7ea642,not_received,electronics,1424,0,35529.15,True,False,0
pay_d101e3e118154a,fraud,apparel,585,1,3744.86,True,False,0
pay_6bffc626386846,fraud,electronics,524,0,26231.34,True,False,0
pay_883e4b7be63041,fraud,electronics,950,0,23984.88,True,False,0
pay_04ce3a1571364c,fraud,electronics,8,3,25342.96,False,True,1
pay_a5102d3aa6a642,not_received,apparel,5,3,2964.59,False,False,0
pay_f05ba8dcb4304b,not_received,electronics,9,6,16065.89,False,True,0
pay_9d0e195b037440,fraud,digital_services,1391,0,2336.41,True,False,0
pay_14a0e99cf63143,not_received,apparel,79,0,2081.92,True,False,0
pay_88f9782535d24c,damaged,electronics,1061,1,26994.99,True,False,0
pay_2b5fdc45c0d548,damaged,apparel,708,0,5316.59,True,False,0
pay_6b21e04379474a,not_received,digital_services,11,5,2350.77,False,True,0
pay_b3a3b565977a43,not_received,apparel,1346,0,4428.44,True,True,1
pay_c292ddfc79d842,fraud,electronics,1171,0,25545.67,False,False,0
pay_c062ca6dc72241,fraud,electronics,2,5,27685.32,False,True,0
pay_d41ef7dd92044c,fraud,digital_services,1373,0,511.44,True,False,0
pay_89309d2fa09e4f,not_received,electronics,997,0,18984.16,True,False,0
pay_e2a48557add64a,damaged,electronics,625,0,24818.98,True,False,0
pay_69c5b68f7d944b,fraud,apparel,587,0,2353.04,True,False,0
pay_2aadf826cd4f48,fraud,electronics,9,3,26265.11,False,True,1
pay_0bec8869ef1440,fraud,digital_services,311,0,2267.39,True,False,0
pay_375bd59e8f8d49,not_received,digital_services,899,0,2917.29,True,False,0
pay_8140f157100d4b,fraud,apparel,701,0,3690.42,True,False,0
pay_7ab4cab0f6e646,not_received,digital_services,460,0,4018.62,True,False,0
pay_2b3cae02bce241,fraud,apparel,589,0,4262.17,True,False,0
pay_43faf132c88241,not_received,apparel,807,0,3571.21,True,True,1
pay_dbe8f424dd1e4c,fraud,apparel,745,0,2243.07,True,False,0
pay_fc51035e6c8746,not_received,electronics,824,1,27127.66,True,False,0
pay_0acbb5fcbe374b,fraud,digital_services,921,0,1586.65,True,False,0
pay_d4a9548fbf9348,not_received,digital_services,39,1,2131.18,True,False,0
pay_e35698d1389e4b,not_received,digital_services,854,2,2356.52,True,False,0
pay_974d45128c034e,not_received,apparel,12,3,2782.89,False,True,0
pay_a82cfcea09aa43,not_received,apparel,1,5,3504.16,False,True,1
pay_666c600cd60548,fraud,electronics,305,0,32298.88,True,False,0
pay_af121b87ec4f40,fraud,electronics,1461,0,33740.17,True,False,0
pay_47bf7e4501e34a,not_received,electronics,429,0,26581.44,False,False,0
pay_1dd1c61f4cae4e,not_received,electronics,375,0,35143.81,True,False,0
pay_b96f84cbba0f42,not_received,apparel,1250,0,4114.23,True,False,0
pay_1eac08e676e34a,not_received,apparel,1019,0,4039.34,True,True,1
pay_4bc80ab2457746,damaged,electronics,203,0,22267.37,True,False,0
pay_a8819c97376a4e,not_received,apparel,691,0,3015.94,False,False,0
pay_e2c03de5e2ce4a,fraud,electronics,1348,0,21690.19,True,False,0
pay_f001e95bf91b40,not_received,apparel,74,0,1977.0,True,False,0
pay_4f267ab0f6474f,fraud,digital_services,1275,0,2659.78,True,False,0
pay_e121a25e7a654e,not_received,apparel,431,1,3404.76,True,False,0
pay_af6388e1e68e4d,fraud,electronics,166,2,24276.34,False,False,0
pay_665678ebe4fe46,fraud,apparel,10,5,3993.66,False,True,1
pay_e036ff0756f04a,damaged,apparel,1204,0,3680.93,False,False,0
pay_6ec02d63dd9748,not_received,apparel,1,2,3087.99,False,False,0
pay_efb1cb0c590149,fraud,digital_services,104,0,2937.74,True,False,0
pay_9fdde626aa6a4d,fraud,electronics,798,0,20533.84,True,False,0
pay_5e50a473e8d549,not_received,electronics,11,3,16462.71,False,True,0
pay_85a48f821ca34f,damaged,electronics,1314,0,25162.76,True,False,0
pay_5910343c289a45,not_received,apparel,824,0,3256.58,False,False,0
pay_510b6b1bda3c47,damaged,apparel,1109,0,3176.01,True,False,0
pay_624408a4c21044,fraud,electronics,239,0,14956.22,True,False,0
pay_3100f0db74bb44,not_received,electronics,268,0,12823.29,True,False,0
pay_6dd25a22726547,not_received,apparel,1370,0,2384.53,True,False,0
pay_8c4fd395a01d47,not_received,digital_services,451,0,3923.03,True,False,0
pay_9efdb22b56d64a,fraud,electronics,9,3,26308.05,False,True,0
pay_3c4a3541a3204d,not_received,electronics,838,0,20115.74,True,False,0
pay_fee51e3fcbbf40,not_received,apparel,802,0,3884.76,True,False,0
pay_ed31039d834e4d,not_received,electronics,964,0,22383.0,True,False,0
pay_06c2fcaf73ee41,not_received,apparel,10,3,1416.79,False,True,1
pay_2a3799ef9a274a,not_received,apparel,1456,0,2242.74,True,False,0
pay_dd824a2665fd4d,not_received,apparel,1422,0,1679.29,True,False,0
pay_1a6031a7063341,fraud,digital_services,225,0,2374.55,True,False,0
pay_0eb54950127a4d,not_received,electronics,1071,0,23978.63,True,False,0
pay_046efc50a9a94d,not_received,digital_services,198,2,2578.32,True,False,0
pay_4310609ef9184a,damaged,digital_services,1282,1,3456.76,True,False,0
pay_53802ab18c0c4e,fraud,electronics,1234,0,18154.24,True,False,0
pay_af7729d054ac4b,not_received,electronics,569,0,25540.88,True,False,0
pay_8a6e432ffa8540,fraud,digital_services,430,0,1803.31,True,False,1
pay_d160ade282d343,fraud,apparel,1262,0,2275.92,True,False,0
pay_025429a2078e45,not_received,electronics,7,3,25015.94,False,True,1
pay_e59e61ceb74d41,not_received,apparel,10,6,4730.46,False,True,1
pay_deebd164a40440,fraud,apparel,696,0,3745.57,True,False,0
pay_ef840285052f42,not_received,electronics,414,0,13530.34,True,False,0
pay_19106ead2d1144,damaged,apparel,952,0,3070.87,True,False,1
pay_028c3053fb0b43,damaged,apparel,1088,0,3478.4,True,False,0
pay_9915548870994b,fraud,digital_services,589,0,3136.11,True,False,0
pay_3e6b03276d4f42,not_received,apparel,2,6,2707.87,False,True,1
pay_91438d8a20474d,not_received,apparel,155,0,2438.87,True,False,0
pay_75abadb1f5d947,fraud,apparel,734,0,2176.74,True,False,0
pay_905e3c5db06e4c,not_received,electronics,184,0,34751.06,True,False,0
pay_e1e8031061fc4d,not_received,apparel,434,0,1697.94,True,False,0
pay_1d0c6746a1fb4c,fraud,apparel,6,2,4522.94,False,True,0
pay_4fb53690224240,damaged,digital_services,11,6,2021.82,False,True,1
pay_c0908981cdee44,damaged,apparel,866,0,2554.13,True,False,0
pay_f8d256dbf60243,not_received,apparel,2,5,2127.96,False,True,1
pay_38e850e64e3b49,not_received,electronics,454,0,28181.95,True,False,0
pay_ed25dfc35a5c4a,fraud,digital_services,8,3,3150.33,False,True,0
pay_b25587e21b3547,not_received,electronics,3,3,30504.86,False,True,1
pay_2de559726b7847,fraud,digital_services,1060,0,4528.14,True,True,1
pay_40201396cccc4b,damaged,apparel,303,1,2219.17,True,False,0
pay_135dee728aa147,fraud,electronics,1374,0,20086.17,True,False,0
pay_f65b11d8b8bb40,fraud,digital_services,1244,0,3394.11,True,False,0
pay_18d2fcf8326844,not_received,apparel,551,0,2938.37,True,False,0
pay_096b0731bd2f45,fraud,apparel,38,0,2435.11,True,False,0
pay_2764eb94fc0049,not_received,electronics,7,5,23960.46,False,True,0
pay_de5b9d1046bd49,not_received,digital_services,1462,0,3082.6,False,False,0
pay_93e1352f402546,damaged,apparel,1364,0,4195.94,True,False,0
pay_3a2cb0411f6145,not_received,apparel,5,2,3349.3,True,True,1
pay_8d2b69acd85846,fraud,digital_services,3,5,3401.54,False,False,0
pay_4c08dd7b9a5f46,fraud,apparel,155,0,3458.9,True,False,0
pay_345c151c0bf443,not_received,electronics,888,0,27885.85,True,False,0
pay_7e3764fd006b4a,not_received,apparel,563,2,3261.66,True,False,0
pay_4b6f1f37019e4f,not_received,apparel,131,0,2154.3,True,False,0
pay_a67e55395d034f,fraud,digital_services,1060,0,2905.99,True,False,0
pay_09047e48ba9049,fraud,electronics,1249,0,23003.44,False,False,0
pay_edcc71cfc4a044,fraud,apparel,5,4,3447.39,False,False,0
pay_b66778ca18eb4b,fraud,apparel,977,0,4994.39,True,False,0
pay_ec72c6a2c4ea4d,fraud,electronics,918,0,27246.42,False,False,0
pay_7b21f5408b5e43,not_received,electronics,708,0,22621.69,True,False,0
pay_18c9ada0f5c04b,fraud,apparel,955,0,4931.33,True,False,0
pay_222c9a1ee6d54f,not_received,apparel,12,3,3382.71,False,True,1
pay_cff909bcc7154d,not_received,apparel,66,1,2387.14,True,False,0
pay_1d04bc8e6f0a42,fraud,digital_services,934,0,4312.89,True,False,0
pay_e9516d938e9d43,not_received,apparel,1140,0,2647.08,True,False,0
pay_2cef9449e0ee40,not_received,apparel,762,1,1780.41,True,False,0
pay_f8b77f8c77a343,not_received,electronics,1234,0,23881.79,True,False,0
pay_87f36e88a9bc48,damaged,electronics,712,0,12335.83,True,False,0
pay_8b4814b2e7864d,fraud,apparel,1250,0,1895.28,False,False,0
pay_c515d4a3247945,damaged,apparel,638,0,3365.48,True,False,0
pay_623586ba4b4b49,not_received,apparel,389,1,3171.83,True,False,0
pay_82d393bd94f94e,not_received,apparel,1152,0,3245.98,True,False,0
pay_05a9882d08d64b,damaged,apparel,1420,0,3679.88,True,False,1
pay_084c7aab95cd45,damaged,electronics,1358,0,24722.14,True,False,0
pay_f54eb595d01e4a,not_received,apparel,1463,0,3761.1,False,False,0
pay_0b53bf2873af45,not_received,apparel,1087,0,2216.74,False,False,0
pay_40116a9af5b341,not_received,apparel,715,0,2618.13,False,False,0
pay_ee3b1d1c21004b,not_received,apparel,760,0,3296.75,True,False,0
pay_de2df026f39847,fraud,apparel,12,3,1949.71,False,True,1
pay_dbd522355f2942,fraud,electronics,2,5,30784.09,False,False,0
pay_fa766b40f6dd4f,damaged,electronics,1172,0,24113.98,True,False,0
pay_e7446c6311fd4c,fraud,electronics,143,2,30080.87,False,False,0
pay_b959afd98f2242,fraud,apparel,678,0,2195.87,False,False,0
pay_6b61fb089c7946,not_received,apparel,1423,0,1258.21,True,False,0
pay_d7cc0591a91646,fraud,electronics,87,0,23959.61,True,False,0
pay_5132e41dc09346,fraud,digital_services,730,0,3038.55,False,False,0
pay_edaedca866ca42,not_received,apparel,534,0,4578.32,True,False,0
pay_db34bdd42e9b49,not_received,electronics,9,3,25324.12,False,True,1
pay_e8a21fa14b7045,not_received,apparel,1331,0,2540.25,True,False,0
pay_fd82ddcb75a649,not_received,apparel,10,5,3145.6,False,True,1
pay_acc4b019a7644f,not_received,apparel,745,0,1868.47,True,False,0
pay_3a6bada65eb740,not_received,apparel,839,0,3704.85,True,False,1
pay_b20860702a6444,not_received,electronics,567,0,21638.87,False,False,0
pay_59400e6068c544,not_received,electronics,119,0,29990.65,True,False,0
pay_d057b9f770e045,damaged,electronics,4,3,26243.87,False,True,1
pay_33903121537841,not_received,electronics,1342,1,23986.13,True,True,1
pay_250e628345274e,fraud,apparel,2,5,2445.21,False,True,0
pay_963dbcb7394c42,fraud,apparel,1204,0,2763.34,True,False,0
pay_fc25ba025b9740,not_received,apparel,1004,0,2701.03,True,False,0
pay_4bcddbacbf7f49,fraud,apparel,1323,0,3247.27,True,False,0
pay_8c254c0939de46,not_received,electronics,11,3,22722.11,False,True,1
pay_67f5fd388dee48,damaged,electronics,800,0,21643.53,False,False,0
pay_6b9b0dcfb61c4a,not_received,electronics,120,0,25901.5,True,False,0
pay_e9d389fde22a49,fraud,electronics,394,0,31080.07,True,False,0
pay_6aef6eb01d094c,not_received,apparel,261,2,3269.78,False,False,0
pay_9e5641fa0b3449,fraud,digital_services,339,1,1350.99,True,False,0
pay_3dac06db5b8b40,not_received,apparel,473,1,3313.97,True,False,0
pay_d3d65dbf2e8641,not_received,apparel,546,0,737.69,True,False,0
pay_6887795b234149,fraud,electronics,415,0,23473.14,True,False,0
pay_cdc87c07e04c42,damaged,apparel,324,0,2942.43,True,False,0
pay_ecb334c58db943,fraud,apparel,4,3,2296.14,False,True,0
pay_6a08c3332d174c,damaged,electronics,764,0,31536.86,True,False,0
pay_23e5d2bc9f2842,fraud,digital_services,242,0,2112.44,True,False,0
pay_2e7297e4eb8645,fraud,electronics,1090,0,23013.89,True,False,0
pay_5e2aa4151ea940,fraud,apparel,1299,0,3083.19,True,False,0
pay_49e8274a521847,fraud,apparel,35,0,2660.33,False,False,0
pay_a212b35a5a074d,not_received,digital_services,1069,0,3049.07,True,False,0
pay_4cbc99b59dd147,not_received,digital_services,1,2,2621.48,False,False,0
pay_9ab2cecbd7894b,not_received,digital_services,227,0,3344.88,True,False,0
pay_76de2e0fd80940,fraud,apparel,1267,0,4200.73,True,False,0
pay_6f47ef0ed25b43,not_received,apparel,1,6,2102.17,False,False,0
pay_6815580305d74c,not_received,electronics,744,0,21863.09,True,False,0
pay_503150f697084f,not_received,apparel,1410,0,3167.04,True,False,0
pay_127a7665efc748,not_received,digital_services,741,0,3878.8,True,False,0
pay_4ea2df9f88f04c,not_received,apparel,1412,0,3521.27,True,False,0
pay_ebeef019a01842,fraud,electronics,1050,0,24586.3,True,False,0
pay_28f693eb018048,not_received,electronics,408,0,18645.92,False,False,0
pay_124ca08cb66f46,not_received,apparel,88,0,3713.7,True,False,0
pay_fb47ae987ddc46,not_received,electronics,1012,1,17091.84,True,False,0
pay_60846385ead240,fraud,electronics,349,0,14738.37,True,False,0
pay_b9b3a5deaee44a,fraud,electronics,1346,0,24560.45,False,False,0
pay_12590a16040c4a,fraud,electronics,1283,0,15918.11,True,False,0
pay_63c70707b80f41,fraud,electronics,907,2,31496.36,True,False,0
pay_d122e05da60846,fraud,digital_services,1270,0,2860.86,True,False,0
pay_9d6d3adbc4984a,damaged,apparel,2,5,3505.22,False,True,1
pay_1912d0d0d61b44,not_received,apparel,1,3,2874.73,False,True,0
pay_de78195aa88a4b,not_received,apparel,1432,0,3014.2,True,False,0
pay_6227b6ed44294b,fraud,electronics,452,1,39110.65,True,False,0
pay_092b9b425b0343,damaged,digital_services,1221,1,3384.69,True,False,0
pay_0689238206f640,fraud,digital_services,4,6,3092.84,False,True,0
pay_0a43b1f62c554b,not_received,electronics,904,0,20386.64,True,False,0
pay_71de3ebe5ba94d,damaged,electronics,480,0,29561.0,True,False,0
pay_2c30dcd98ff642,not_received,apparel,1,4,3353.73,False,True,1
pay_dd2452d4896b48,damaged,electronics,8,5,21384.19,False,True,1
pay_e29aac06edd24d,not_received,digital_services,338,2,3196.82,True,False,0
pay_73a2b50d2bdc49,fraud,apparel,534,0,1569.86,True,False,0
pay_65d94161e71e46,fraud,electronics,1420,0,28960.36,False,False,0
pay_d5931a5038494b,fraud,apparel,200,0,2477.32,True,False,0
pay_5c6abc1244574e,fraud,apparel,4,3,5678.42,False,True,0
pay_9218e716302040,not_received,electronics,1072,0,23718.49,True,False,1
pay_94d75b37171a43,fraud,digital_services,1452,0,1667.65,True,False,0
pay_2e2ef53ed43341,damaged,electronics,1216,0,30109.25,False,False,0
pay_1de0d738a9054f,fraud,digital_services,231,0,2551.12,True,False,0
pay_1bcc3b1c23754f,not_received,electronics,363,2,35146.42,True,False,0
pay_521b62a1fec84b,damaged,apparel,10,6,2435.68,False,True,1
pay_b691dc709f7c42,fraud,electronics,10,5,30116.47,False,True,0
pay_8f16cf9efa8d4e,not_received,apparel,688,0,2255.01,True,False,0
pay_ddce3be8585747,not_received,apparel,139,0,3672.38,True,True,1
pay_6e1f4b43e58542,fraud,electronics,861,2,25406.1,True,False,0
pay_7b5b28bed1be4c,not_received,apparel,1276,0,1990.51,True,False,0
pay_fa98a82d48a244,fraud,electronics,249,0,22974.75,True,False,0
pay_3cec40f67daa46,not_received,apparel,8,4,1981.35,False,True,0
pay_cb957e2324264e,not_received,apparel,903,2,3461.18,True,False,0
pay_e9327d628fba41,not_received,apparel,220,0,3605.61,True,False,0
pay_7b8fd4dc93a54c,not_received,electronics,963,0,15918.86,True,False,0
pay_cf496cd0c97342,fraud,electronics,777,0,27263.8,True,False,0
pay_44525b6691354a,not_received,apparel,468,0,3827.98,True,False,0
pay_5faa7bb3c3d747,damaged,digital_services,129,0,2932.11,True,False,0
pay_05aa5c73805d40,damaged,digital_services,731,0,4156.27,True,False,0
pay_30fced4b0e1d40,not_received,apparel,1072,0,1541.91,True,False,0
pay_714c2b4c2a9845,not_received,digital_services,10,4,2041.98,True,True,1
pay_4cb86777beb747,damaged,digital_services,677,0,3631.08,True,False,0
pay_431339269bac4d,fraud,electronics,188,0,26101.19,True,False,0
pay_51c5760aad2e45,not_received,electronics,543,0,18971.34,True,False,0
pay_f43d6eda4b0342,fraud,electronics,13,3,24314.38,False,True,1
pay_c6ae9794d06041,damaged,electronics,771,2,23041.69,True,False,0
pay_90ded88d4c9a4a,not_received,apparel,10,3,2904.06,False,True,1
pay_5aafb5163a0747,not_received,apparel,159,0,2991.32,True,False,0
pay_e0a68db53dc340,fraud,apparel,3,5,4367.38,False,True,1
pay_2163fa23d19f4e,not_received,electronics,639,0,31989.2,True,False,0
pay_d9c811c29cab4e,not_received,apparel,1020,1,3076.9,False,False,0
pay_c1e6f85c4ac648,not_received,apparel,2,6,4427.09,False,True,0
pay_0315760c575d4c,fraud,apparel,1194,0,3894.8,True,False,0
pay_83a3eae871114e,not_received,digital_services,722,0,1181.02,True,False,0
pay_e1dbf39b905543,fraud,electronics,239,1,30999.86,True,False,0
pay_9e82357787624d,not_received,electronics,13,6,12265.62,False,True,1
pay_f1a634445f7c47,fraud,apparel,1,3,4142.74,False,True,1
pay_0bc3cfb0ed444e,fraud,digital_services,1253,1,3263.82,True,False,0
pay_4d059d57b88149,fraud,electronics,330,0,27099.84,True,False,0
pay_9af097e5d0f548,fraud,apparel,531,1,2319.46,True,False,0
pay_d4c0c8fef62b46,fraud,digital_services,523,0,2978.22,True,False,0
pay_e0d302eec65941,damaged,apparel,1095,0,2411.02,False,False,0
pay_44d3d790490e4c,not_received,electronics,1354,0,29906.81,True,False,0
pay_933154fb980f45,fraud,apparel,30,0,4990.22,True,False,0
pay_2459fe6dba8b4f,not_received,electronics,982,1,28750.19,False,False,0
pay_9d6b0dd2726b4f,not_received,electronics,213,1,21494.88,True,False,0
pay_0c86781a3c3147,damaged,digital_services,548,0,2650.92,True,False,0
pay_203114011e5a4c,fraud,apparel,612,2,3964.12,False,False,0
pay_45e05064eb9c4a,fraud,electronics,1316,0,18516.35,True,False,0
pay_ea98f9145b294e,damaged,electronics,546,0,18198.41,True,False,0
pay_b4ef154eea1841,fraud,apparel,1048,0,1957.58,True,False,0
pay_550c54330dc049,fraud,apparel,9,4,2645.12,False,True,0
pay_50f121277dd343,fraud,apparel,541,0,3496.41,True,False,0
pay_230d4673fe7844,fraud,apparel,7,5,1383.81,False,True,1
pay_48367bda880f4f,damaged,apparel,1104,0,4871.98,True,False,0
pay_91ecda7eb5ab47,fraud,digital_services,1041,0,2333.04,True,False,0
pay_4ee77bb1b3fd4d,damaged,digital_services,325,0,2658.42,True,False,0
pay_57af1e13a00042,damaged,electronics,1125,0,27361.31,True,False,0
pay_b712711e44cd42,not_received,electronics,700,0,24106.64,True,False,0
pay_9bd045e8928f49,fraud,electronics,1392,0,35930.97,True,False,0
pay_cba73598500446,fraud,electronics,12,6,23566.92,False,True,0
pay_fc63e573110b45,not_received,electronics,5,2,21515.36,True,True,1
pay_b029b16109f240,not_received,apparel,13,2,3080.22,False,True,0
pay_296e44c3e00a44,not_received,electronics,11,5,25927.46,False,True,0
pay_691af751d4af4d,not_received,electronics,1214,0,33705.38,True,False,0
pay_5bf77755f47643,damaged,electronics,579,0,25596.66,True,False,0
pay_cb94f0a4a59440,not_received,electronics,292,0,25190.94,True,False,0
pay_38add4c2af544c,not_received,apparel,1239,0,3538.56,True,False,0
pay_b96d84a41ec44c,damaged,electronics,1467,0,17102.88,True,False,0
pay_d9ce616d1f4540,fraud,digital_services,815,2,3358.59,True,False,0
pay_3b00e514f83541,fraud,electronics,598,0,20484.82,True,False,0
pay_a2e13c18407542,fraud,digital_services,417,0,4658.78,True,False,0
pay_b907e4caced742,fraud,electronics,310,0,30868.01,True,False,0
pay_896bfe6a36ae48,not_received,apparel,219,2,1505.05,False,False,0
pay_71bae18d950d4c,fraud,electronics,286,0,33591.62,True,False,0
pay_ba2c9cceb9e54b,not_received,digital_services,364,0,3153.0,True,False,0
pay_5fb2f4964ced4b,damaged,electronics,6,3,24000.34,False,True,1
pay_60bd7acd4bc64e,fraud,digital_services,363,0,3127.09,False,False,0
pay_f7b1ce584b3b46,not_received,electronics,324,0,24413.43,True,False,0
pay_6e46931bceac4f,fraud,electronics,551,0,32451.11,True,False,0
pay_7404e64b1e4b43,fraud,apparel,534,0,1459.73,True,False,0
pay_fbe227be90374e,not_received,apparel,936,0,2385.47,True,False,0
pay_b9d2ed81f55645,damaged,digital_services,978,0,4067.7,True,False,1
pay_a3f44e827a784d,fraud,apparel,797,0,3140.71,False,False,0
pay_d87d27cea6ab4a,fraud,apparel,813,0,3121.89,True,False,0
pay_4208573946454b,fraud,apparel,852,0,2534.15,True,False,0
pay_2d0f352bd80043,fraud,apparel,31,0,1511.05,True,False,0
pay_d7beaa27c16b41,fraud,apparel,765,0,2817.61,True,False,0
pay_a9454f0562aa40,not_received,electronics,289,0,32134.8,True,False,0
pay_4921f1d9640f45,fraud,apparel,322,0,1977.41,True,False,0
pay_7bf30f0fe29b44,not_received,apparel,1173,0,3805.91,True,False,0
pay_73cbde84fcbf46,not_received,apparel,177,0,3387.04,True,False,0
pay_e85e1ebae1ca41,not_received,digital_services,431,0,2815.48,True,False,0
pay_e6c7828a43a34b,fraud,digital_services,1254,0,4282.87,True,False,0
pay_25ab22ebbc8642,damaged,digital_services,707,0,3060.71,True,False,0
pay_f8943c7691064c,fraud,electronics,1038,1,31451.85,False,False,0
pay_22440c8f79fe44,not_received,electronics,1199,0,25811.14,True,False,0
pay_523dd47d5eb849,fraud,electronics,59,0,35101.75,False,False,0
pay_a147c4d6a9d744,not_received,digital_services,1101,0,2328.34,True,True,1
pay_02080a8c306d46,fraud,electronics,3,4,26185.11,False,True,1
pay_7830383c50cd47,fraud,electronics,1224,1,17045.34,True,False,0
pay_fbb56c33ed884e,fraud,electronics,571,0,25235.06,True,False,0
pay_37fd186cbe0348,fraud,electronics,441,1,28942.54,True,False,0
pay_f7b119c6edfe4d,damaged,electronics,637,0,30940.23,False,False,0
pay_65a967dfa5114d,not_received,electronics,4,3,32717.64,False,False,0
pay_d1aa07a0c4a241,fraud,electronics,273,0,23659.93,True,False,0
pay_54c4fb6423d548,not_received,digital_services,1129,1,4383.63,False,False,0
pay_129abe5b713f48,damaged,apparel,1420,0,3416.72,True,False,0
pay_247d7233dbbe44,not_received,apparel,10,6,2410.34,False,True,1
pay_28e25bd4559d4e,fraud,apparel,1379,0,3827.7,True,False,0
pay_5fbc85f212ed44,damaged,digital_services,220,0,5207.09,True,False,0
pay_90ea8301552e4c,fraud,digital_services,1361,0,2075.16,True,False,0
pay_4881789128454b,not_received,digital_services,1439,0,2766.57,True,False,0
pay_bbab18a7834b4b,not_received,electronics,252,0,19684.95,True,False,0
pay_37910a03f54e46,damaged,digital_services,970,0,3040.82,False,False,0
pay_87b9143fb67245,damaged,electronics,163,0,23328.24,True,False,0
pay_50e1f1243cb54b,damaged,electronics,655,1,23229.37,True,False,0
pay_30e539f1cdf84f,fraud,electronics,1119,1,19615.09,True,False,1
pay_5735e57f6aa246,damaged,apparel,1115,0,3659.35,True,False,0
pay_a68599f257444d,fraud,apparel,999,0,2983.21,True,False,0
pay_0519dd05c99b4d,fraud,electronics,849,0,17711.02,True,False,0
pay_b15bb838bd5f4a,not_received,apparel,6,2,2325.75,False,True,0
pay_ee8b6408ee5143,not_received,apparel,1220,0,4143.7,True,False,0
pay_3665eba1e0df41,not_received,electronics,931,0,19621.71,True,False,0
pay_3541e3ea96f541,not_received,apparel,625,0,3476.87,True,False,0
pay_3149c22d694e40,damaged,apparel,1266,0,2704.2,True,False,0
pay_2e932687cf154e,fraud,electronics,999,1,26198.12,True,False,0
pay_3c03b2e9ba7a4b,fraud,electronics,501,0,24864.13,True,False,0
pay_246e067bf1514d,damaged,digital_services,11,5,4699.55,False,True,1
pay_b390cb8c14da4f,fraud,digital_services,11,3,2513.2,False,True,0
pay_5ac5d8c630ea46,not_received,electronics,3,2,18642.27,False,False,0
pay_b00616740ad840,not_received,apparel,1257,1,2370.88,True,False,0
pay_f84a45d70e3d42,not_received,electronics,857,0,32886.37,True,False,0
pay_bda0eedd848643,not_received,apparel,3,6,3542.57,False,True,1
pay_bb68d4f0175f4d,fraud,apparel,569,0,2806.18,True,False,0
pay_5f060443604e4d,damaged,electronics,1134,0,17011.69,True,False,0
pay_5de6e93e741f4f,fraud,electronics,1,3,28519.34,False,True,1
pay_246ef62cec4944,not_received,electronics,1259,0,23358.07,True,False,0
pay_eaa1240633854c,fraud,apparel,408,0,1492.25,True,True,1
pay_da65536056d34f,not_received,digital_services,1205,0,3138.31,True,False,0
pay_270514ef14bf4b,not_received,digital_services,606,2,3968.78,True,False,0
pay_e118e324847848,damaged,digital_services,11,5,2003.5,False,True,1
pay_cd65a14e66894b,not_received,digital_services,816,0,2836.84,True,False,0
pay_a80f5adf9b4143,not_received,electronics,183,0,21621.44,False,False,0
pay_b6d2831160ae43,damaged,apparel,1110,2,2065.69,True,False,0
pay_e57a06b7f7eb46,not_received,electronics,76,0,23637.58,True,False,0
pay_c7e242ca5a084a,not_received,digital_services,133,0,2475.3,False,False,0
pay_d9aa642279404a,not_received,digital_services,263,0,2435.77,True,False,0
pay_8ae1770da00745,not_received,apparel,195,1,3730.89,True,False,0
pay_a2082729912340,damaged,apparel,921,0,1081.0,True,False,0
pay_9cd9dee5e81643,fraud,electronics,1426,0,26029.64,True,False,0
pay_042754e1d1e948,not_received,electronics,11,5,30189.15,False,True,1
pay_8ed242ca588b4d,not_received,digital_services,831,2,3454.56,True,False,0
pay_6e7fbd92174e4c,damaged,digital_services,749,0,4289.7,True,False,0
pay_161b8b7ae9ac40,damaged,electronics,777,0,28812.44,True,False,0
pay_6a2b94b3e1f04f,not_received,electronics,1110,0,24334.38,False,False,0
pay_22f9c5d0e5694e,not_received,electronics,500,0,26379.84,False,False,0
pay_f47b2843153647,fraud,digital_services,527,0,2254.65,True,False,0
pay_e14ebdeae3244c,not_received,digital_services,138,0,3150.5,True,False,0
pay_24f9d46d5ecf42,damaged,apparel,1189,0,3704.73,True,True,1
pay_cc24e9d67e5d4f,damaged,apparel,6,6,1250.21,False,True,1
pay_45b2830b23cf4e,damaged,apparel,951,0,4209.21,True,False,0
pay_795bf6b87b9d48,fraud,electronics,6,3,28798.52,True,True,1
pay_8b3d2459245348,damaged,digital_services,516,0,1563.86,True,False,0
pay_a996d6d69fd844,damaged,apparel,1265,0,3882.16,True,False,0
pay_2af34952f34044,fraud,electronics,1110,0,24224.52,True,False,0
pay_be2c8739bb4044,not_received,electronics,1270,0,29964.98,True,False,0
pay_fff885ab0b7644,not_received,apparel,1179,0,3941.46,False,False,0
pay_bc6c45e420c24e,not_received,electronics,431,0,32892.88,True,False,0
pay_ac240b186b9641,damaged,apparel,1170,0,3504.93,True,False,0
pay_a81214ae2ff84f,not_received,digital_services,13,3,2757.47,False,True,0
pay_90239d32f66b46,not_received,apparel,1291,0,2621.96,False,False,0
pay_b2cbc9be2a4448,not_received,apparel,524,0,3606.83,True,False,0
pay_3effa688e1b943,not_received,apparel,1411,0,2550.59,True,False,0
pay_730888f0b5734c,damaged,electronics,6,2,22498.61,False,True,1
pay_f9cd8b32e9a74b,not_received,apparel,1283,0,3952.35,True,False,0
pay_99024c7a634a48,not_received,electronics,921,0,31545.47,True,False,0
pay_230611adfa9b4d,fraud,digital_services,942,0,2995.77,True,False,0
pay_484c6483617545,fraud,digital_services,127,1,3289.68,True,False,0
pay_33d6f1a740364f,not_received,electronics,692,1,26613.21,True,False,0
pay_0b18a364f9494b,damaged,digital_services,984,0,2791.38,True,False,0
pay_8ed448753edf4b,fraud,apparel,5,5,5578.15,False,True,0
pay_43f10763b15f4a,fraud,digital_services,1370,0,3179.81,True,False,0
pay_b7866cf9b08248,fraud,apparel,773,1,3738.75,True,False,0
pay_c23104f7bba14e,not_received,apparel,10,6,2373.45,False,True,0
pay_78e3bfebccc743,damaged,apparel,1367,0,5325.17,False,False,0
pay_08eb3a30add746,not_received,electronics,10,6,23722.65,True,True,1
pay_164b2cb3c8364a,not_received,electronics,333,0,27544.26,True,False,0
pay_32a13779206248,not_received,electronics,365,0,29576.02,True,False,0
pay_41a54e2d6d5246,fraud,electronics,1065,0,25628.85,True,False,0
pay_a6a7d627642d46,not_received,electronics,1213,0,32752.76,True,False,0
pay_6a9116749a4941,not_received,apparel,1459,0,3395.4,True,False,0
pay_27508ffdc4cd4b,not_received,apparel,117,2,3215.31,True,False,0
pay_933a12f0742846,damaged,digital_services,762,0,1967.48,True,False,0
pay_3198e6ca565843,not_received,electronics,347,0,19829.27,True,False,0
pay_6509cab0d3914e,not_received,digital_services,13,6,2311.01,False,True,0
pay_2802164f304c47,damaged,apparel,520,0,4076.05,True,False,0
pay_5bcd14c7d1d046,damaged,apparel,817,0,5749.47,False,False,0
pay_366077b7c38c4e,not_received,apparel,1097,0,2805.89,False,False,0
pay_756ac3ce5def41,fraud,apparel,12,3,4013.64,False,True,0
pay_03db56e9869e41,not_received,electronics,3,5,28177.59,False,False,0
pay_9e9f4ac3744d42,not_received,apparel,11,4,1809.18,False,True,0
pay_d314835ff54f46,fraud,apparel,489,0,2464.32,True,False,0
pay_fb0ebf27f09443,fraud,digital_services,571,2,3474.55,True,False,0
pay_246c6c2ebe1b4a,fraud,digital_services,734,1,4311.53,True,False,0
pay_244501dd32104c,not_received,apparel,1417,0,3124.13,True,False,0
pay_ba06b746a12145,not_received,apparel,1020,1,3577.97,True,False,0
pay_30ba008dc8b64c,fraud,digital_services,981,2,3743.93,True,False,0
pay_1693f93833ad4e,fraud,digital_services,684,2,1620.8,True,False,0
pay_30a14929baba47,not_received,digital_services,752,0,399.38,True,False,0
pay_b0df9af009554a,fraud,apparel,877,0,3590.94,True,False,0
pay_4e2cb3e504ac4c,fraud,electronics,1416,0,8598.34,True,False,0
pay_2f914daab6dd40,not_received,digital_services,7,5,1728.58,False,False,0
pay_6fc52e9fa10d45,not_received,electronics,1443,0,31212.87,True,False,0
pay_65ef2bc23e2a41,fraud,apparel,9,3,2785.16,False,True,1
pay_a8d5d0f1021141,not_received,apparel,13,3,3589.05,False,True,1
pay_eb9c2e678f4544,fraud,electronics,11,5,37507.74,False,False,0
pay_4d20ce47f43147,not_received,electronics,1044,0,28039.8,True,False,0
pay_c0d0eec471204d,fraud,digital_services,595,0,2710.48,False,False,0
pay_514086647ecb47,fraud,apparel,393,0,3479.71,True,False,0
pay_066d285efb004d,not_received,apparel,6,3,1712.2,False,False,0
pay_8e882abcb6764d,not_received,apparel,937,0,3084.12,True,False,0
pay_f0f74972dcfc4e,fraud,digital_services,1091,0,2115.35,True,False,0
pay_536cd1e4eaa643,fraud,electronics,1026,2,27618.83,True,False,0
pay_227d1626dc0746,damaged,apparel,12,6,4448.74,False,True,1
pay_b999912f30484a,not_received,apparel,400,0,2424.64,False,False,0
pay_ba46e54b672d44,fraud,digital_services,73,0,3791.68,True,False,0
pay_324ee36c83434a,not_received,electronics,541,0,15904.88,True,False,0
pay_7be2bed5a9e64d,fraud,digital_services,496,0,2819.65,True,False,0
pay_c723c1b450e941,not_received,electronics,912,0,19818.77,True,False,0
pay_5b60a50e578c43,fraud,electronics,473,0,23572.07,True,True,1
pay_670534b0ea2447,fraud,electronics,142,1,27084.14,True,False,0
pay_7cb76bb16d6d44,fraud,apparel,1118,0,2694.61,True,False,0
pay_1de8a828cf434c,not_received,apparel,1398,0,2496.32,True,False,0
pay_e90b1eac31894a,not_received,apparel,1117,0,2720.17,True,False,0
pay_63d3d47b64214f,not_received,electronics,12,3,11495.7,False,True,0
pay_82490af65bd64a,fraud,apparel,916,0,3102.14,True,False,0
pay_f15f59c16d3642,fraud,digital_services,587,2,1613.03,True,False,0
pay_64b8dea840054d,not_received,digital_services,1427,0,3023.68,True,False,0
pay_7dd8d820165e42,fraud,apparel,929,0,3133.09,True,False,0
pay_1b5d8599d1cb40,not_received,digital_services,1476,0,3063.07,True,False,0
pay_a8bb9341ca2b44,fraud,apparel,1329,0,2307.8,False,False,0
pay_f317d27bdead43,not_received,electronics,1167,0,21245.54,True,False,0
pay_83d16f4dff644d,not_received,electronics,252,0,23815.49,True,False,0
pay_5fa20a4cbc1646,damaged,electronics,5,3,20824.2,False,True,1
pay_f73fd56440ed4d,fraud,apparel,104,1,3530.46,True,False,0
pay_5ff27687a20e45,fraud,digital_services,9,4,1431.47,False,True,1
pay_3e7f34b779bf43,not_received,digital_services,932,0,3299.34,True,False,0
pay_70a5727676894c,damaged,electronics,526,1,32848.9,False,True,1
pay_0c91e0decbc84d,damaged,apparel,812,0,3248.73,True,False,1
pay_b80a22128bb745,not_received,apparel,1499,0,3287.24,False,False,0
pay_1c8bd9cc120a4d,not_received,digital_services,596,0,2810.88,True,False,0
pay_a400418d54a74d,not_received,electronics,2,4,28254.34,False,True,0
pay_75bd7647440849,not_received,apparel,680,0,1744.35,True,False,0
pay_8c1151434ce84c,not_received,digital_services,203,0,2483.07,True,False,0
pay_bb3e1c32d6be44,damaged,digital_services,1286,0,1821.19,True,False,0
pay_451c125957f94e,not_received,electronics,650,0,17014.73,True,False,0
pay_1040b3d9e0da45,not_received,electronics,1236,0,32155.62,True,False,0
pay_384dd4f0583648,not_received,apparel,1158,0,2320.5,True,False,0
pay_44419f80a4b849,not_received,digital_services,1334,0,2440.93,True,False,0
pay_75ff0d7809b749,not_received,electronics,1237,0,18016.94,True,False,0
pay_a7174388e4d24e,not_received,digital_services,1260,0,2109.76,False,False,0
pay_7c962747cc2548,fraud,electronics,223,0,25400.01,False,False,0
pay_7580378431af4d,fraud,apparel,51,1,3830.03,True,False,0
pay_55b76b6c28df48,not_received,apparel,1307,0,1935.11,True,False,0
pay_b845a2da1c7f47,damaged,electronics,1127,1,18244.25,True,False,0
pay_002451bfc0c24a,fraud,electronics,897,0,16071.18,True,False,0
pay_5b27ee3356ad49,not_received,apparel,573,0,1776.68,True,False,0
pay_cc68b471744541,fraud,digital_services,1112,0,3627.9,True,False,0
pay_7aa5060b5e524c,fraud,electronics,618,0,23646.12,True,False,0
pay_4a7aa1a4d80a40,damaged,apparel,829,0,2594.89,True,True,1
pay_e6bea7d6643f43,damaged,apparel,1439,0,2437.9,True,False,0
pay_fcc01734adcc45,fraud,apparel,612,1,4121.96,True,False,0
pay_e1a7247c569a42,not_received,digital_services,61,1,2319.56,True,False,0
pay_19154fe1ec0a47,fraud,apparel,1050,0,4337.58,True,False,0
pay_cfbbddc9334b49,damaged,apparel,6,3,3711.34,False,True,1
pay_be76dd0c5f3843,fraud,apparel,1466,0,1929.01,True,False,0
pay_ddbc8853147d48,fraud,apparel,10,3,2357.74,False,True,0
pay_363eb7dcf41d41,not_received,electronics,850,1,25974.92,True,False,0
pay_6bf92e038bce4e,damaged,digital_services,1223,0,2127.32,False,False,0
pay_c408d565498f4a,fraud,electronics,488,0,23602.14,True,False,0
pay_6d6daea265ef41,not_received,apparel,8,3,3327.04,True,True,1
pay_f635f1fcffd046,fraud,apparel,911,0,2768.17,True,False,0
pay_b3a64d304b2649,damaged,electronics,13,3,19970.65,False,True,1
pay_18f430811b9a46,fraud,electronics,2,2,28594.65,False,True,0
pay_1cac28ee3d3c4c,damaged,electronics,504,0,23923.96,True,False,0
pay_fd96b321a2e24f,not_received,electronics,699,0,21992.11,True,False,0
pay_9ce0db6d4aee4a,not_received,digital_services,6,6,2409.42,False,True,1
pay_ded3018b6b4a4d,damaged,digital_services,759,0,3574.05,True,False,0
pay_b1677725294e40,damaged,electronics,896,0,23322.38,True,False,0
pay_fb1c992e19e143,not_received,electronics,89,0,19740.03,True,False,0
pay_957011cfeb114c,fraud,digital_services,37,0,3626.13,True,False,0
pay_d72397fd49ab48,not_received,electronics,1441,0,26466.91,True,False,0
pay_38d0c80bb8f141,not_received,digital_services,1148,0,3009.44,True,False,0
pay_0d69dd73e2384c,not_received,electronics,1047,0,29675.37,True,False,0
pay_e65c9f3e8b254c,not_received,apparel,1307,0,4025.0,True,True,1
pay_4a223c063fb144,fraud,apparel,986,0,1593.07,True,False,0
pay_7c0af7718e1d42,not_received,electronics,1494,0,24611.07,True,False,0
pay_0b4047c98e3e42,not_received,electronics,361,0,23430.06,True,False,0
pay_1aa0a18988f844,fraud,apparel,1134,0,4584.57,True,False,0
pay_04353b93d77446,not_received,electronics,687,0,32795.78,True,False,0
pay_841f3f1acc9949,not_received,apparel,255,0,3997.03,True,False,0
pay_9c0692a898b143,not_received,electronics,627,0,31069.89,True,False,0
pay_19273c65cba14b,fraud,apparel,915,1,3718.26,False,False,0
pay_37bd652d9c0940,not_received,apparel,461,0,3030.38,True,False,0
pay_a2f2939b8cab4b,fraud,apparel,1449,0,3013.74,True,False,0
pay_e3f888bfb6e541,not_received,electronics,326,1,19573.1,True,False,0
pay_f215fa7a66f645,not_received,apparel,1002,0,2165.85,False,True,0
pay_75dba0b4ab1140,not_received,apparel,247,0,3169.81,True,False,0
pay_41e342b64ecd49,fraud,digital_services,447,0,1741.55,True,False,0
pay_483cc28bcc174a,not_received,apparel,11,4,1275.97,False,True,1
pay_fae938d02fea4a,damaged,electronics,973,0,26409.5,True,False,0
pay_76a6de000e4446,fraud,electronics,352,1,31306.6,True,False,0
pay_ddd60043ba7b4d,damaged,electronics,88,0,19369.17,False,False,0
pay_379682b502a44a,not_received,electronics,641,0,32731.81,False,False,0
pay_f7687cda903f45,not_received,electronics,1242,0,28537.19,False,False,0
pay_162bc16b80d547,fraud,electronics,1347,0,23197.7,True,False,0
pay_9c04610a814642,fraud,electronics,1368,0,15386.86,True,False,0
pay_b75ffc44532949,damaged,electronics,85,1,29762.11,True,False,0
pay_92c1bab8401040,fraud,electronics,775,0,21499.2,False,False,0
pay_7d48891a792a4b,fraud,electronics,642,1,26142.84,True,False,0
pay_d56d5a0e88194b,not_received,electronics,277,1,24200.68,True,False,0
pay_2d89600458614c,fraud,apparel,692,0,3637.93,True,False,0
pay_291d476d86e34d,not_received,electronics,767,0,28188.0,True,False,0
pay_c79b0587b8ee48,not_received,electronics,3,6,25201.89,False,False,0
pay_7229c51a6aac49,damaged,electronics,7,6,27348.1,False,False,0
pay_c933952b7c1c4e,not_received,apparel,1468,0,4291.63,True,False,0
pay_239b0bd961b14e,fraud,digital_services,902,0,4108.21,False,False,0
pay_a96dda04471a42,fraud,electronics,679,2,25068.61,True,False,0
pay_a92f8c39ac9244,not_received,apparel,1410,0,1956.93,True,False,0
pay_a6e520a717f647,not_received,apparel,972,0,2351.56,True,False,0
pay_d77d1ce468b043,damaged,apparel,6,3,1536.6,True,True,1
pay_1ee6a0f715c64d,not_received,digital_services,1059,1,2765.22,True,False,0
pay_cbd5907f7f8d4b,fraud,digital_services,595,0,2861.53,True,False,0
pay_4ced323cbe0a4f,damaged,electronics,1018,0,26630.26,True,False,0
pay_4d6a9da5bd6042,fraud,electronics,834,0,20099.48,True,False,0
pay_fbea678191fd48,fraud,apparel,896,0,2232.44,True,False,0
pay_3c866fc4e7e34b,not_received,digital_services,876,0,4050.06,True,False,0
pay_24b7f94df66c41,damaged,digital_services,201,0,2856.72,True,False,0
pay_25ecbed120b047,not_received,electronics,6,5,32281.21,False,True,1
pay_ad22105f71704d,fraud,electronics,405,1,29677.71,True,False,0
pay_88324be3377d44,fraud,apparel,133,0,3255.96,False,False,0
pay_aeff7bd24a2743,fraud,apparel,1122,1,1974.71,True,False,0
pay_d4c38c64364746,fraud,apparel,218,0,1835.7,True,False,0
pay_f4462291329c4d,fraud,apparel,367,0,2762.61,True,False,0
pay_8abe3767e3504f,not_received,electronics,316,0,21987.74,True,False,0
pay_cb605356c5124f,damaged,digital_services,1341,0,1043.85,False,True,1
pay_6a2e2e757adc47,fraud,digital_services,1202,0,2722.97,True,False,0
pay_ec811b5414a34a,fraud,apparel,1007,0,3488.12,True,True,1
pay_154954e8491347,damaged,apparel,1140,0,3676.03,False,False,0
pay_e425098c1deb4c,not_received,apparel,707,0,3918.64,True,False,0
pay_2925f5cc1db645,damaged,electronics,1140,1,25596.1,True,False,0
pay_59de0baf81d34d,fraud,electronics,1428,0,21730.61,True,True,1
pay_826dc7c8175a49,fraud,electronics,813,0,23116.42,True,False,0
pay_7ce0a9927d3843,not_received,digital_services,12,6,4531.89,False,True,1
pay_b8433fc4e83144,not_received,electronics,949,0,26796.32,True,False,0
pay_26a64caf9e9445,not_received,electronics,337,0,22972.41,True,False,0
pay_dcd70ff978bd47,not_received,apparel,268,0,3073.96,True,False,0
pay_d830903dd31a4c,fraud,electronics,1414,0,34843.25,True,False,0
pay_b0211b6f453944,not_received,electronics,67,0,26115.09,True,False,0
pay_f46c16dcd1d244,not_received,apparel,237,0,3245.42,True,False,0
pay_d4137de3627e4f,not_received,apparel,10,4,2188.15,False,True,1
pay_6564c00dd6cb43,not_received,apparel,567,0,2404.63,True,False,0
pay_ef0b18dfc10a4a,not_received,apparel,1495,0,1218.09,True,False,0
pay_c07b8f26635445,fraud,apparel,1354,0,2866.11,True,False,0
pay_15fe2c82dd8345,fraud,apparel,1344,0,2797.49,True,False,0
pay_e3580cc98a8740,not_received,apparel,1098,0,100.0,True,False,0
pay_0e827a06c44a42,fraud,electronics,11,2,30777.96,False,True,0
pay_c17882b6cbab47,not_received,apparel,1037,0,3468.15,True,False,0
pay_8a84bb05e10c48,damaged,electronics,257,0,23863.36,True,False,0
pay_cfa048c8e94e4e,fraud,electronics,480,0,27756.95,False,False,0
pay_62e1c2def3594a,fraud,electronics,823,0,25848.56,False,False,0
pay_0b93b6fd2cbf48,damaged,electronics,397,0,29004.89,False,False,0
pay_0c5740142c4c47,fraud,apparel,3,2,2183.87,False,True,0
pay_dd99ad4bd10445,fraud,apparel,212,0,3483.82,True,False,0
pay_a929c729a10b40,fraud,electronics,170,0,18050.26,True,False,0
pay_291d697fe2bf46,not_received,digital_services,1443,0,2518.73,False,False,0
pay_052ecc93876442,fraud,apparel,771,2,2345.26,True,False,0
pay_0a6ac8cb711f40,not_received,digital_services,1017,0,2169.31,True,False,0
pay_90bedef20c5f45,not_received,apparel,1401,0,4760.28,True,False,0
pay_063dc9bccbbe45,fraud,electronics,1133,0,23992.88,True,False,0
pay_96503b6b1aa24e,fraud,digital_services,914,0,4047.64,True,False,0
pay_c27a9e61369a49,not_received,digital_services,893,0,3094.46,True,False,0
pay_f843c3dc970741,not_received,apparel,12,4,1742.14,False,True,0
pay_51aa300c90ab41,fraud,electronics,347,0,22661.05,True,False,0
pay_7f4ac7ad945d4d,fraud,electronics,803,1,23225.57,True,True,1
pay_db6915d8e9c34e,not_received,digital_services,7,3,4191.45,True,True,1
pay_ed42af54f87f4d,damaged,electronics,612,0,22018.45,True,False,0
pay_8ab2ce335fd54b,fraud,apparel,986,0,2893.82,True,False,0
pay_38a96ee15fd644,not_received,apparel,678,0,2226.21,True,False,0
pay_e6a9adfa4c2a4c,fraud,electronics,1264,0,26630.53,False,False,0
pay_4e247a107f0d4e,fraud,apparel,760,0,1975.9,False,False,0
pay_cad159e5e44740,fraud,apparel,838,1,2225.95,True,False,0
pay_9cf93875665747,not_received,electronics,12,4,19913.96,False,True,0
pay_5f287d54caef48,not_received,apparel,9,5,3198.72,False,True,0
pay_114425b6e9e044,damaged,digital_services,4,2,4213.28,False,True,1
pay_8332a85ab52d46,not_received,apparel,1180,0,2970.22,False,False,0
pay_0a72348d29f349,damaged,apparel,1253,0,3001.72,True,False,0
pay_17e910e1dde547,fraud,apparel,574,0,3313.19,True,False,0
pay_35dfd26d342748,fraud,electronics,10,6,20618.82,False,True,1
pay_361a03d33dc94a,damaged,digital_services,1297,0,3386.83,True,False,0
pay_0b865904c4004d,not_received,apparel,36,0,3886.94,True,False,0
pay_948b076dce8c4a,damaged,electronics,995,0,25821.35,True,False,0
pay_01c3bbeec9434b,fraud,apparel,3,2,4956.38,False,True,0
pay_d882e548ed5342,fraud,apparel,877,0,3625.61,True,False,0
pay_d856f78816074e,not_received,electronics,93,0,18824.16,True,False,0
pay_a0dd621d75b946,fraud,digital_services,758,0,3725.03,True,False,0
pay_6492e95c4bff48,not_received,electronics,848,0,28733.24,True,False,0
pay_267a59ae8eaf40,not_received,apparel,816,1,1794.55,True,False,0
pay_840079605a0a4d,fraud,apparel,593,0,3013.61,False,False,0
pay_bddcf9e9bc094f,fraud,electronics,856,0,29234.5,True,False,0
pay_d4fbe137b12a4b,fraud,digital_services,433,0,2890.14,False,False,0
pay_b60d9587506847,fraud,apparel,917,0,1414.71,False,False,0
pay_c7a0c1513ce448,not_received,apparel,1172,0,2213.5,True,False,0
pay_5fd620323a064d,fraud,apparel,1260,0,3940.75,True,False,0
pay_6e5d83c506184d,fraud,digital_services,13,2,455.6,False,True,0
pay_2d4b9c9b485d4c,damaged,electronics,770,0,42842.34,True,False,0
pay_91516fa588804d,not_received,apparel,668,0,2808.27,True,False,0
pay_f0498b15652442,fraud,digital_services,626,0,3208.06,True,False,0
pay_b02603d628ed43,not_received,electronics,1147,2,28587.2,True,False,0
pay_833e0636e7304a,damaged,electronics,471,2,10802.68,True,False,0
pay_4ecb6033946c4e,fraud,digital_services,1034,1,3064.68,False,False,0
pay_9409aee55f0b4a,not_received,digital_services,655,0,1292.77,True,False,0
pay_7ba1c27f308946,not_received,apparel,974,0,3607.34,True,False,0
pay_e4895ce82a0746,fraud,apparel,568,0,2703.19,True,False,0
pay_7e1d08b370f64a,not_received,apparel,1161,0,2404.61,False,False,0
pay_5f188e5a5cb848,damaged,electronics,285,0,34419.75,True,False,0
pay_7455f630908341,damaged,apparel,818,0,2367.17,True,False,0
pay_501e16e09a5d4c,fraud,apparel,748,0,4340.31,True,False,0
pay_40fa096808b444,fraud,electronics,214,0,25561.76,True,False,0
pay_e507382fdd6948,damaged,apparel,394,0,2751.82,True,False,0
pay_18c6e68be39f47,not_received,apparel,1172,0,1637.68,True,False,0
pay_480f06c77eb147,fraud,apparel,397,0,4510.59,True,False,0
pay_a70367c68b0845,not_received,apparel,284,0,4701.25,True,False,0
pay_85a90061c1d048,fraud,digital_services,717,0,2169.07,True,False,0
pay_fd7d5736717443,fraud,electronics,2,3,20801.24,False,True,0
pay_d0873269528847,damaged,apparel,6,4,3284.78,False,True,1
pay_ef406617cfa44c,fraud,apparel,8,4,3145.24,False,True,1
pay_b48ce939c0644f,fraud,electronics,110,0,28803.69,True,False,0
pay_d17a5e1e8af440,fraud,electronics,83,0,29484.29,True,False,0
pay_c08e17388b9c4a,not_received,apparel,253,0,3175.73,True,False,0
pay_02d9fcb2416b41,fraud,apparel,813,0,3531.83,False,True,1
pay_e4319ee6e77c4b,not_received,digital_services,1392,0,2590.4,True,False,0
pay_d827b296e2f249,not_received,apparel,2,6,4417.1,False,True,0
pay_bfbf87a6094b48,damaged,electronics,33,0,18345.59,True,False,0
pay_dd1a87dc9a8a4d,fraud,apparel,1091,2,3765.49,False,False,0
pay_e21d8b86b26845,damaged,apparel,933,0,2277.86,True,False,0
pay_cc31f2c3d8544f,fraud,apparel,343,0,3998.07,True,False,0
pay_7be9f7fd27f84e,not_received,digital_services,10,4,2667.11,False,True,0
pay_bc0e89c7683349,not_received,apparel,434,0,1175.73,False,False,0
pay_d39ba9c8fe394c,fraud,electronics,612,1,25257.88,False,True,0
pay_05ecaf023e4743,not_received,electronics,1376,0,26507.44,True,False,0
pay_1f9418877cd249,fraud,apparel,1079,1,1888.51,True,False,0
pay_128ff95677444a,fraud,electronics,12,6,32676.31,False,True,0
pay_7b5eec8308bd41,fraud,apparel,1417,0,4150.0,True,False,0
pay_60246bff10124b,not_received,apparel,170,0,2408.12,False,False,0
pay_c98fe3b4bbfa43,fraud,apparel,12,4,4268.19,False,True,0
pay_20fc2ec659b04b,fraud,apparel,260,1,2157.01,True,False,0
pay_4c71d79f122444,fraud,apparel,579,0,2454.33,True,False,0
pay_caba89e6f19347,not_received,electronics,794,0,20266.73,True,False,0
pay_40a0bdae56b54b,not_received,apparel,678,2,1482.33,True,True,1
pay_87461f2e2eea40,fraud,apparel,10,6,3945.3,False,False,0
pay_ab4da41b1d4147,fraud,apparel,734,1,3296.59,True,False,0
pay_0b0db916afa34b,not_received,electronics,1125,0,28917.87,True,False,0
pay_bc0366ce017945,not_received,apparel,7,4,1386.89,True,False,0
pay_da60bd89016b44,not_received,apparel,11,2,4553.83,False,False,0
pay_3c5046432e934f,damaged,electronics,1145,0,27228.74,True,False,0
pay_4aa2fc335d8f44,fraud,digital_services,4,4,2898.59,False,True,1
pay_6184107e973a4e,damaged,apparel,90,0,4410.04,False,False,0
pay_6c8f97deed8c4a,fraud,apparel,50,0,1189.48,True,False,0
pay_b6b242f93d0040,damaged,apparel,1145,0,2627.09,True,False,0
pay_801896606f5d4d,fraud,digital_services,1276,0,1846.34,True,False,0
pay_356bb8a837d342,not_received,apparel,553,1,3959.54,True,False,0
pay_bb0172c3e3484f,fraud,apparel,344,0,1694.91,True,False,0
pay_59fc3ccb5b5942,fraud,apparel,11,4,4138.85,False,True,0
pay_10eb7e6ed5c84a,damaged,electronics,752,0,20297.78,True,False,0
pay_c6d5d08651cc45,not_received,electronics,1147,0,28432.89,True,True,1
pay_56ebeda729eb47,damaged,electronics,1315,0,28171.18,True,False,0
pay_35d57bff7e3b46,not_received,electronics,1338,0,25154.88,True,False,0
pay_1ca9f9bced8840,not_received,apparel,1234,0,3060.86,True,False,0
pay_bde0a62f0cfe45,fraud,electronics,274,0,27607.4,True,True,1
pay_b3df21a33c8645,damaged,apparel,595,0,2978.86,True,False,0
pay_f5372a8b9fa94d,not_received,apparel,910,0,3566.99,True,False,0
pay_4fcdfb8e277542,not_received,electronics,192,0,17514.81,True,False,0
pay_c9a10477f9ec48,not_received,electronics,1332,0,25560.92,True,False,1
pay_3d695b626b0b48,not_received,apparel,1474,0,2505.24,True,False,0
pay_596896afa57c41,damaged,electronics,952,0,30391.71,True,False,0
pay_9f2edd0f053244,fraud,apparel,973,0,4122.25,True,False,0
pay_54901b2805af49,fraud,apparel,1204,1,4916.12,True,False,0
pay_b9b6f64fb3c549,fraud,apparel,323,0,3680.26,True,False,0
pay_429de8e039a946,not_received,apparel,975,1,2730.13,True,False,0
pay_c57e253f213d49,fraud,apparel,6,4,3018.34,False,True,0
pay_befa12573f8349,fraud,digital_services,1360,1,3333.28,True,False,0
pay_12c21405e59a44,fraud,electronics,910,0,27894.21,True,False,0
pay_1e46b66c98de48,not_received,digital_services,392,0,3664.65,False,False,0
pay_67d9d2f2d5474e,not_received,apparel,7,5,2656.01,False,True,1
pay_7b50accb838f43,fraud,apparel,733,0,4470.1,True,False,0
pay_4bd50c856d6b4e,damaged,apparel,10,3,3512.0,False,False,0
pay_d914d26f3c444d,damaged,apparel,112,0,4902.83,True,False,0
pay_3d3751ee8cc54f,fraud,digital_services,1044,0,3164.41,True,False,0
pay_b653107552cb4c,not_received,electronics,650,0,24945.13,True,False,0
pay_f2a097dd27f24d,not_received,apparel,1117,0,2271.23,True,False,0
pay_f80093ab2c524e,fraud,electronics,1480,1,21403.79,False,False,0
pay_e0e9a30e6fd047,fraud,electronics,6,6,20597.01,False,False,0
pay_ba7f97b4d03c4c,not_received,apparel,11,6,3785.89,False,True,1
pay_19b9dad5014843,not_received,electronics,481,0,21094.76,True,False,0
pay_6bf92110a97641,fraud,digital_services,622,0,4225.24,True,False,0
pay_8cef70064c5f4f,damaged,apparel,1218,0,2863.07,True,False,0
pay_8bdcbace6d1f4f,not_received,apparel,8,6,3202.05,False,True,1
pay_1b3f89ca8b7046,not_received,electronics,1174,0,26185.94,True,False,0
pay_8ee1ba2cd5084c,fraud,electronics,828,0,29207.77,True,False,0
pay_33dec231a2df4b,not_received,digital_services,323,0,3143.24,True,True,1
pay_fb2ad9fe8a6548,fraud,apparel,8,2,2846.52,False,True,1
pay_cbf0ce8bd2f24c,not_received,electronics,242,0,26176.32,True,False,0
pay_4603252aaa7c4b,not_received,electronics,499,0,22300.13,True,False,0
pay_34d54661114e40,not_received,electronics,5,4,26381.65,False,True,1
pay_0eb61f5b75654f,fraud,electronics,7,5,20078.71,False,False,0
pay_37c7e722c50848,not_received,apparel,1402,0,2586.3,True,False,0
pay_985156b371d544,damaged,apparel,4,4,4622.17,False,True,1
pay_d55b9b6acde24f,not_received,apparel,302,0,3359.56,True,False,0
pay_4a63dbaf42fd4b,fraud,digital_services,1025,0,3097.78,True,False,0
pay_cb4af3ea566240,not_received,electronics,970,0,16479.88,True,False,0
pay_260a9302125744,fraud,apparel,93,2,2444.3,True,False,0
pay_d359864e53b34a,damaged,apparel,615,0,3115.95,True,False,0
pay_a041a7b0264143,not_received,electronics,914,0,34676.71,False,False,0
pay_96e7d0adce7a4e,fraud,electronics,642,0,31246.87,True,False,0
pay_754faadcb0774c,fraud,apparel,440,0,4050.95,True,False,0
pay_035049753ca34e,fraud,electronics,1457,1,19708.81,True,False,0
pay_4bef272478ec4f,damaged,apparel,8,4,2823.65,False,True,1
pay_e3e5f65844e841,fraud,apparel,1,5,3210.09,False,True,0
pay_310e05571e5041,not_received,electronics,343,0,29883.33,True,False,0
pay_f659712cc2134d,damaged,electronics,483,0,27904.85,True,False,0
pay_33af67578a2e4a,fraud,electronics,1491,0,25338.55,True,False,0
pay_bad4dc6c771040,not_received,apparel,247,0,3225.0,True,False,0
pay_1ebceac5ee6449,not_received,electronics,1013,0,26880.86,True,False,0
pay_20093120c31a49,not_received,digital_services,779,0,3370.56,True,False,0
pay_080f357cf8bc4f,fraud,digital_services,1247,0,2624.31,True,False,0
pay_00aba919a58e4c,fraud,electronics,1,6,31210.57,False,True,1
pay_a6baad33621c40,not_received,digital_services,13,5,3604.03,False,True,0
pay_9092aad8b49a41,damaged,apparel,799,0,3363.74,True,False,0
pay_e016178e70b145,fraud,electronics,1046,1,20436.58,False,False,0
pay_b2651b77051c4e,fraud,apparel,475,0,3250.2,False,False,0
pay_86294cbccf1b4b,fraud,apparel,730,0,2769.86,False,False,0
pay_5f9237c31d6c47,damaged,electronics,1,5,41117.64,False,False,0
pay_093374ed8f704e,fraud,electronics,547,0,29180.56,True,False,0
pay_01ebfb2b9f1745,damaged,electronics,478,1,23512.53,True,False,0
pay_ba7efdf311504b,fraud,electronics,135,0,21736.63,True,True,1
pay_ec978fa1209646,damaged,electronics,4,4,19960.44,False,True,1
pay_adaedff366ff45,not_received,apparel,659,0,3280.44,True,False,0
pay_2dfc5c34f3ce42,not_received,electronics,278,0,19457.78,True,False,0
pay_6fe99b24f4b945,fraud,electronics,805,0,28143.6,True,False,0
pay_c9c980d66ad34b,not_received,electronics,923,0,24976.33,True,False,0
pay_2af5f18d01b14b,fraud,digital_services,852,0,2086.47,False,False,0
pay_01324477c14241,fraud,electronics,840,0,28980.08,False,False,0
pay_566feb5a5c444c,fraud,apparel,10,5,4328.87,False,False,0
pay_2a083688c47d49,damaged,apparel,298,0,2948.84,True,False,0
pay_fb1f0477d09c49,not_received,apparel,3,2,452.59,False,True,0
pay_bb561e15d8d24f,not_received,apparel,1456,1,1428.61,True,False,0
pay_f6fd84095d5a41,not_received,electronics,4,3,23178.37,False,False,0
pay_58e5588006d148,fraud,electronics,812,0,24105.99,True,False,0
pay_fa8e336b137e44,damaged,electronics,1129,0,26588.4,True,False,0
pay_32adf9c3676f42,not_received,apparel,1163,0,4380.5,True,False,0
pay_42b743e3f27f43,not_received,electronics,488,0,34988.38,True,False,0
pay_9a1ae2aa7d3841,not_received,electronics,688,0,22793.16,True,False,0
pay_5ee025afff8e4d,damaged,apparel,705,0,2884.75,True,False,0
pay_2adc083a12d649,damaged,electronics,934,0,24060.09,True,False,1
pay_603244cc516347,not_received,apparel,1176,0,3150.69,True,False,0
pay_40fbf82bac6f44,fraud,electronics,485,0,33896.07,True,False,0
pay_6f4c4b2b63264d,not_received,digital_services,1340,0,3661.85,True,False,0
pay_b0f2f2cf8da44e,not_received,digital_services,469,0,2028.77,False,False,0
pay_1d994bd6c81545,fraud,apparel,728,0,3908.51,True,True,1
pay_e1117c13e75c4a,fraud,digital_services,1076,0,4170.79,True,False,0
pay_ffb50207c5204d,not_received,electronics,7,3,25025.76,False,True,1
pay_1b06ab6d89d04b,not_received,apparel,50,0,3035.09,False,False,0
pay_4b12cc7fb1fc49,not_received,electronics,4,6,26350.92,False,True,0
pay_d2acc58649cd48,fraud,apparel,741,0,3773.77,False,False,0
pay_1691034910054e,not_received,electronics,134,0,25305.04,True,False,0
pay_bebcc39c7ab945,not_received,electronics,104,0,27207.77,True,False,0
pay_d30b1969041245,fraud,digital_services,1077,0,3121.24,True,False,0
pay_52dbee66cad045,fraud,electronics,1190,0,20451.43,True,False,0
pay_ea2773b5c46943,damaged,apparel,12,3,3345.07,False,True,1
pay_88a89bce46034a,not_received,apparel,1,3,2667.55,False,True,0
pay_20d7911820a54a,fraud,electronics,639,2,22102.99,True,False,0
pay_c1d883e0147f4a,damaged,apparel,7,2,3470.39,False,True,1
pay_47a13bc93b944a,fraud,electronics,6,5,15451.82,False,True,1
pay_5ad9efcaa4ba4f,damaged,digital_services,756,0,3328.55,True,False,0
pay_5dfb14509d9e42,fraud,digital_services,4,4,3774.85,False,True,1
pay_95707e9d689b43,fraud,apparel,1434,0,3743.01,True,False,0
pay_e8c6a0b987924e,not_received,digital_services,577,0,2801.34,True,False,0
pay_07361267102d40,fraud,electronics,8,3,31516.86,False,True,0
pay_4a8a47698fce42,not_received,electronics,871,0,19653.84,True,False,0
pay_8c5415c3361f47,not_received,electronics,891,0,29970.8,True,False,0
pay_90b5e7e4184045,damaged,apparel,321,0,4967.78,True,False,0
pay_077ddd49a0504d,not_received,electronics,957,0,35479.92,True,False,0
pay_0e1a51c5e74f4f,not_received,apparel,184,0,3887.97,True,False,0
pay_58cf6f792f4643,fraud,apparel,533,2,3987.15,True,True,1
pay_c863562cdb584c,fraud,electronics,1374,0,22232.18,True,False,0
pay_275e1c59e55747,not_received,electronics,238,1,31153.73,True,False,0
pay_7c7855fd3aa347,fraud,electronics,2,6,22919.8,True,True,1
pay_d80b27f8f10042,not_received,apparel,1254,2,2497.86,True,False,0
pay_5bd8d7cdfe2d44,not_received,electronics,239,0,24869.44,True,False,0
pay_191fec053dc242,fraud,electronics,947,0,30547.69,False,False,0
pay_f0b4da18231248,not_received,apparel,2,5,4188.17,False,True,1
pay_cff21910af1948,fraud,electronics,9,2,15099.95,True,False,0
pay_005c7d91d77747,not_received,apparel,525,0,2863.17,True,False,0
pay_543d0b18db4a49,not_received,apparel,1117,0,1872.7,True,False,0
pay_5464e57490874f,not_received,apparel,11,4,2251.35,False,True,1
pay_dabf3d8a4e5747,fraud,apparel,268,0,2239.78,True,True,1
pay_a7d034107bc54f,not_received,electronics,1015,0,29833.0,False,False,0
pay_c33ff5dcdd5747,fraud,electronics,974,0,19378.68,True,False,0
pay_cdf7127a60a349,not_received,apparel,1059,0,2923.88,True,False,0
pay_783a86c8ff8d46,not_received,electronics,640,0,23068.16,True,False,0
pay_b5f28d46eb7240,not_received,digital_services,1162,0,3559.74,True,False,0
pay_d19f21620e844d,damaged,electronics,479,0,26278.05,True,False,0
pay_ef91ff9f9bca4d,not_received,apparel,1460,0,3548.56,True,True,1
pay_06234ec01a484b,fraud,electronics,1313,0,24610.49,True,False,0
pay_7d963301deaa42,fraud,digital_services,899,0,2278.81,True,False,0
pay_b0470133529a4d,damaged,apparel,968,0,3555.82,True,True,1
pay_ca51ce733d2144,fraud,apparel,736,0,1837.58,True,False,0
pay_bc49dd946d884e,not_received,apparel,519,0,4610.45,True,False,0
pay_0e9385a571204d,not_received,electronics,532,0,27045.23,True,False,1
pay_955f399284344d,not_received,apparel,48,0,2784.79,True,False,0
pay_e68b6e5bfc754e,not_received,electronics,612,0,33923.52,True,False,0
pay_e62e97e412be42,not_received,apparel,1295,0,3182.13,True,False,0
pay_f78519d5462748,not_received,electronics,1378,0,21263.41,False,False,0
pay_94a2cc6e84564c,damaged,electronics,133,0,29086.66,True,False,0
pay_5f160ae3b0a549,not_received,electronics,1188,0,29461.06,True,False,0
pay_971f8aa72a064c,not_received,electronics,1425,0,24523.07,False,False,0
pay_a0410fa007e14f,not_received,electronics,10,6,22473.8,False,True,1
pay_5eff062a8b5348,not_received,digital_services,2,6,1938.13,False,True,1
pay_6fc56c07d8294e,damaged,apparel,4,5,2498.94,False,True,1
pay_0b2276b8992f42,fraud,digital_services,521,0,2793.31,True,False,0
pay_cec28bf25bb141,fraud,electronics,647,1,24498.52,True,False,0
pay_935883660ee74c,damaged,apparel,1476,0,3890.75,True,False,0
pay_9605ff86344a41,not_received,apparel,1060,0,4057.25,True,False,0
pay_5a7d3135287a4b,fraud,apparel,5,5,2335.48,False,True,1
pay_f20e745370eb46,not_received,apparel,1485,0,5415.82,False,False,0
pay_5b9c938f164d49,damaged,apparel,215,0,3665.3,False,False,0
pay_f05baf0a2e9643,damaged,apparel,452,0,3618.73,True,False,0
pay_9ad867148a504d,not_received,apparel,605,0,2502.02,True,False,0
pay_96f03d1e939940,fraud,apparel,537,0,2333.38,True,False,0
pay_ae7f8ce28fd148,damaged,digital_services,962,0,3798.88,True,True,1
pay_f0b921f0389f42,not_received,digital_services,98,0,4971.43,True,False,0
pay_191950139e7748,damaged,apparel,771,0,2823.99,True,True,1
pay_58823d6644dd45,fraud,electronics,458,0,35220.38,True,False,0
pay_77ce3b49f31c4a,fraud,electronics,3,6,22772.69,False,True,1
pay_43a3c094d99445,not_received,electronics,1389,0,33855.59,True,False,0
pay_24040c9015674f,fraud,electronics,1451,0,24109.2,True,False,0
pay_877f0ce198b447,not_received,electronics,461,0,14592.14,True,False,0
pay_f29f4b22714d42,damaged,electronics,99,0,35868.41,False,False,0
pay_c1abeb3e47524f,not_received,apparel,3,4,3859.71,True,True,1
pay_9e283280ad794f,damaged,electronics,428,0,19079.02,True,False,0
pay_337d234d27b346,not_received,apparel,40,0,2841.56,True,False,0
pay_a3dfd70e2b2f4b,not_received,electronics,1326,0,23741.14,True,False,0
pay_ca41554d22c84e,damaged,digital_services,696,0,2616.28,True,False,0
pay_8107a9f5f89c43,not_received,apparel,444,1,3959.0,True,False,0
pay_a218f0d71be344,not_received,electronics,702,0,26595.78,False,False,0
pay_3925a0b82f5047,not_received,digital_services,543,0,2250.38,True,False,0
pay_9e8cab74081e4e,not_received,electronics,564,0,27074.94,True,False,0
pay_b8369b719c9e42,fraud,digital_services,731,0,4244.37,True,False,0
pay_39cfd6f3a94540,damaged,apparel,8,2,2693.49,False,True,1
pay_020e93a42d6941,damaged,electronics,578,0,22531.9,True,False,0
pay_1238d51ea78144,not_received,electronics,2,4,28173.88,True,True,1
pay_14ddefd0c8fe4b,not_received,electronics,927,1,29417.97,True,False,0
pay_4c3417d11cad43,not_received,digital_services,705,0,4402.97,True,False,0
pay_8c2f9efacedc47,not_received,apparel,1,3,2811.59,False,True,1
pay_b0505ba5ab404d,not_received,electronics,554,0,18019.02,True,False,0
pay_e0419253a9f242,damaged,apparel,400,0,3175.14,True,False,0
pay_4196fb97f1db41,not_received,electronics,324,0,23639.19,False,False,0
pay_3f8aab160b234e,fraud,electronics,964,0,26182.38,True,False,0
pay_f9006cbd124a4b,damaged,digital_services,8,5,1683.48,False,True,1
pay_38835b08a0ad4b,not_received,apparel,1281,0,553.52,True,False,0
pay_0a1cd40b21e446,damaged,electronics,648,0,30281.0,True,False,0
pay_b78bc8c9efc14a,fraud,digital_services,1378,0,3100.55,True,False,0
pay_8535bbe6b05b48,fraud,electronics,662,0,23871.52,True,False,0
pay_256872e8ce6142,damaged,electronics,859,1,27733.27,True,False,0
pay_41c18703cba844,fraud,electronics,843,1,26770.63,False,False,0
pay_7db4a55cd4fc4b,damaged,apparel,596,0,2712.23,True,False,0
pay_04951a90440040,damaged,apparel,1311,0,4346.64,True,False,0
pay_ced62743dafd44,not_received,electronics,10,3,31041.58,False,True,1
pay_8465c42b030746,fraud,apparel,1171,0,2209.42,True,False,0
pay_63ddc334c4524c,not_received,apparel,1211,0,1010.26,False,False,0
pay_64036d9606354a,damaged,apparel,1351,0,1259.25,False,False,0
pay_c4bf793a395e43,not_received,digital_services,1227,0,2647.48,True,False,0
pay_1a17645f972a44,not_received,electronics,364,0,24269.25,True,False,0
pay_48b455c92c6c4a,not_received,electronics,662,0,23209.52,True,False,0
pay_52b01ce3effc4a,fraud,apparel,176,0,3085.56,True,False,0
pay_72df81dbd98c49,damaged,electronics,3,5,23549.38,False,True,1
pay_1c00f1057b574b,damaged,electronics,10,5,20850.19,False,False,0
pay_e8d9dd71747e49,damaged,electronics,7,3,32111.12,False,True,1
pay_58b4e4bf6a5f43,not_received,apparel,1217,1,3614.21,True,False,0
pay_638647f2e6cf4b,not_received,electronics,1067,1,26411.38,True,False,0
pay_5faf3fbd08aa48,fraud,electronics,629,0,23599.06,True,False,0
pay_71448e25f22e4d,not_received,electronics,196,0,27920.64,True,False,0
pay_7027461e771540,not_received,apparel,568,1,2098.62,True,False,0
pay_037a0ade0da540,damaged,apparel,951,1,4534.02,True,False,0
pay_ab14e64bfa454c,damaged,electronics,1295,0,19437.7,True,True,1
pay_90085740593e4b,damaged,apparel,742,0,3149.96,True,False,0
pay_b410d93e4fb643,damaged,apparel,188,0,3742.25,True,False,0
pay_b26ebfcaeb4a42,damaged,apparel,939,0,2340.29,True,False,0
pay_8566d277a6144b,fraud,electronics,1369,0,35509.08,True,False,0
pay_341cc7f7891945,damaged,apparel,4,6,4560.38,False,True,1
pay_bd74451d3d084c,not_received,digital_services,7,3,2154.18,False,False,0
pay_111b111b528843,fraud,electronics,634,0,25539.97,True,False,0
pay_4d62c3018d5646,fraud,electronics,625,0,26107.27,True,False,0
pay_3cb13bdfa5a643,not_received,electronics,5,2,24737.48,False,True,0
pay_97f6a6c8f88b43,fraud,apparel,499,0,3663.89,True,False,0
pay_15771437f37b47,not_received,apparel,728,0,3759.42,True,True,1
pay_704c03abdd2746,not_received,electronics,390,0,20603.13,False,False,0
pay_86018d4e32c14f,damaged,electronics,258,0,18233.01,True,False,0
pay_9b7f77b7ff0545,damaged,digital_services,60,0,3009.9,False,False,0
pay_f27e221a19f246,not_received,apparel,644,0,2796.33,True,False,0
pay_f8fe766239e848,fraud,digital_services,748,0,1547.77,True,False,0
pay_d7868e2df17d4c,fraud,digital_services,1187,0,2460.08,False,True,1
pay_3883fe0ccc3741,fraud,apparel,6,5,3039.05,False,False,0
pay_a7c2fcecc69c4c,fraud,electronics,1123,0,23298.45,False,False,0
pay_b06c8b69571743,damaged,apparel,1000,0,1457.03,True,False,0
pay_2eb957426f6f4e,not_received,electronics,1,3,19985.25,False,True,1
pay_9415c96bd8ea42,fraud,apparel,883,0,3302.0,True,False,0
pay_6e0ee9836c154e,fraud,apparel,687,0,2729.29,False,False,0
pay_50d563d7a6be4e,not_received,digital_services,3,2,2297.45,False,True,0
pay_8d4aa46160f648,not_received,electronics,277,0,22001.32,False,False,0
pay_dd4886945ada4b,fraud,electronics,220,1,35382.89,True,False,0
pay_eae1cf22220144,damaged,apparel,6,3,4355.69,False,False,0
pay_84f499dcf14240,fraud,digital_services,455,0,2662.7,True,False,0
pay_234b209d1f0a41,fraud,digital_services,887,0,3574.88,True,False,0
pay_628d7c55e02f48,fraud,apparel,1175,0,2541.83,False,False,0
pay_a39d1cd5acfd40,not_received,electronics,1391,0,23947.95,True,True,1
pay_aeeb2f6ad3ca43,fraud,electronics,677,0,31281.73,True,False,0
pay_53b44b7b863043,fraud,digital_services,3,2,2696.28,False,False,0
pay_4ea10519652c41,fraud,apparel,1271,0,1466.86,True,False,0
pay_3473d228b1f24f,not_received,apparel,1100,0,4155.19,True,False,0
pay_733dbf45da9142,fraud,electronics,1274,0,24217.31,True,False,0
pay_3bf524c39fb543,fraud,electronics,1208,0,24401.65,True,False,0
pay_839c242ea86d47,not_received,apparel,1368,1,2717.92,True,False,0
pay_7623c45f587549,fraud,digital_services,116,0,3640.09,True,False,0
pay_78c54cc78c3940,not_received,digital_services,1029,0,3658.28,True,False,0
pay_145a92d348d244,fraud,digital_services,181,2,3915.5,True,False,0
pay_ddf35c093cc941,fraud,apparel,930,0,2905.14,True,False,0
pay_ae55ba2b0bbe44,not_received,apparel,1229,0,2965.75,True,False,0
pay_af75e80116f045,fraud,digital_services,1256,0,3574.24,True,False,0
pay_989f2374751042,fraud,electronics,904,0,17766.15,True,False,0
pay_91db096b094a47,not_received,digital_services,534,0,1903.59,True,False,0
pay_38f2abcde47b48,damaged,apparel,1386,0,2171.26,True,False,0
pay_5f2c6e7ea0bf44,not_received,digital_services,563,0,3682.12,False,False,0
pay_3f7b54cac9a546,damaged,apparel,773,0,2804.33,False,False,0
pay_3b65ac8cf0974f,damaged,electronics,305,0,25237.32,True,False,0
pay_a9e6a64abe7c42,damaged,electronics,670,0,25980.11,True,False,0
pay_bb05681e96264b,not_received,electronics,12,3,21751.42,False,False,0
pay_69e0b358bd6849,not_received,electronics,1145,0,32033.29,True,False,0
pay_a271db6ee1da42,fraud,apparel,13,4,3314.47,False,True,0
pay_88a047bd323848,fraud,apparel,637,0,3512.37,True,False,0
pay_ddab1fc825254d,not_received,apparel,11,3,5307.76,False,True,1
pay_cfc15372943142,damaged,electronics,129,0,31154.68,True,False,0
pay_087497353d7d4f,not_received,digital_services,65,0,1616.19,True,False,0
pay_849e8bbaca964a,not_received,apparel,6,4,5420.76,False,True,0
pay_3f1598da154c47,not_received,digital_services,1349,0,2890.49,True,True,1
pay_5dc2d100d8ef43,not_received,electronics,186,0,25515.56,True,False,0
pay_52e05233d33d4e,not_received,digital_services,10,4,2950.41,False,True,1
pay_af919155a3b644,not_received,electronics,429,2,27150.62,True,False,0
pay_07343cb7ebd449,fraud,apparel,4,5,2817.31,False,True,0
pay_a820d52bae3f4f,not_received,apparel,1382,0,2760.6,False,False,0
pay_e425a8b3efac4c,damaged,digital_services,533,2,1714.25,True,False,0
pay_02bb1f1fa9c245,damaged,electronics,389,0,25111.41,True,False,0
pay_412d276d690841,fraud,electronics,1162,0,21595.81,True,False,0
pay_6512bebbcc3346,damaged,digital_services,162,0,3499.15,True,False,0
pay_53d6ce16e2ea4e,fraud,electronics,214,0,17065.05,True,False,0
pay_d730e41043e14f,fraud,electronics,2,4,21706.88,False,True,1
pay_3bb4cfe26acb4d,not_received,apparel,886,0,2146.61,True,False,0
pay_1dfbade66f0842,fraud,electronics,930,1,34212.95,True,False,0
pay_eb718e55771542,fraud,electronics,523,0,26166.9,True,False,0
pay_3f94a4d7597c49,fraud,electronics,1102,0,29753.94,True,False,0
pay_262d8785f5564a,not_received,electronics,1058,0,29272.65,True,False,0
pay_b2d0e9abb0654b,fraud,apparel,1277,1,2615.88,True,False,0
pay_38a910c28d0149,not_received,electronics,176,1,18965.64,True,False,0
pay_118c3262c59f42,not_received,apparel,4,5,4165.1,False,False,0
pay_83ddc91ff9c742,not_received,digital_services,1332,0,3468.9,True,False,0
pay_5bb0eb846dd840,damaged,electronics,807,0,27165.04,True,False,0
pay_41ebf104b7a341,not_received,digital_services,113,0,4017.31,True,False,0
pay_b2c3d6039c1e41,fraud,digital_services,2,2,2942.74,False,True,0
pay_6af0f809e5ef41,fraud,apparel,946,0,3602.32,False,False,0
pay_57822423e02d4e,not_received,digital_services,1387,0,1438.81,True,False,1
pay_81d221e584e94c,not_received,electronics,5,2,26937.5,False,True,1
pay_c79aef9e78b144,fraud,digital_services,439,0,1185.26,False,False,0
pay_7813aba6aee543,fraud,apparel,450,0,3333.82,True,False,0
pay_0e07b6583d0b4e,not_received,electronics,1418,0,26974.92,True,False,0
pay_d2ced2fc7a9e43,not_received,apparel,1161,0,2908.26,False,False,0
pay_a0d6a41aa7be40,not_received,apparel,761,0,1846.97,False,False,0
pay_3501068c2f2f4f,damaged,electronics,1333,0,15052.25,True,False,0
pay_db9e7661f12844,not_received,electronics,328,0,25254.67,True,False,0
pay_57910f0c9e3843,not_received,apparel,1434,2,2858.14,True,False,0
pay_ba91d611e1d847,not_received,apparel,962,1,2451.16,True,False,0
pay_6d9ad3c28e5d4a,damaged,apparel,1457,0,1583.49,True,False,0
pay_595cf12b24194b,not_received,apparel,9,6,3657.77,False,False,0
pay_271f94707a1f43,fraud,electronics,801,0,20228.19,True,False,0
pay_8b6ce5abd4134d,fraud,apparel,572,0,4180.83,True,False,0
pay_2fc10645fda142,not_received,digital_services,1118,0,1817.57,True,False,0
pay_b4de962f424a49,damaged,digital_services,71,1,2783.59,True,False,0
pay_e2c7e763e62646,fraud,apparel,1418,0,2589.16,True,False,0
pay_bda0eebc60244b,fraud,digital_services,528,0,3108.09,True,False,0
pay_f761ce7147564b,damaged,digital_services,1133,0,2495.8,True,False,0
pay_f78435de0d9a40,damaged,electronics,1350,0,25724.8,True,False,0
pay_a3236c5ea86245,fraud,electronics,66,0,26889.53,True,False,0
pay_2ebafcfdb79d40,fraud,electronics,1303,0,26984.32,True,False,0
pay_3cd75a996d8447,not_received,apparel,1096,1,4952.17,True,False,0
pay_1b15d17557924f,fraud,apparel,272,2,2484.49,True,False,0
pay_17fd32202eac4e,damaged,electronics,918,0,32128.99,False,False,0
pay_f4fcb307768f45,fraud,digital_services,1189,0,1992.05,True,False,0
pay_ed9a3ae129324c,fraud,apparel,3,6,3307.84,False,False,0
pay_7d5deb11906c49,fraud,apparel,365,0,1472.88,True,False,0
pay_f756841748c74a,fraud,electronics,1062,0,19241.94,True,False,0
pay_becdb04f85204b,fraud,electronics,885,1,22685.89,True,False,0
pay_5c7ffc6a07844c,fraud,apparel,6,3,100.0,False,False,0
pay_29297fa69ca146,not_received,digital_services,13,3,2917.02,False,True,1
pay_f7700daf754342,fraud,digital_services,678,0,3797.32,True,False,0
pay_1eec8faa2a4949,damaged,apparel,717,0,1792.39,True,False,0
pay_b3f1a3f0ccdb41,fraud,electronics,395,0,32140.75,False,False,0
pay_01d513d90e5a4c,not_received,electronics,850,0,20456.74,True,False,0
pay_3dfbfb0575394a,fraud,digital_services,1484,0,3561.76,False,False,0
pay_ea733f6e09fe46,fraud,electronics,1228,1,25958.48,True,False,0
pay_00733b73153c4a,not_received,apparel,279,0,246.77,False,False,0
pay_81662985642b47,not_received,apparel,808,1,2889.7,True,False,0
pay_5a2b8fc7e38240,not_received,apparel,206,0,2616.07,True,False,0
pay_61024b9842b245,not_received,apparel,70,0,3453.32,True,False,0
pay_96eb347b90754b,not_received,digital_services,1162,0,1420.46,True,False,0
pay_16273237c53f44,not_received,digital_services,1312,0,1410.93,True,False,0
pay_6fa993eeb89a46,damaged,digital_services,3,6,4383.46,False,True,1
pay_8b5697b22e4e44,not_received,apparel,1152,0,2069.39,False,False,0
pay_18c4008ab39946,damaged,electronics,365,0,24647.51,True,False,0
pay_b6f14501f1fa4c,damaged,digital_services,897,0,4591.78,True,False,0
pay_0b370bba1dc24d,fraud,electronics,608,0,29853.74,True,False,0
pay_5a5c783afac044,fraud,apparel,141,0,2479.12,True,False,0
pay_df8a0bc25e9d47,not_received,electronics,1295,0,24925.83,True,False,0
pay_13aa727d870842,not_received,apparel,1187,0,3820.96,True,False,0
pay_569f8288e6584c,not_received,electronics,1069,0,20400.82,False,False,0
pay_1feadecb0d654e,not_received,digital_services,977,1,3614.67,True,False,0
pay_177544b9a68c4a,fraud,digital_services,645,0,4784.63,True,False,0
pay_00fd244f01a74b,fraud,apparel,9,4,2072.8,False,True,1
pay_5121176372734c,fraud,electronics,1343,0,29942.0,True,False,0
pay_2e14e1eb2ab741,not_received,apparel,1149,0,3348.73,True,False,0
pay_2096535344804c,not_received,electronics,1,5,25340.11,False,True,0
pay_bef8f421e81d48,fraud,digital_services,382,0,4166.89,False,False,0
pay_4586c599f8fd43,not_received,electronics,761,0,35125.84,True,False,0
pay_141af1e9061747,fraud,electronics,1199,0,29466.64,True,False,0
pay_6f2649b046b640,fraud,apparel,1362,0,1875.36,True,False,0
pay_f023ebb9f7e64d,not_received,apparel,962,0,3061.31,True,False,0
pay_537fceaa79974d,fraud,apparel,1013,0,1958.77,True,True,1
pay_013d49a5cdd34e,not_received,electronics,30,0,28344.75,True,False,0
pay_2efe4d6c92b74e,damaged,electronics,525,0,16977.47,True,False,0
pay_7ea44c2ff03949,damaged,electronics,698,0,21146.7,True,False,0
pay_153f4ec416b947,fraud,electronics,427,0,19361.17,True,False,0
pay_4a9b164a68374b,not_received,digital_services,231,0,2445.45,True,False,0
pay_2cda379eddbc4f,not_received,electronics,1069,0,24230.75,True,False,0
pay_d9b8784d9e8644,not_received,apparel,124,1,2570.01,False,False,0
pay_d1232af2a0db4f,not_received,apparel,3,2,3373.1,False,True,0
pay_b0f3ecd373a345,fraud,electronics,1446,1,23907.08,True,False,0
pay_349b33ee648c40,fraud,digital_services,705,1,4316.97,False,False,0
pay_dd11a823ca0d4c,not_received,apparel,616,1,2977.12,False,False,0
pay_847bc05846bf47,not_received,electronics,1072,0,22807.25,True,False,0
pay_eb18e3f9a8d647,fraud,digital_services,9,4,3082.47,False,True,1
pay_cc7fbdc07cac4f,fraud,apparel,3,6,2474.24,False,True,0
pay_0dac7d1bcf6b4d,not_received,apparel,210,0,2960.19,True,False,0
pay_b5ba94e992214a,fraud,digital_services,639,0,3998.04,True,False,0
pay_fdde499cdffb49,fraud,digital_services,616,1,1195.19,True,False,0
pay_78fd6e88cb654e,fraud,apparel,496,2,3680.53,True,False,0
pay_3edcf201c5474a,fraud,electronics,13,5,16664.33,False,False,0
pay_42358ba8b1ee4f,not_received,electronics,200,0,24116.31,False,False,0
pay_f2c8e63347de42,fraud,apparel,1432,0,3114.44,True,False,0
pay_1ca9c4bb87044b,fraud,digital_services,1044,0,3934.76,True,False,0
pay_b5a9eb24d1714d,fraud,electronics,1,3,30147.44,False,True,0
pay_4c4f5e5b223745,fraud,electronics,40,0,36903.9,False,False,0
pay_e87aaee51b924c,not_received,digital_services,170,2,439.84,True,False,0
pay_f2cc3ea90b3e4e,fraud,electronics,1262,0,17902.68,False,False,0
pay_6e4369df04454f,not_received,electronics,968,2,27937.07,True,False,0
pay_4fa272caf98549,fraud,electronics,840,0,25960.78,True,False,0
pay_36fa44a1667b43,fraud,electronics,500,0,18554.76,True,False,0
pay_54a1a752d95543,fraud,digital_services,339,2,328.92,True,False,0
pay_2dc31a05423044,fraud,digital_services,1487,0,3031.66,True,False,0
pay_973f61c5cd9947,not_received,electronics,870,0,17334.39,False,False,0
pay_c5de5ec7491b4c,not_received,digital_services,1016,0,2828.81,False,False,0
pay_f2445dee27b34e,damaged,electronics,118,0,31864.59,True,False,0
pay_1fb86e454ddf48,fraud,digital_services,7,3,3320.86,False,False,0
pay_f1b97406f67a45,fraud,electronics,145,0,26817.22,True,False,0
pay_4b60aa94cfc344,fraud,digital_services,324,2,2430.83,False,False,0
pay_e113ef71550242,not_received,electronics,1190,0,32125.45,False,False,0
pay_cebc182566b74d,fraud,electronics,7,4,18382.27,True,False,0
pay_97795781e53049,not_received,digital_services,246,0,3046.24,True,False,0
pay_9a0bba6a3b2a43,fraud,electronics,758,0,33224.43,True,False,0
pay_5e754e19e3c046,fraud,digital_services,295,0,3359.36,True,False,0
pay_e8b600c640cd4c,damaged,electronics,12,6,23359.69,False,True,1
pay_447012e8bfe749,not_received,electronics,962,0,21942.26,True,False,0
pay_63cd72d5961e4b,not_received,digital_services,1161,1,2344.29,True,False,0
pay_47974c995d8f44,not_received,apparel,1232,0,3871.38,True,False,0
pay_ecdbb64d964845,not_received,apparel,544,0,4512.64,True,False,0
pay_a3a55429afb348,fraud,electronics,1141,2,21664.01,True,False,0
pay_924838ea76fe4c,not_received,apparel,1039,0,2184.17,True,False,0
pay_60ab19fc9ffe4a,fraud,electronics,1342,0,33871.53,True,False,0
pay_8ed09b61f71d4a,not_received,apparel,1067,0,3160.69,True,False,0
pay_f6454fef551d47,not_received,apparel,109,0,2975.62,True,False,0
pay_81cd813cff634b,not_received,apparel,448,0,2999.76,True,False,0
pay_f7311e598df34f,not_received,digital_services,475,0,3097.14,False,False,0
pay_b42740fc7aa24b,not_received,apparel,755,0,2427.59,True,False,0
pay_a509337344cf48,fraud,electronics,941,0,18475.78,True,False,0
pay_6c1003d4ed6341,fraud,electronics,916,2,11728.58,True,False,0
pay_e855700f966a4f,fraud,apparel,9,3,4386.64,False,True,0
pay_41bc7d0fce124d,not_received,electronics,904,1,27948.61,True,False,0
pay_ba120eba186943,damaged,electronics,1321,0,21459.5,True,False,0
pay_becf4e14096c47,fraud,digital_services,103,0,3561.97,True,False,0
pay_d21a5dabb5bd40,fraud,digital_services,551,0,2525.31,True,True,1
pay_a9bebfd9ad1a4c,not_received,apparel,13,5,3764.61,False,True,0
pay_1053e77e700a42,damaged,apparel,1303,0,3513.99,True,False,0
pay_7e26bb4261be47,not_received,apparel,1150,0,3789.32,True,False,0
pay_3e683f79b92c44,fraud,apparel,646,0,1411.43,True,False,0
pay_29797277a14248,damaged,digital_services,906,0,2399.4,True,False,0
pay_eec6976ee23247,damaged,apparel,1222,0,4345.7,True,False,0
pay_83a849cdcbcc44,fraud,electronics,7,6,34425.68,False,False,0
pay_0e138ea4d54f44,damaged,apparel,10,5,1445.32,False,True,1
pay_b07ef614e33b4f,not_received,apparel,287,0,3863.03,True,False,0
pay_f43a48665e5d46,fraud,electronics,106,0,25275.91,False,False,0
pay_96a8fb5d1c2349,not_received,electronics,5,6,22587.2,False,True,0
pay_41529eb5c0b845,damaged,apparel,6,2,4109.47,False,False,0
pay_44ebb4c6bb094b,not_received,apparel,760,0,3483.2,True,False,1
pay_3eb2d2d4c58d48,fraud,digital_services,1087,0,2949.29,False,False,0
pay_fe9c73f2105e46,damaged,electronics,9,5,25915.34,False,True,1
pay_1209891dc67f48,fraud,electronics,285,0,22743.1,True,False,0
pay_673ec86fc24646,not_received,electronics,426,2,24748.74,True,False,0
pay_947b7216587344,not_received,apparel,967,0,1571.85,True,False,0
pay_38f0983cf12b42,fraud,apparel,36,0,3109.46,True,False,0
pay_fc70c8aeb89540,fraud,digital_services,1344,1,2821.28,True,False,0
pay_ba944f2d1eb84d,damaged,apparel,1424,2,2388.68,True,False,0
pay_eea0e182aa2147,not_received,digital_services,212,0,2879.51,False,False,0
pay_fb6e9e7f392843,not_received,electronics,1292,0,32064.49,True,False,0
pay_e93fdc723fc441,not_received,electronics,1287,0,26000.01,True,False,0
pay_7ccffc4958bd47,not_received,electronics,626,1,22076.19,True,False,0
pay_8d781b90bdf847,not_received,apparel,390,0,4051.42,True,False,0
pay_29e32b58fa5248,fraud,electronics,1137,0,35359.2,True,False,0
pay_618d87f9b02f4c,fraud,apparel,1456,0,4254.45,False,False,0
pay_b3f988d4bdbf4f,damaged,electronics,178,0,42556.18,True,False,0
pay_66c8f8826c6641,not_received,electronics,2,2,18788.28,False,True,0
pay_bb67a4bbc26c4a,fraud,apparel,1302,0,3228.92,True,False,0
pay_5f6604affb9c4e,damaged,electronics,6,4,13658.6,False,True,1
pay_6be2a5f7ebbd4e,not_received,digital_services,47,0,1215.72,True,False,0
pay_303eb80e4e204c,fraud,digital_services,260,0,2215.55,True,False,0
pay_e14668ec8e584d,damaged,electronics,817,0,17440.99,True,False,0
pay_5e4ce5fc53f44a,not_received,digital_services,859,0,3092.97,True,False,0
pay_9da128136d764c,fraud,apparel,1084,0,2910.67,True,False,0
pay_f57cbdea21324c,fraud,apparel,1330,0,2692.99,True,False,0
pay_d1c66876d8bd47,not_received,electronics,1357,0,23891.64,True,False,0
pay_aae0b7aa08514e,not_received,apparel,1389,0,2976.8,True,False,0
pay_9e6968ec07df41,fraud,electronics,804,0,29696.7,True,False,0
pay_2f9cadcbbca740,fraud,electronics,70,0,29003.46,True,False,0
pay_9f923a612fbe48,fraud,electronics,392,0,25695.2,True,False,0
pay_b0069bb27db547,not_received,apparel,829,0,4376.42,True,False,1
pay_790b8ae67ee74a,fraud,apparel,36,0,3655.46,True,False,0
pay_d7a636b16ba04b,fraud,digital_services,11,5,3482.75,False,True,1
pay_0c03f63de21d43,not_received,apparel,767,0,1661.29,True,False,0
pay_7a29955234cd4c,not_received,digital_services,914,1,3034.71,True,True,1
pay_eefaf400a31848,not_received,apparel,542,0,1393.01,True,True,1
pay_f20970d7e72149,fraud,electronics,478,0,25776.24,True,False,0
pay_651008cc407f47,not_received,apparel,38,2,4285.1,True,False,0
pay_1585780460f944,fraud,apparel,2,2,1897.72,False,True,1
pay_74c272e8618c4d,damaged,apparel,306,0,1580.08,True,False,0
pay_a5222028698a44,not_received,apparel,1043,0,1786.24,True,False,0
pay_9eab5ebb5e2d48,fraud,apparel,624,0,3174.18,True,False,0
pay_ec19cc842fa148,fraud,electronics,190,0,22023.23,True,False,0
pay_58768768c4374c,not_received,apparel,1209,1,1591.57,True,False,0
pay_c4831d7697db46,not_received,electronics,1487,0,31778.41,True,False,0
pay_2e5370938a8740,not_received,electronics,1171,0,17687.33,True,False,0
pay_5ce5f1dea36e4e,damaged,apparel,50,0,1062.6,True,False,0
pay_aec4e9bc81d047,not_received,apparel,468,0,3243.79,True,False,0
pay_abecb550893c48,not_received,electronics,1347,0,29667.27,False,True,0
pay_7b57ac7e987a45,damaged,apparel,1184,0,3741.54,True,False,0
pay_c70d1ac930ef4e,not_received,apparel,790,2,3488.04,False,False,0
pay_a3bb3ce2014943,not_received,electronics,754,0,26783.47,True,True,1
pay_065a1a8ac3374e,damaged,apparel,1448,2,2463.51,False,False,0
pay_f02bcec8c72348,fraud,electronics,651,0,27748.85,True,False,0
pay_1257a8e3c0904f,fraud,apparel,832,0,2583.55,True,False,0
pay_63795aa6ca4c40,damaged,electronics,1394,0,33576.47,True,True,1
pay_9cf4a455432549,not_received,apparel,956,0,3275.96,True,False,0
pay_51b24d4977e14b,damaged,digital_services,532,0,2604.6,True,False,0
pay_53b3925023ce46,fraud,digital_services,1061,0,2953.42,False,False,0
pay_fded9deb9a6946,not_received,apparel,8,6,1284.87,False,True,0
pay_715ea5ea74d240,fraud,electronics,130,0,31676.07,False,False,0
pay_1e54195a522441,not_received,electronics,32,1,23018.68,True,False,0
pay_894702c9c4bb40,fraud,apparel,787,0,100.0,True,False,0
pay_fa7e750d8fdd4b,fraud,apparel,8,2,2410.11,False,True,1
pay_0091bd78096546,fraud,digital_services,13,2,4058.04,False,True,1
pay_ce82465930344a,not_received,electronics,7,2,18033.27,False,True,0
pay_5895f15907434d,fraud,apparel,692,0,3139.0,True,False,0
pay_b60cf08a72e045,fraud,apparel,964,0,3436.4,True,False,0
pay_5adfdb6f33184a,fraud,apparel,994,0,3591.5,True,False,0
pay_4c07707e5dec46,fraud,electronics,920,0,20319.59,True,False,0
pay_9a800327bec149,damaged,digital_services,584,0,3226.61,True,False,0
pay_a34c538a626842,fraud,apparel,224,0,3008.77,True,False,0
pay_cd48ba2475a24c,fraud,digital_services,1091,0,2463.38,False,False,0
pay_9d3fd32335c545,damaged,apparel,1230,0,2496.27,True,False,0
pay_cc3bbd652fbd42,not_received,apparel,801,0,2999.38,True,False,0
pay_2c412fe8b5ba42,not_received,electronics,85,0,25053.2,True,False,0
pay_b0350d7f22ac4d,not_received,apparel,10,4,3223.9,False,True,0
pay_3683fbb43f0a41,damaged,apparel,1192,0,4475.79,False,False,0
pay_1ef86701124140,fraud,apparel,1240,0,2715.4,True,False,0
pay_ab6feeae8cc14a,damaged,electronics,461,0,19980.74,True,False,0
pay_e665268dda5a47,damaged,apparel,1456,0,2625.55,True,False,0
pay_6a432be3b93b43,not_received,electronics,801,0,27069.95,True,False,0
pay_b45280d54e224e,not_received,electronics,1277,0,29151.71,True,False,0
pay_c6ff47af09664c,not_received,electronics,60,0,23491.3,True,False,0
pay_fc1103ad3efb40,fraud,electronics,1162,2,22411.18,True,False,0
pay_7f188e6dcc7741,fraud,apparel,592,0,2805.39,True,False,0
pay_0660b6338fb04e,damaged,electronics,495,0,16129.87,True,False,0
pay_23d6553f036e41,not_received,electronics,794,0,24285.68,True,False,0
pay_e324ab9d42b64d,fraud,electronics,79,0,18134.83,True,False,0
pay_2d581f558f5f42,not_received,apparel,852,0,2325.13,True,False,0
pay_aff6224939e841,not_received,apparel,11,2,2025.4,True,True,1
pay_6ba5b5e2fcb74e,fraud,electronics,1184,0,30113.86,True,True,1
pay_ae0e97ce57f744,not_received,apparel,1063,0,2733.03,False,False,0
pay_430e10d7c27c45,not_received,apparel,1416,0,2975.18,True,False,0
pay_19f7b51c6bb944,fraud,digital_services,1310,1,3201.26,True,False,0
pay_eb205984f85745,damaged,electronics,970,0,24154.65,True,False,0
pay_a796a840ee8344,fraud,digital_services,640,2,4076.25,True,True,1
pay_9f04306b7b934e,not_received,electronics,1470,1,15744.27,True,False,0
pay_4136ae56bb7147,fraud,apparel,497,0,2199.42,True,False,0
pay_1b3647cc49bc44,not_received,apparel,8,6,3046.85,False,True,1
pay_e7ca12918bad46,fraud,electronics,743,0,22294.44,True,False,0
pay_bd4e407530e246,fraud,apparel,1407,0,2351.07,True,False,0
pay_e30236aec18f44,damaged,apparel,11,2,3331.29,False,True,1
pay_bc7c9088710146,fraud,apparel,530,0,3524.13,True,False,0
pay_ada2b07160054f,not_received,apparel,172,1,3437.55,True,False,0
pay_74697e9897b34b,not_received,electronics,771,0,23005.79,True,False,0
pay_d56597d9cfa447,damaged,digital_services,514,0,3880.72,True,True,1
pay_d1c7ad184e6140,not_received,digital_services,565,0,5283.08,True,False,0
pay_3b9601a459b447,fraud,electronics,7,4,23282.54,False,True,0
pay_55b564c7271649,fraud,apparel,859,0,2706.2,True,False,0
pay_7b1d66eb8ebd4d,damaged,electronics,1394,0,33417.21,False,False,0
pay_44f2988bdd9e49,damaged,apparel,1404,0,2517.29,True,False,0
pay_7702254b72d941,fraud,apparel,348,0,2784.51,True,False,0
pay_2efefdadc0f04a,not_received,apparel,13,6,2942.41,False,True,0
pay_e9285f85faaf4f,not_received,electronics,440,0,30493.18,True,False,0
pay_d5416d067f5c49,damaged,digital_services,404,0,1956.43,False,True,0
pay_66d78efde2fa47,damaged,digital_services,786,0,3029.22,True,False,0
pay_44a36afc711340,damaged,apparel,11,6,1956.96,False,True,1
pay_d14267afc2bd44,damaged,electronics,808,0,23443.48,True,False,0
pay_514d43c374bd40,damaged,electronics,42,0,29048.46,True,False,0
pay_0007f0bf9d834c,fraud,apparel,868,1,2522.53,True,False,0
pay_1c50e229b4414e,damaged,digital_services,1077,0,2921.31,True,False,0
pay_a778f0dcc23e4d,not_received,digital_services,971,0,3951.93,False,True,0
pay_d4b0322658bf45,damaged,electronics,438,0,28906.87,True,False,0
pay_e07724c2199f40,not_received,apparel,1420,0,3533.62,True,False,0
pay_366f39fea6694a,fraud,apparel,756,1,2304.75,True,False,0
pay_3616e84824ba4c,not_received,electronics,976,0,26166.26,True,False,0
pay_8da490dbe60548,not_received,apparel,860,0,2955.93,True,False,0
pay_694a67dbafb246,fraud,electronics,3,5,27258.36,False,True,0
pay_cab663cca0f348,fraud,apparel,179,0,2941.24,True,True,1
pay_daf94501e3f242,not_received,digital_services,563,0,3434.59,True,False,0
pay_9df3a2ae427242,fraud,digital_services,288,0,2318.57,True,False,0
pay_c4a9a31afc3e4b,fraud,apparel,744,0,3108.65,True,False,0
pay_61c2cc03174d44,fraud,electronics,1490,0,29156.81,True,False,1
pay_3c25a7ddd0e94d,damaged,apparel,1270,0,1777.69,True,True,1
pay_3e5c41e9b3f44a,not_received,digital_services,522,0,3194.71,True,False,0
pay_7efeae4936584a,fraud,apparel,3,5,4224.71,False,True,0
pay_f8e1cc0ee3a540,not_received,apparel,1359,0,323.96,True,False,0
pay_84f90a5e6b5d41,not_received,digital_services,825,0,3517.61,False,False,0
pay_6e9e9a5d93704b,fraud,digital_services,708,0,3316.66,True,False,0
pay_6857009fa7ab44,fraud,digital_services,1383,0,2093.76,True,False,0
pay_7fe71ba585d847,not_received,digital_services,127,0,4118.85,False,True,0
pay_eb9ef1bb8e4746,not_received,electronics,796,0,21359.8,True,False,0
pay_e2f3d7d16e8049,not_received,digital_services,1409,0,3286.66,True,False,0
pay_854774c446cb47,not_received,apparel,501,0,2893.31,False,True,1
pay_5e776838d2ac48,fraud,electronics,689,0,20299.22,True,False,0
pay_a04bac5c71ad4d,damaged,apparel,780,0,3199.2,True,False,0
pay_85eec6034cb84c,fraud,apparel,3,6,3385.74,False,True,0
pay_7cb2d875ea114f,not_received,electronics,961,0,32737.78,False,False,0
pay_a2e9549915ab4c,fraud,digital_services,778,0,2553.62,True,False,0
pay_41f7469ccbc143,fraud,electronics,6,3,24062.04,False,True,0
pay_82b1e92f1f8d47,not_received,digital_services,803,0,2560.63,True,False,0
pay_6691b619c32646,fraud,electronics,86,0,33971.77,False,False,0
pay_62a485d71d054b,not_received,electronics,869,0,27778.89,True,False,0
pay_01fe3ba704ea46,fraud,apparel,607,0,3308.88,True,False,0
pay_7656087d392a43,not_received,apparel,5,2,2669.66,False,True,1
pay_ff120e8889784d,not_received,electronics,9,6,20773.41,False,True,0
pay_78156057b1384e,fraud,digital_services,10,6,3350.54,False,True,1
pay_aa9bbff9655f43,damaged,apparel,1127,2,2994.49,True,False,0
pay_71ad52d9f4e646,fraud,apparel,1250,0,3401.88,True,False,0
pay_17614b81234f43,fraud,electronics,971,0,27869.58,True,False,0
pay_890fe83d885c40,not_received,apparel,1038,0,4393.62,True,False,0
pay_004fa38ead4d44,not_received,digital_services,446,0,2462.69,False,False,0
pay_1f5d110fa9464e,not_received,electronics,1356,1,25278.09,True,False,0
pay_fd1f364d636f47,fraud,electronics,343,0,19570.98,True,False,0
pay_193148e790924a,damaged,apparel,149,1,2948.29,False,False,0
pay_2ca2ad978f584f,not_received,digital_services,48,0,4017.87,True,False,0
pay_721da99c8e1e43,fraud,apparel,743,0,2991.69,True,False,0
pay_6ba0cc36e5f645,fraud,apparel,677,0,2014.97,True,False,0
pay_82334b5ac30547,damaged,apparel,927,0,3273.59,False,False,0
pay_880bf51ae0a948,not_received,digital_services,538,0,2123.7,True,False,0
pay_8f534c0f296e40,fraud,electronics,132,0,31360.79,True,False,0
pay_a78c619078e044,fraud,electronics,7,5,20319.0,False,True,0
pay_bf9a7590290446,fraud,electronics,9,5,31724.31,False,True,0
pay_44ab247649be4e,not_received,electronics,4,6,21448.12,False,True,1
pay_f9e1d3f30a6843,damaged,electronics,804,0,16686.99,False,False,0
pay_cb194448bd4e4f,not_received,electronics,811,0,24536.39,False,False,0
pay_684549b446af44,not_received,apparel,7,2,3705.53,True,False,0
pay_b1b48ee3ecc64b,damaged,electronics,11,4,28270.31,False,True,1
pay_aad66b66f4bc44,not_received,apparel,1173,0,876.27,True,False,0
pay_4d73954fb7e047,not_received,digital_services,816,0,3211.56,True,False,0
pay_ebc6a3dfd26449,fraud,electronics,515,0,27421.21,True,False,0
pay_0f826523dac44f,not_received,electronics,1074,0,26743.46,True,False,0
pay_421d9b7906d243,not_received,electronics,339,0,31184.36,True,False,0
pay_74ed990d96e748,fraud,apparel,7,5,1707.96,False,True,1
pay_850a1b8572f647,damaged,apparel,10,2,2521.61,False,True,1
pay_f9874e232cd246,damaged,digital_services,1121,0,3353.13,True,False,0
pay_34bd7492718b49,not_received,apparel,701,0,3538.02,True,False,0
pay_11848ab66d2644,not_received,digital_services,332,0,3414.14,False,False,0
pay_190d39710f8f4f,not_received,apparel,976,0,3127.16,True,False,0
pay_973bb8dcbb4d4e,fraud,electronics,490,0,23410.96,True,False,0
pay_30e5201dcba54f,fraud,electronics,1007,0,27260.94,True,False,0
pay_81ced84c37f349,not_received,apparel,4,3,3230.49,False,True,0
pay_b5c1aa99455f4c,not_received,digital_services,1116,0,4484.37,False,False,0
pay_7a79f7b5a5854c,damaged,electronics,446,0,33064.0,True,False,0
pay_12eaeb24f44447,fraud,electronics,163,0,20353.29,True,False,0
pay_30e3de61e81e41,not_received,digital_services,1288,1,3866.87,True,False,0
pay_9a84681f531445,not_received,electronics,211,2,22189.38,True,False,0
pay_66a222ef8a5947,not_received,apparel,1489,0,3959.93,True,False,0
pay_c930ab76a30946,damaged,electronics,3,3,34608.35,False,True,1
pay_8eff0ea3cab940,damaged,electronics,1486,0,20503.76,False,False,0
pay_94f7cdd228b344,fraud,apparel,401,0,4381.26,False,False,0
pay_b457575c1f0047,fraud,apparel,1176,0,769.86,True,False,0
pay_203c64fd39a94e,fraud,electronics,961,1,22615.85,False,False,0
pay_440fdf3a5fb342,not_received,apparel,781,0,2430.78,True,False,0
pay_bb582bc5022840,fraud,electronics,688,0,29247.5,True,False,0
pay_53dae3ddbc3947,not_received,apparel,577,0,3135.91,True,False,0
pay_486a166e13734e,not_received,electronics,670,0,16923.96,True,False,0
pay_0cdfa518655740,not_received,apparel,7,4,2060.49,False,True,0
pay_dcecb6a5f9544d,not_received,digital_services,1130,1,5147.16,True,False,0
pay_86bd957e1b8a41,not_received,electronics,694,0,17630.9,True,False,0
pay_6c566ba2e52c44,not_received,electronics,361,0,31185.43,True,False,0
pay_beb490683a4047,fraud,digital_services,248,1,2704.07,True,False,0
pay_43a90a6d43054f,not_received,apparel,119,0,4407.41,True,False,0
pay_e9b6d785c6c74a,not_received,apparel,357,0,3385.04,False,False,0
pay_952f10dcdee941,not_received,electronics,1329,2,28266.9,True,False,0
pay_72f2a69dfcf747,damaged,digital_services,844,0,3836.7,True,False,0
pay_965abc4c491e4f,damaged,digital_services,923,0,3924.79,True,False,0
pay_bcd75a7d232749,damaged,electronics,497,0,28363.9,False,False,0
pay_7dfab005d7314b,fraud,apparel,13,5,4172.79,True,True,1
pay_4b9e243579264f,not_received,digital_services,263,0,2622.15,False,False,0
pay_316de37f8c234a,fraud,apparel,1494,0,4622.43,True,False,0
pay_2ca2c87e95bc4d,fraud,apparel,309,1,3624.56,True,True,1
pay_0a7d74ff7af641,fraud,electronics,1012,0,26127.54,True,False,0
pay_6cdeecb8d3394e,fraud,electronics,279,0,12503.91,True,False,0
pay_11ac7b16cbcc44,fraud,apparel,230,0,4716.76,False,False,0
pay_b113c6b1c05641,not_received,apparel,125,0,3913.24,True,False,0
pay_0c7437d9a81e43,damaged,apparel,647,0,892.97,False,False,0
pay_32bbfb258b0949,fraud,electronics,1241,1,26374.31,True,False,0
pay_284043facb2c46,damaged,apparel,2,6,4037.62,False,True,1
pay_e55659b133eb43,fraud,apparel,746,0,2562.06,True,False,0
pay_4fa4540e9e184e,fraud,apparel,8,3,3474.05,False,True,1
pay_ba33d45604cf40,not_received,digital_services,30,1,2620.52,True,False,0
pay_ce194f52caf243,not_received,electronics,554,0,13657.41,True,False,0
pay_19a9333eea3547,fraud,apparel,770,0,3027.59,True,False,0
pay_fa550bd51ea547,fraud,apparel,1074,0,3726.77,True,False,0
pay_ed94619a82b44d,not_received,electronics,360,0,22480.17,True,False,0
pay_e39940e80a374c,fraud,electronics,962,0,34634.74,True,False,0
pay_a2218bda22e943,not_received,electronics,2,6,29922.49,False,True,1
pay_c3522c30596b43,not_received,digital_services,788,0,3078.83,True,False,0
pay_b9ab75c5820b47,fraud,apparel,703,0,1893.5,True,False,0
pay_a7e835d5fc614d,damaged,apparel,3,6,1383.8,False,True,1
pay_fcf999dad19b4a,fraud,electronics,338,1,18024.83,True,False,0
pay_01fc90e4825e46,not_received,digital_services,1,2,2785.98,False,False,0
pay_d6c9889e571346,not_received,electronics,560,1,24701.63,True,False,0
pay_8d070096977347,damaged,apparel,498,0,2846.05,True,False,0
pay_706ede537d2b49,not_received,digital_services,5,3,4035.12,False,False,0
pay_adc9ed722f5148,not_received,electronics,673,0,17683.71,False,False,0
pay_9bce8c241b1144,fraud,apparel,477,2,3251.43,True,False,0
pay_553d53b31e4045,not_received,electronics,1297,0,23762.68,True,False,0
pay_a93761fe4d0a45,not_received,electronics,8,2,19736.18,False,True,0
pay_dbfac71a706640,not_received,apparel,5,2,3481.47,False,False,0
pay_a35318d7e80045,damaged,electronics,1260,0,23494.5,True,False,0
pay_3727abc0c3114d,fraud,apparel,448,0,3258.09,True,True,1
pay_60e8a6b5edad44,damaged,electronics,1033,0,29777.15,True,False,0
pay_488942abb3b443,damaged,apparel,10,4,4461.72,False,True,1
pay_a5a950a8a76241,not_received,electronics,1247,0,28968.15,True,False,0
pay_860d4067970643,not_received,apparel,371,0,3404.72,True,False,0
pay_1e652601723e43,fraud,electronics,976,0,21668.53,True,False,0
pay_c003485854b740,damaged,digital_services,12,3,4514.43,False,True,1
pay_8ad60f9effad4a,fraud,apparel,49,0,3843.96,True,False,0
pay_505264263be14e,not_received,apparel,315,0,2310.97,True,False,0
pay_132a4c0c81834b,not_received,digital_services,1392,0,3223.33,True,True,1
pay_772b5143cb7246,damaged,electronics,992,2,23175.5,False,False,0
pay_500f37eba7ec44,not_received,electronics,401,1,26830.16,True,False,0
pay_4f491174b5a849,not_received,electronics,127,0,20845.72,True,False,0
pay_bafeba7d4ef645,fraud,electronics,319,0,26800.82,True,False,0
pay_26ae003d8ed14f,fraud,digital_services,802,0,2797.88,True,False,0
pay_83a93c54719243,fraud,electronics,664,2,18540.84,True,False,0
pay_5cbc45fb17a349,damaged,digital_services,716,0,2161.61,True,False,0
pay_819c15d08bcf42,not_received,apparel,548,0,2652.73,False,False,0
pay_e396a890669844,not_received,electronics,620,0,31789.46,True,False,0
pay_b08e639f1dd646,not_received,digital_services,87,0,2756.21,False,False,0
pay_fea2ddb4f4f740,not_received,digital_services,1270,1,1764.63,True,False,0
pay_5e3b262a9d4d4b,fraud,digital_services,1269,0,3819.55,True,False,0
pay_82b54e8a1b5044,fraud,apparel,629,0,2235.89,True,False,0
pay_df93b819806c4e,fraud,electronics,380,0,27927.3,True,False,0
pay_04b554007b7244,not_received,electronics,1412,0,33609.61,False,True,1
pay_1c251610a1c548,fraud,apparel,679,0,2717.49,True,False,0
pay_923375666ef24d,not_received,electronics,1313,0,18621.78,True,False,0
pay_91694417eb4840,not_received,apparel,9,4,2694.93,False,True,0
pay_4131af617c9a4b,not_received,apparel,595,0,3320.62,True,False,0
pay_74edf0303bba40,fraud,electronics,1,5,20933.69,False,True,0
pay_aa2fa68dc21e4f,fraud,apparel,635,0,2319.15,True,False,0
pay_508f53db11c549,fraud,digital_services,917,0,3958.35,True,False,0
pay_a8d39697ae6246,not_received,electronics,229,0,22252.11,True,False,0
pay_a3d4f650af334f,fraud,electronics,433,0,23963.38,True,False,0
pay_45111d51c51a4b,damaged,electronics,317,0,30838.25,False,False,0
pay_37a96e8b432840,not_received,electronics,1037,0,19698.47,True,False,0
pay_63d82696f2474d,fraud,electronics,67,0,13277.16,True,False,0
pay_18edca98ddcd42,not_received,electronics,411,0,29058.57,False,False,0
pay_3a23067eb3e14a,not_received,electronics,1034,0,25786.89,True,False,0
pay_961fcb1b93a24a,not_received,apparel,1156,0,2756.64,True,False,0
pay_8955f16b238b44,fraud,electronics,245,0,24051.38,True,False,0
pay_d4df0a681a2845,fraud,electronics,1366,0,34649.42,True,False,0
pay_08fec1b0142748,fraud,digital_services,2,5,4031.26,False,True,1
pay_453e6aa342de4d,fraud,apparel,2,6,4738.5,False,True,0
pay_73fd314254aa48,not_received,electronics,339,0,26934.82,False,False,0
pay_f58b808a6dea4a,not_received,digital_services,1221,0,1933.81,True,False,0
pay_66d9754fc81845,damaged,electronics,360,0,27125.03,True,False,0
pay_d8a1ddb0482844,fraud,electronics,247,0,21905.74,False,False,0
pay_f01900c43dcb44,fraud,digital_services,154,0,4934.35,True,False,0
pay_9e7d5ee15f8c4a,not_received,electronics,693,0,27980.8,True,False,0
pay_2b7a8efbd60142,fraud,digital_services,297,1,3034.27,True,False,0
pay_9d32f615b9f249,fraud,digital_services,12,6,3841.47,False,True,0
pay_6e0383a9539d43,not_received,electronics,838,0,20001.43,True,False,0
pay_117d5525ee454c,fraud,electronics,509,0,25370.89,True,False,0
pay_ad029c2d3bb242,not_received,electronics,9,3,21982.38,False,False,0
pay_c7a51280779a45,fraud,electronics,142,2,27648.05,True,False,0
pay_1bb965bdd35046,not_received,digital_services,905,0,1383.59,True,False,0
pay_52cb84febbb247,damaged,apparel,420,0,4160.41,True,False,0
pay_95b9f87d884447,fraud,electronics,820,0,21203.97,True,False,0
pay_68fadc87e0504c,damaged,apparel,621,0,3473.35,True,False,0
pay_eade03bd24a943,not_received,electronics,929,0,17910.02,True,False,0
pay_b5403333b19b43,damaged,electronics,1423,0,33105.08,True,True,1
pay_46f0c40236714d,fraud,electronics,1369,0,35047.19,True,False,0
pay_ceb9f1de9eab4c,not_received,apparel,530,1,2463.65,True,False,0
pay_0368535b54e84b,not_received,electronics,254,0,25306.84,True,False,0
pay_0bd7ff20e61f4f,not_received,apparel,1235,0,217.87,True,False,0
pay_e55f6a956a6c43,not_received,electronics,842,1,30740.5,True,False,0
pay_db6dc26c246b43,not_received,apparel,1035,0,2155.46,True,False,0
pay_6e91d2d5a5a546,damaged,electronics,2,3,25039.79,False,True,1
pay_49acd04ec12545,fraud,electronics,684,0,23428.26,True,False,0
pay_4cef404dd3d44e,fraud,apparel,1433,2,2809.62,True,False,0
pay_a0487a3b54124e,not_received,apparel,971,0,2766.47,True,False,0
pay_b8cc4fc5f9ef4e,not_received,electronics,1200,0,22910.24,True,False,0
pay_6b23e2e72b0a40,not_received,apparel,9,5,3104.09,False,True,1
pay_6ecd7365802f4c,not_received,electronics,1401,0,22987.42,True,False,0
pay_de22d5119abb42,damaged,apparel,9,2,3729.04,False,True,1
pay_18fd51fe79c14a,not_received,apparel,468,0,3836.0,False,False,0
pay_2f91bf35012a4f,fraud,digital_services,724,0,3035.17,True,False,0
pay_10099c76f45c42,fraud,apparel,10,5,3898.02,False,True,1
pay_faebc90758514e,damaged,electronics,1282,1,20773.73,True,False,0
pay_de02950d9f784d,not_received,digital_services,471,0,2309.72,True,False,0
pay_6badb212768940,damaged,apparel,3,4,2680.47,False,True,1
pay_6be833b943f94f,fraud,digital_services,954,0,3028.99,True,False,0
pay_c68481b2db5243,not_received,electronics,853,0,24175.96,True,False,0
pay_fd4fbc6a596f4c,not_received,apparel,12,3,4163.26,False,True,0
pay_81d3521159c742,fraud,apparel,1475,0,3940.73,True,False,0
pay_37db18c90b1b4b,not_received,apparel,732,0,1730.47,True,False,0
pay_385025c0cb104a,not_received,digital_services,384,0,3499.16,True,False,0
pay_78469726c03f4a,not_received,apparel,1371,1,3298.95,False,False,0
pay_37ca9f9b077a41,damaged,apparel,1498,0,756.49,True,False,0
pay_c58e7a733a264c,damaged,electronics,11,3,32272.7,False,True,1
pay_c4954e6071ba41,damaged,electronics,883,0,25660.69,True,False,0
pay_6178ba69a0644a,damaged,electronics,964,1,19317.73,True,False,0
pay_a59311afb2ff4c,not_received,electronics,285,0,32606.97,True,True,1
pay_98c9877da86247,fraud,electronics,266,0,18682.81,True,False,0
pay_577335caad5c44,damaged,electronics,238,0,32766.27,True,False,0
pay_ff3e58e16a5740,not_received,apparel,116,0,4057.75,True,False,0
pay_9bf4e15bed1943,fraud,apparel,625,0,5039.1,False,False,0
pay_bd9a261229314e,not_received,apparel,944,2,3771.36,True,False,0
pay_fc7d5d3cb0944b,fraud,apparel,481,0,3288.65,True,False,0
pay_28a81ab249134d,not_received,apparel,1049,1,2655.11,True,False,0
pay_d80fd07fa50646,fraud,electronics,820,0,21343.48,True,False,1
pay_bf81320fd7f247,fraud,digital_services,90,0,3231.85,True,False,0
pay_f41bf9d3a6b548,damaged,electronics,30,0,19570.19,True,False,0
pay_8e3a1065acb54f,not_received,digital_services,672,0,3723.91,True,False,0
pay_d05f5781a0a94b,not_received,apparel,112,0,3231.8,True,False,0
pay_ec9dbfd0a1cc4e,not_received,electronics,612,0,26329.61,True,False,0
pay_47f192599a6541,damaged,electronics,525,0,33406.06,True,False,0
pay_2ba70bbf5a0040,not_received,electronics,539,0,32976.06,True,False,0
pay_91e059df36854b,not_received,electronics,1410,0,34834.03,True,False,0
pay_fcf2999c03d142,damaged,electronics,10,5,30522.4,False,True,1
pay_53fb9c7c31124b,fraud,apparel,1289,0,2707.59,True,False,0
pay_ab5be014716f41,damaged,electronics,295,0,19217.44,False,False,0
pay_7f680b9d2aaa46,not_received,apparel,321,0,2440.69,False,True,1
pay_dfab054ec9d04a,not_received,digital_services,840,2,631.22,True,False,0
pay_1593c74ea4a748,fraud,apparel,1252,0,2638.04,True,False,0
pay_410858a3046d45,not_received,electronics,230,0,17522.3,True,False,0
pay_944aaf68eb754c,not_received,electronics,475,0,35134.08,True,False,0
pay_6aaa9c56958d41,damaged,electronics,982,0,25737.65,False,False,0
pay_04746ef2879343,damaged,apparel,194,0,2802.77,True,False,0
pay_3000d0ab3e0146,damaged,apparel,7,4,3445.36,False,True,1
pay_9f1219de19ce41,fraud,apparel,315,0,3501.06,True,False,0
pay_b48dab17c49547,damaged,electronics,830,1,20738.39,True,False,0
pay_c41f4c78291f41,not_received,electronics,140,0,30264.58,True,False,0
pay_d3bd917b5e974a,damaged,digital_services,1,5,1698.96,True,True,1
pay_9c6804c6db8d43,fraud,apparel,563,0,1604.92,True,False,0
pay_53eae47f94294b,not_received,digital_services,199,0,3081.98,True,False,0
pay_5d2e1989816c49,damaged,digital_services,173,0,3780.48,True,True,1
pay_0078c05073974b,damaged,digital_services,469,1,4653.27,True,False,0
pay_582a05f5d41842,not_received,electronics,1120,0,32953.45,True,False,0
pay_7b38dc59f3574c,not_received,electronics,10,3,27905.94,False,True,0
pay_eb58b17c6fb34c,fraud,electronics,1326,0,16265.65,True,False,0
pay_f9fae5100f2844,not_received,digital_services,1128,0,2407.11,True,False,0
pay_06731c2eec1c4b,not_received,electronics,505,2,14538.17,True,False,0
pay_a24b1fcd85a149,fraud,apparel,814,0,1710.7,True,False,0
pay_1a0cc8b0b96145,fraud,digital_services,254,1,1831.99,False,False,0
pay_412f76f92b0840,fraud,digital_services,912,0,3071.33,True,False,0
pay_71fb35a0debe41,not_received,apparel,891,0,3346.93,True,False,0
pay_f452a78498564d,fraud,electronics,1268,0,21770.83,True,False,0
pay_3837b13f3db042,not_received,electronics,771,1,28870.1,True,False,0
pay_cc9c569c821b4c,fraud,apparel,931,0,2869.21,True,False,0
pay_ecc09353ec294c,not_received,digital_services,974,1,3760.06,True,False,0
pay_0337a423131949,not_received,digital_services,1326,0,2188.57,True,False,0
pay_213c6378a76847,not_received,electronics,605,0,21218.41,True,True,1
pay_2c74b84ffd234b,not_received,electronics,618,0,26687.56,True,False,0
pay_25b59ce0e09c45,not_received,apparel,1159,0,3721.48,True,False,0
pay_349e4d59ddeb44,fraud,apparel,1470,2,2879.16,True,False,0
pay_9564cb30f63744,damaged,electronics,799,0,19624.82,True,False,0
pay_a1bf2b89c1e249,fraud,electronics,13,2,19059.0,False,True,0
pay_2c5adb7241a74b,fraud,digital_services,1161,0,1895.6,True,False,0
pay_abc72d18fbe341,not_received,digital_services,820,0,4733.6,True,False,0
pay_26a362a3690740,fraud,apparel,1256,0,2969.36,True,False,0
pay_8485114fd8cb44,damaged,apparel,7,4,3098.7,False,True,1
pay_1aeeb67144af46,fraud,electronics,518,0,31488.65,True,False,0
pay_c01f11d0b64d49,not_received,apparel,1053,0,2788.63,True,False,0
pay_04e80922472542,fraud,electronics,941,1,25888.95,True,False,0
pay_9c5f4a652f344e,fraud,electronics,737,0,21661.83,False,False,0
pay_cc29c7f94ec445,fraud,electronics,3,3,24494.62,False,False,0
pay_715b2b6a31b84a,damaged,electronics,934,0,30264.49,True,False,0
pay_caffc3508e1841,damaged,digital_services,1179,2,3135.29,True,False,0
pay_3b8c1724c77445,not_received,digital_services,13,3,3829.03,False,False,0
pay_4b08402e4a434b,damaged,apparel,1110,0,4087.21,True,False,0
pay_8d2eec14115449,not_received,apparel,963,0,4566.71,True,False,0
pay_17b90e60323144,damaged,electronics,1080,0,30498.13,True,False,0
pay_5698bcd7e4a44d,damaged,apparel,227,0,4142.83,True,False,0
pay_299b7fdbcfb746,fraud,apparel,232,0,3205.8,False,False,0
pay_85fa3574efb84a,not_received,apparel,579,1,3226.05,True,False,0
pay_a5183e37396c49,not_received,electronics,550,0,19646.73,True,False,1
pay_f1401da1decb41,fraud,apparel,815,0,3662.52,True,False,0
pay_b3e5c3ad421541,fraud,electronics,4,5,30261.15,False,True,1
pay_59cb940af0e04a,damaged,electronics,13,2,25618.4,False,True,1
pay_d229743c6c6f45,damaged,apparel,10,5,1790.74,False,False,0
pay_f9d47add5d734b,not_received,electronics,1045,0,17710.98,False,True,1
pay_367e9dcce32b45,damaged,apparel,322,0,4242.03,True,False,0
pay_c0cd3473e3ef46,damaged,apparel,1107,2,2762.68,True,False,0
pay_160ef876d8ab45,fraud,electronics,1464,0,33560.76,True,False,0
pay_c02c7f95485b4a,fraud,digital_services,725,0,2424.99,True,False,0
pay_1f0d4380dfe847,fraud,digital_services,1164,1,1566.21,True,False,0
pay_5973714feff64b,fraud,electronics,237,0,27874.62,False,False,0
pay_9ae7a91a4d4343,fraud,apparel,152,0,2460.62,True,False,0
pay_496fd08c310a41,not_received,electronics,1362,0,20790.11,True,False,0
pay_46e1e9f8109a4a,damaged,apparel,1496,0,2458.56,True,False,0
pay_120ddd8830f643,damaged,digital_services,604,0,2685.48,True,False,0
pay_926c88e1039d4c,not_received,electronics,461,0,29860.29,True,False,0
pay_ea9c2b5c7bc448,damaged,apparel,1054,0,3028.97,True,False,0
pay_ccecbe08869346,not_received,digital_services,167,0,4647.17,True,False,0
pay_504042877c8c42,damaged,electronics,1059,0,20238.83,True,False,0
pay_abcc77e373fc4a,not_received,electronics,906,2,12434.58,True,False,0
pay_6e57b73a3fea4c,fraud,electronics,11,6,31886.48,False,True,1
pay_cf4f31d1529d42,damaged,electronics,806,0,19827.72,True,False,0
pay_ff7b31f3a71643,fraud,electronics,1214,1,15744.2,True,False,0
pay_d40e414fb85541,not_received,electronics,556,0,20235.2,True,False,0
pay_e6bda1412ab349,fraud,electronics,1091,0,29474.72,True,False,0
pay_d8fb696eb3534b,not_received,electronics,1445,0,24399.9,False,False,0
pay_3688178ca0d545,damaged,apparel,399,0,3990.23,True,False,0
pay_26c86873d42741,fraud,digital_services,996,0,2370.27,True,False,0
pay_fb9e4a182a9f46,damaged,digital_services,1079,0,5170.63,True,False,0
pay_0f664f8c14ff43,fraud,electronics,801,1,25206.71,True,True,1
pay_5dc6a06adf8441,fraud,apparel,776,0,2793.95,True,False,0
pay_947210cac8da4d,fraud,digital_services,4,5,4853.66,False,True,1
pay_902b47b06eb74a,not_received,digital_services,1292,0,6073.33,True,False,0
pay_1110169429904d,fraud,digital_services,904,0,2207.62,True,False,0
pay_3336e7cf6ea447,not_received,apparel,37,0,3567.67,True,False,0
pay_e3dc618f82d845,fraud,electronics,1055,1,30957.23,True,True,1
pay_bbf60372b25644,fraud,electronics,827,0,18196.46,True,False,0
pay_facb632020e847,not_received,apparel,1188,1,4828.29,True,False,0
pay_b835245508e64b,fraud,electronics,10,5,25494.47,False,True,0
pay_796456b4b7e74d,fraud,digital_services,1171,0,2345.33,True,False,0
pay_26c7dab4c1de42,fraud,electronics,804,0,22314.47,True,False,0
pay_9e1aa31b709441,not_received,digital_services,1153,1,3718.32,False,False,0
pay_936f759572ca49,not_received,apparel,1,3,2126.75,False,False,0
pay_2c399eaed72145,fraud,apparel,1293,0,3178.25,True,False,0
pay_b1c94abe425a44,fraud,electronics,605,0,22957.91,True,False,0
pay_8b37ab63cf9446,not_received,electronics,1370,0,29255.53,False,False,0
pay_8de84a974a2c4e,fraud,apparel,99,0,4426.43,False,False,0
pay_b90a59c3f0bc4e,damaged,digital_services,478,2,3218.93,False,False,0
pay_745c130df16a40,not_received,digital_services,1028,0,4330.99,False,False,0
pay_a31af243906f45,not_received,electronics,1340,1,15570.99,True,False,0
pay_2b5b734202524b,fraud,electronics,731,0,24284.47,True,False,0
pay_cb33e7cc56b046,not_received,electronics,197,0,23777.47,True,False,0
pay_ec7b2ee8a53845,damaged,electronics,645,0,29631.75,True,False,0
pay_29dbdf1b5d224d,not_received,digital_services,607,0,2451.45,False,False,0
pay_c08e01d6dca74d,not_received,electronics,650,0,23145.48,True,False,0
pay_92b8e72ca30549,not_received,apparel,81,0,4108.16,True,False,0
pay_a40fe963220445,not_received,apparel,986,0,3486.18,True,False,0
pay_20683491afc349,fraud,electronics,347,0,30494.02,True,False,0
pay_4467e21dbc7849,not_received,apparel,902,0,2926.96,False,False,0
pay_6eadb5dc11fb46,fraud,apparel,4,6,3102.71,False,True,0
pay_faffbd4d725b47,not_received,electronics,835,1,23941.41,True,False,0
pay_ae60f54d0f094e,damaged,apparel,666,0,2192.35,True,False,0
pay_a3d62d05cf0a4b,damaged,electronics,8,3,26010.65,False,True,1
pay_7fe9e759a7fd48,not_received,apparel,3,4,3705.0,False,True,1
pay_58c615a2793943,fraud,digital_services,248,0,3730.16,True,False,0
pay_f4a3361440d54a,fraud,apparel,1110,0,2501.59,True,False,0
pay_ac2712307c734d,not_received,apparel,6,5,4879.89,False,True,1
pay_59df00ba724244,damaged,apparel,4,4,1402.26,False,True,1
pay_5bb6b2df733342,not_received,digital_services,8,3,3630.62,False,True,1
pay_dcc45ad1c0a341,fraud,electronics,627,1,32036.48,True,False,0
pay_96475010c16548,damaged,apparel,1057,0,1437.96,False,False,0
pay_3678e231180d4f,damaged,apparel,715,0,2167.03,False,False,0
pay_2741d26fc04849,not_received,digital_services,2,4,2207.67,False,True,0
pay_ac059909e24249,not_received,electronics,1048,2,25364.59,True,False,0
pay_50a1716045ce4e,not_received,digital_services,430,0,2009.19,True,False,0
pay_9bf2ef6715c14b,not_received,apparel,316,0,943.42,True,False,0
pay_9b9e5d2f871f47,damaged,electronics,1348,0,19935.78,True,False,0
pay_b2c41c8effaf4e,fraud,apparel,768,0,3515.21,True,False,0
pay_0633e620d5a940,not_received,electronics,691,0,23928.27,True,False,0
pay_8b97303800de46,not_received,electronics,371,0,28516.92,True,False,0
pay_b0a9b4b5c75449,damaged,electronics,6,3,23908.02,False,False,0
pay_ecb8e3900bcd46,damaged,electronics,10,6,23735.95,False,True,1
pay_4da672e7330547,damaged,apparel,210,0,2232.79,True,False,0
pay_48200d610dbd4e,not_received,electronics,272,0,32386.8,True,False,0
pay_b7dc8dde075745,damaged,electronics,833,0,33250.53,True,False,0
pay_9c6bf6aa22914d,not_received,apparel,654,0,2994.38,True,False,0
pay_0786271c20dc48,not_received,electronics,612,0,23058.55,True,False,0
pay_6853541035f440,fraud,electronics,1260,0,28917.08,True,False,0
pay_dc31348628f14b,damaged,electronics,5,6,11968.55,False,True,1
pay_5a30a42a87154f,damaged,apparel,780,2,2514.51,False,False,0
pay_d30110c54f744a,fraud,electronics,671,0,26243.26,True,False,1
pay_5542e5b3561046,fraud,electronics,213,1,28040.33,True,False,0
pay_26da11e4926745,damaged,apparel,1191,1,5020.09,True,False,0
pay_af1cea91309c4b,not_received,electronics,75,1,25389.14,True,False,0
pay_89f9b4892dc640,damaged,apparel,4,4,2928.6,True,True,1
pay_8891e18180a64e,fraud,electronics,7,2,21091.39,True,False,0
pay_f5f51c1ef9d44d,fraud,digital_services,1029,1,4378.17,True,False,1
pay_f6aacedeccb741,not_received,apparel,873,0,2518.39,True,False,0
pay_ee4dfe64c5ad45,fraud,digital_services,3,3,4041.62,False,True,0
pay_c56ed100a0d145,fraud,apparel,134,0,3420.28,True,False,0
pay_6cad0326dd3542,fraud,apparel,6,3,3509.37,False,True,1
pay_3b79964aa30949,fraud,digital_services,1145,0,2677.72,True,False,0
pay_1f8deb6cfa0d40,fraud,electronics,1479,0,30152.72,False,False,0
pay_0b50acc6f2e042,damaged,apparel,441,0,3409.18,True,False,0
pay_3ad6acf2b7a345,fraud,electronics,6,5,23861.82,False,True,1
pay_1592a0eac6e14b,not_received,apparel,610,0,4973.58,False,False,0
pay_55292093cd7445,damaged,electronics,870,0,26002.33,True,False,0
pay_954737d250ac4b,not_received,apparel,1269,0,4859.11,True,False,0
pay_9633b75314a743,not_received,digital_services,5,4,2877.0,False,True,1
pay_82d878538d6344,not_received,electronics,12,5,22394.01,False,True,0
pay_4e0de337e1ef49,damaged,digital_services,794,0,3159.48,True,False,0
pay_b3934417b2074e,damaged,electronics,956,0,18389.7,False,False,0
pay_76f2e228555f40,not_received,electronics,1308,0,33037.43,True,False,0
pay_e9c061fad3ec4b,damaged,apparel,1428,0,1618.71,True,True,1
pay_6e7c8c2a67fc4d,not_received,electronics,235,0,25175.16,True,False,0
pay_7655782baff247,fraud,apparel,646,0,1609.11,True,False,0
pay_9a3c4f26d41046,damaged,electronics,1104,0,25942.97,False,False,0
pay_4f476fed0d134c,not_received,apparel,56,0,3771.58,True,False,0
pay_7d082d0468614b,damaged,apparel,353,0,5047.13,True,False,0
pay_32682005a02a4b,fraud,digital_services,673,0,4319.13,False,False,0
pay_3d7bb696f70a4c,fraud,apparel,11,2,2017.71,False,True,1
pay_28beea64437849,damaged,electronics,482,0,28783.61,True,False,0
pay_1f8e42b300b94c,fraud,electronics,554,0,32508.82,True,False,0
pay_f3c77894eeb34d,damaged,digital_services,1034,0,3243.96,True,False,0
pay_f0ad268a804a4a,damaged,apparel,701,0,3075.97,True,False,0
pay_68afce836f2c44,damaged,apparel,272,1,3382.62,False,False,0
pay_38e5e90cabf646,not_received,apparel,444,0,4316.49,False,False,0
pay_a7fd92fcb7e646,not_received,electronics,6,2,23692.24,False,False,0
pay_8f4aa756d3ee48,damaged,apparel,431,1,3960.35,True,False,0
pay_646911fbba494b,not_received,apparel,1157,0,2404.09,True,False,0
pay_bd36eb23c91342,not_received,electronics,6,4,19398.16,False,True,1
pay_d2c3272ffe8e49,damaged,digital_services,1071,1,1497.07,True,False,0
pay_5daecd11fb4741,not_received,electronics,441,0,19035.72,True,False,0
pay_b24216994cbe4c,damaged,apparel,313,0,2345.45,False,False,0
pay_47d8894f47f34c,fraud,electronics,475,0,23659.31,True,False,0
pay_f26269bdc2ef48,fraud,apparel,10,2,2214.99,False,True,1
pay_9eb3e7fa25f642,not_received,electronics,1071,0,33005.84,True,False,0
pay_0fdfbfb80d9d4a,fraud,electronics,432,2,10289.04,True,False,0
pay_b537cdd833bd4b,not_received,digital_services,283,0,1887.18,True,False,0
pay_4b7181fe95b144,fraud,apparel,11,3,2855.96,False,True,0
pay_fe1387c32ae548,damaged,apparel,981,0,2632.34,True,False,0
pay_d0fad831180a43,fraud,apparel,968,0,3418.97,True,False,0
pay_456b33d23aa047,not_received,electronics,1146,0,36950.91,True,False,0
pay_153b5f012bc846,fraud,electronics,631,1,21783.93,True,False,0
pay_2d7eb5b2af3a4c,not_received,electronics,1330,0,24259.78,True,False,0
pay_bc0d69de373c43,fraud,apparel,605,0,1804.77,True,False,0
pay_34e41d4f3aa14b,fraud,digital_services,894,0,2215.47,True,True,1
pay_13070d74008347,not_received,electronics,194,0,24605.87,True,False,0
pay_05a9447cbeef43,fraud,apparel,428,0,4838.85,False,False,0
pay_6ead18371bf644,fraud,electronics,570,0,20940.65,False,False,0
pay_c9400b45c86c49,not_received,electronics,1092,0,22692.4,True,False,0
pay_357637f9a62c49,fraud,apparel,668,0,3281.02,True,False,0
pay_4c91d9dad72f42,not_received,electronics,983,0,30084.28,True,False,0
pay_abd930f3f13943,fraud,apparel,1220,0,2817.64,True,False,0
pay_89c91317f44041,fraud,electronics,1040,0,24831.19,True,False,0
pay_759c11bbe6c749,not_received,digital_services,310,0,3848.99,True,False,0
pay_4e1ab2ea260c45,fraud,apparel,1390,0,3471.75,True,False,0
pay_8d97313192a644,damaged,electronics,1018,0,20868.27,True,False,0
pay_c382dda1c7e64c,damaged,electronics,12,4,23293.7,False,True,1
pay_9a525258239d45,fraud,electronics,9,5,35253.08,False,True,1
pay_252f99c219cc41,damaged,electronics,928,0,31413.77,True,False,0
pay_7f27062a7c3d47,fraud,apparel,691,0,1871.4,True,False,0
pay_04caf2fdd37e4a,fraud,digital_services,4,3,2586.93,False,True,1
pay_d1e6acf8d31545,fraud,electronics,1427,0,16762.38,False,False,0
pay_bb691e7eddf543,not_received,apparel,1314,0,2314.44,True,False,0
pay_d8ce547f28af4d,not_received,electronics,1349,0,27345.75,True,False,0
pay_9932edf3f8344d,fraud,apparel,484,0,1867.46,True,False,1
pay_b80510f3213d4c,damaged,electronics,876,0,22312.45,True,False,0
pay_615188f77d2245,not_received,digital_services,521,2,2445.16,True,False,0
pay_18c7325dc38e49,fraud,apparel,619,0,3593.07,True,False,0
pay_075a10d783614e,not_received,digital_services,1132,0,3247.95,True,False,0
pay_81845c2f950f4a,damaged,electronics,4,5,24760.25,False,True,1
pay_709fd4fa017248,fraud,apparel,1488,0,3561.29,True,False,0
pay_14b4540067fa40,fraud,apparel,1225,1,4797.05,True,False,0
pay_3bd2dc8a852548,not_received,apparel,914,0,3481.55,True,False,0
pay_d21abb66457845,not_received,electronics,338,0,21265.21,True,False,0
pay_727cbe7671af4d,not_received,digital_services,51,0,3118.9,False,False,0
pay_2df05ced112c4b,fraud,digital_services,690,0,5521.54,True,False,0
pay_f6c38c241ef942,not_received,electronics,1366,2,28041.01,True,False,0
pay_6aa3eb8750a14d,not_received,apparel,658,0,1607.12,True,False,0
pay_8996ef52a65345,not_received,electronics,1487,0,23460.05,True,False,0
pay_fdc39ae618f447,fraud,digital_services,8,4,1500.48,False,False,0
pay_970560a4e79549,not_received,apparel,1354,2,2877.75,True,False,0
pay_12e593842cca44,fraud,electronics,716,0,26541.35,True,False,0
pay_4b189b5f22cd46,not_received,electronics,1268,0,17043.24,True,False,0
pay_6430b67a99c142,damaged,electronics,1461,0,29875.25,True,False,0
pay_70a7b7207d3a4c,not_received,electronics,1,6,15916.63,False,True,1
pay_aa7f871a019448,fraud,electronics,98,0,23144.63,True,False,0
pay_02ba4844073b43,not_received,apparel,11,6,2869.58,False,True,1
pay_b763319bcabb4e,damaged,apparel,12,6,610.23,False,True,1
pay_fd57c86efabd45,not_received,apparel,1210,2,4735.24,True,False,0
pay_32c90891cb844e,not_received,apparel,1154,0,3480.9,True,False,0
pay_efe9e10bb79649,fraud,electronics,192,0,30871.38,False,False,0
pay_507694e5a5f442,not_received,electronics,283,2,26985.78,True,False,0
pay_6858a6e4ffb44a,not_received,apparel,1334,0,2462.61,True,False,1
pay_545f53c36a0446,damaged,electronics,1362,0,31401.01,True,False,0
pay_66fd219e974f40,not_received,electronics,6,5,21447.27,True,True,1
pay_7c46c12a830b48,not_received,electronics,97,0,9273.88,True,False,0
pay_44e463a4340049,not_received,apparel,1305,0,2545.46,True,False,0
pay_af3e4d9d34e24b,fraud,digital_services,1155,0,1900.57,True,False,0
pay_2c1a4c74a52648,damaged,apparel,716,0,1755.42,True,False,0
pay_ea995b914ffa4e,not_received,electronics,161,0,22578.79,True,False,0
pay_40eb5d0d24f74a,damaged,digital_services,403,0,4619.34,True,True,1
pay_bd4913b8b36943,not_received,electronics,1302,0,26268.95,True,False,0
pay_eb72e861d5fc4c,fraud,apparel,1484,0,2317.29,True,False,0
pay_082b646db8754c,not_received,electronics,965,0,31531.65,True,False,0
pay_4828a4b9cd0e4b,fraud,digital_services,1,4,2483.54,False,False,0
pay_6facd4c38ef64b,fraud,apparel,82,1,2904.46,True,True,1
pay_93cd38d5d27e41,fraud,apparel,6,3,2886.5,True,True,1
pay_85c0751e08f843,not_received,apparel,12,5,1581.37,False,True,1
pay_5bcb21ec078f4d,not_received,apparel,1363,0,2103.24,False,False,0
pay_5450821847c240,fraud,electronics,207,0,27723.74,True,False,0
pay_d792f13fbaf84e,not_received,apparel,1037,2,3033.24,True,False,0
pay_1bc2371083db4b,not_received,apparel,587,0,3246.82,True,False,0
pay_6d65e1d48fc64a,damaged,apparel,1025,0,1475.46,False,False,0
pay_57bdade9cbd74e,not_received,electronics,503,0,18423.41,True,False,0
pay_606530c546484e,not_received,electronics,913,0,22729.98,True,False,0
pay_c123c85e445648,fraud,apparel,1364,0,2958.49,True,False,0
pay_548036e96d664b,not_received,apparel,398,0,4058.92,True,False,0
pay_4e0bfc408aec48,not_received,electronics,1117,0,32815.91,True,False,0
pay_b3dba38dd9244e,damaged,electronics,1467,0,27936.25,True,False,0
pay_208aa0b419d842,fraud,apparel,460,2,4516.97,True,False,0
pay_9be1015389404e,not_received,electronics,1186,1,24839.0,True,False,0
pay_685e7770837c46,not_received,apparel,698,1,2570.69,True,False,1
pay_14c0dffbd19344,fraud,apparel,253,0,2145.39,True,False,0
pay_74040e4def804d,not_received,electronics,13,4,29256.16,False,True,0
pay_074fefb4099345,damaged,digital_services,1334,0,2555.86,False,False,0
pay_7ebc076a6ed14b,not_received,electronics,474,0,25521.28,True,False,0
pay_b54466884fb54b,damaged,digital_services,1148,2,1747.4,False,False,0
pay_bd62a85bedf949,fraud,apparel,1036,0,5275.73,True,False,0
pay_e760d1e8622b4d,not_received,apparel,754,0,2792.88,True,False,0
pay_bf70bfdacc4947,not_received,digital_services,4,3,3302.47,True,False,0
pay_07785bea0c1a4d,not_received,apparel,716,0,3178.34,False,False,0
pay_4c13507bd06846,damaged,digital_services,9,2,1793.25,False,True,0
pay_100e1dba28cc41,fraud,apparel,138,0,3916.38,True,False,0
pay_2266292cd5d84a,damaged,apparel,1113,0,4442.03,True,False,0
pay_d33b41f72d894c,not_received,apparel,551,0,3864.27,True,False,0
pay_d65df309046945,fraud,electronics,703,0,23612.47,True,False,0
pay_8037889f895942,damaged,digital_services,154,0,5563.7,False,False,0
pay_11a83a0f218c4d,not_received,apparel,1018,0,5087.55,True,False,0
pay_69abd4a436ef44,damaged,apparel,326,2,4680.92,True,False,0
pay_2b88c6a0864149,fraud,digital_services,42,0,3526.23,True,False,0
pay_cf46a11b31194d,damaged,digital_services,281,2,2482.01,True,False,0
pay_cdb9bd24066846,not_received,electronics,1149,0,22062.93,True,False,0
pay_91eded5b2e8a45,fraud,apparel,11,5,3544.23,False,False,0
pay_f445a35d1f044f,not_received,apparel,1046,0,254.96,True,False,0
pay_320e0b76c8b649,fraud,apparel,13,5,2270.72,False,True,1
pay_f4115415a0ac43,not_received,digital_services,12,2,3809.71,False,True,0
pay_d34e185a1c2e47,fraud,digital_services,1205,0,1592.72,False,False,0
pay_f4e48968951449,fraud,apparel,1043,1,3337.27,True,False,0
pay_14e8fb0031f94c,fraud,electronics,716,0,22477.56,True,False,0
pay_a50f920fedcf40,not_received,apparel,3,2,2694.49,False,True,0
pay_0ee6b8a86a3644,not_received,apparel,1453,1,2861.23,True,False,0
pay_344c12e0da1a44,not_received,electronics,6,5,17663.39,True,True,1
pay_70c120d38c0741,fraud,apparel,1065,2,2331.92,True,False,0
pay_a124b3e834e641,not_received,electronics,418,0,22995.75,True,True,1
pay_ac0e1b1502d04e,not_received,apparel,7,6,3146.95,False,True,0
pay_8d3c581793af48,fraud,apparel,13,3,4629.41,False,True,1
pay_93aa686f78464f,damaged,electronics,464,2,29623.13,True,False,0
pay_2e0fd4e622324b,not_received,apparel,1001,0,3487.42,True,False,0
pay_116c2412d4fd42,not_received,electronics,953,0,30843.65,True,False,0
pay_e1687ce9938f4b,fraud,apparel,414,0,4763.03,True,False,0
pay_35c2ae70fc2f46,fraud,apparel,327,0,2745.21,True,False,0
pay_a5c207fe9c4044,damaged,apparel,1399,0,100.0,True,False,0
pay_cacbf79ed66041,damaged,apparel,255,0,3097.04,True,False,0
pay_bfb1d048c89c40,fraud,apparel,1494,0,3359.41,True,False,0
pay_71f1ff7feb1740,fraud,electronics,1358,0,27645.88,False,True,0
pay_0c1ec8fa57104e,not_received,apparel,11,4,4245.78,False,True,0
pay_f80dffd16e0949,not_received,apparel,10,6,3752.54,False,True,0
pay_5e826b0ddfcb47,damaged,electronics,999,0,21771.01,True,False,0
pay_9ab289a81d4647,fraud,electronics,314,0,22388.08,True,False,0
pay_bbb1f948a38949,not_received,electronics,1491,0,27082.53,True,False,0
pay_7216a17dad0747,fraud,electronics,1216,2,22320.55,True,False,1
pay_12ab104f628f46,fraud,apparel,2,4,2871.49,False,True,0
pay_4b7bbd9bd11042,fraud,apparel,1296,0,4131.35,True,False,0
pay_2faec2f93bfb44,damaged,apparel,305,0,3718.74,True,False,0
pay_19c2a6bcd7704e,not_received,electronics,1318,0,24529.75,True,False,0
pay_312d3e691d7245,damaged,digital_services,521,0,1592.77,False,False,0
pay_a6bbdec3e24e40,fraud,apparel,4,6,3604.63,False,False,0
pay_ef25d8b203ab48,fraud,apparel,85,2,3436.75,True,False,0
pay_9182013cf37d46,fraud,electronics,1379,0,24296.83,True,False,0
pay_d9f61dac64fc44,fraud,apparel,545,0,3587.84,True,False,0
pay_322b93fa71984d,damaged,apparel,34,0,2149.96,True,False,0
pay_55fe40f92e8142,fraud,apparel,13,5,2929.54,False,True,1
pay_daf48adf4cd84b,fraud,digital_services,493,0,2804.11,True,False,0
pay_3e7b1b0a11e743,fraud,apparel,212,0,2046.56,True,False,0
pay_78550ff438324e,fraud,digital_services,11,2,993.18,True,True,1
pay_58611a306ce844,not_received,electronics,4,3,35501.48,False,True,1
pay_f1778494686046,not_received,electronics,11,6,26046.03,False,True,0
pay_44f8a59a78e549,not_received,electronics,436,2,27324.13,True,False,0
pay_8a66e04fedc648,not_received,apparel,1239,0,3122.17,False,True,0
pay_fa4f9dc34b9e4f,fraud,apparel,782,0,2342.3,False,False,0
pay_0cf6adbea27b49,fraud,apparel,293,0,4207.83,True,False,0
pay_d3c05581cc4b40,not_received,electronics,1119,0,26229.74,True,False,0
pay_05fe196b3baf45,not_received,electronics,804,0,30487.12,False,False,0
pay_d05544cdf43c4c,fraud,electronics,3,2,33065.9,False,True,0
pay_316520b36d5f49,fraud,electronics,819,2,21464.47,True,False,0
pay_d7982bac7cf747,fraud,electronics,225,0,26713.14,True,False,0
pay_a78498917d8e4c,fraud,electronics,3,6,20800.3,False,True,0
pay_42ac4f1ca8be47,fraud,electronics,154,0,21018.72,True,False,1
pay_d21ca1a2db8545,fraud,apparel,5,2,3062.28,False,True,0
pay_02c76543890241,not_received,electronics,316,2,33413.26,True,False,0
pay_cef334f158ae4c,fraud,electronics,1488,0,27724.74,True,False,0
pay_96e2f055c18c48,fraud,electronics,1182,0,21626.8,True,False,0
pay_8a558b4122fc4a,damaged,digital_services,113,0,3063.1,True,False,0
pay_ea4383b1c2f944,not_received,apparel,738,0,2906.04,True,False,0
pay_fe2d452434eb48,damaged,digital_services,1081,0,2455.55,True,False,0
pay_ae6828f85f414d,fraud,apparel,1472,0,3407.02,True,False,0
pay_5e304184fe0642,not_received,digital_services,8,4,3348.55,False,True,0
pay_ba690f88ed8442,fraud,electronics,3,5,20521.29,False,True,1
pay_427c11bbd4bb45,not_received,electronics,901,0,30413.2,False,False,0
pay_2e6e962d401442,fraud,apparel,1253,0,2444.38,False,False,0
pay_8d62d76191d949,fraud,digital_services,786,1,2367.37,True,False,0
pay_051a146a924b49,damaged,digital_services,314,1,3944.3,True,False,0
pay_0c22bd7ae3a040,not_received,apparel,1226,0,4764.88,True,False,0
pay_0b32a10016c24f,damaged,electronics,316,0,22234.58,True,False,0
pay_18c5cb59160b47,fraud,electronics,73,0,26218.78,True,False,0
pay_ac227158d8ed48,fraud,electronics,425,0,28264.87,True,False,0
pay_b2244c6374124f,not_received,electronics,986,0,21901.06,True,False,0
pay_83f5d024375749,not_received,electronics,101,1,23216.67,True,False,0
pay_6a5d35ebaa814e,not_received,electronics,11,3,14558.18,False,True,0
pay_4e413c90a11b49,damaged,digital_services,11,2,249.87,False,True,1
pay_b34585eb655a44,fraud,electronics,1268,0,26965.96,True,False,0
pay_47035a133d3c49,not_received,electronics,652,0,26899.26,True,False,0
pay_d80ea377366742,fraud,electronics,257,0,24129.51,True,False,0
pay_18cf36a03b3341,fraud,electronics,1167,0,33370.09,True,False,0
pay_15452c78e57941,not_received,electronics,1008,0,21799.45,True,False,0
pay_05fbde1d648340,not_received,electronics,460,0,36881.7,True,False,0
pay_8d07e88744af4b,fraud,digital_services,147,0,3092.36,True,False,0
pay_ae241fa9204641,fraud,apparel,575,0,4177.96,True,False,0
pay_61fce2da733f4d,not_received,electronics,1,4,29533.62,False,True,0
pay_e8dbafd080af45,not_received,apparel,264,0,2501.0,False,False,0
pay_c499a139661641,fraud,electronics,1194,0,23255.17,True,False,0
pay_60e838db16fa48,fraud,electronics,392,0,23066.04,True,False,0
pay_8a412170afaa46,fraud,electronics,364,0,32073.82,True,False,0
pay_f851022cac5b43,damaged,electronics,1147,0,24610.28,True,False,0
pay_bc28876d5e7e43,damaged,apparel,966,0,1884.39,True,False,0
pay_e85cdbe63f2e42,not_received,apparel,567,0,1453.12,True,False,0
pay_3732cd19924e4b,damaged,electronics,569,1,20679.41,True,False,0
pay_9fa1ef3fbfb048,not_received,apparel,605,0,3920.78,True,False,0
pay_fc9d284ddf1947,fraud,electronics,243,0,26621.03,True,False,0
pay_7db0787fe99c4d,fraud,electronics,63,2,26412.24,True,False,0
pay_c6f2f595759d48,damaged,electronics,1127,0,21711.31,True,False,0
pay_2e75027a0a4b46,not_received,apparel,1209,0,3887.28,True,False,0
pay_141a439423184d,damaged,electronics,909,0,28732.5,False,True,1
pay_bb8705133e3c41,damaged,apparel,735,0,1562.54,False,False,0
pay_9cca8a5811134b,not_received,apparel,261,0,4192.1,True,False,0
pay_486ad829374b40,fraud,digital_services,61,0,4120.23,True,False,0
pay_c11467f720f140,fraud,electronics,55,0,20149.66,True,False,0
pay_de8d8ec1e5ef48,fraud,electronics,1201,0,31730.52,True,False,0
pay_685ae670ebc241,fraud,electronics,475,0,22924.52,True,False,0
pay_f0425ad3acca43,not_received,digital_services,912,0,4696.41,True,False,0
pay_3064ab0dd38345,fraud,apparel,1477,0,1787.94,True,False,0
pay_4d946107b9b14e,fraud,digital_services,432,0,3365.29,True,False,0
pay_5818e2f599c54a,not_received,apparel,1133,0,1927.12,True,False,0
pay_e91596fbb31f49,fraud,apparel,2,5,4207.32,False,True,1
pay_3dfa97438a6d45,not_received,electronics,919,0,28678.19,True,False,0
pay_5acca10586e34c,not_received,digital_services,1,2,4192.02,False,True,0
pay_9db32f50d22f4a,not_received,digital_services,189,0,1620.13,True,False,0
pay_a9f5f32f60a04a,damaged,electronics,1245,0,26597.66,True,False,0
pay_38df61c621004e,fraud,electronics,153,1,27665.16,False,False,0
pay_1773ad540ebe46,fraud,apparel,1478,0,4111.56,True,False,0
pay_b81cd560ebb640,damaged,electronics,555,0,19700.97,True,False,0
pay_57bfcb8af9084b,not_received,digital_services,764,0,2151.37,True,False,0
pay_e47465d3c97745,not_received,apparel,456,0,2736.38,True,False,0
pay_4970c151297842,fraud,apparel,1383,0,4210.65,False,False,0
pay_0a999c50768344,damaged,apparel,56,0,2575.28,True,False,0
pay_838cf90df0e447,damaged,apparel,1144,1,1892.01,False,False,0
pay_549f5d714a7a41,not_received,electronics,338,0,31749.55,True,False,0
pay_4ead963ba37943,fraud,digital_services,1172,0,3737.8,True,False,0
pay_9ab1c91795924c,damaged,digital_services,1303,0,4020.48,True,False,1
pay_c8d23e756ac64e,not_received,apparel,738,0,2818.77,True,True,1
pay_495ede3345384b,not_received,apparel,1340,0,3502.54,True,False,0
pay_d47c0d8681924c,fraud,apparel,751,1,2000.78,True,False,0
pay_9ea1675d4ba14f,not_received,apparel,9,6,2334.43,False,True,1
pay_e9b71ab02a8d48,fraud,digital_services,105,0,3428.74,True,False,0
pay_ace1b498f0f244,fraud,electronics,197,0,22950.88,True,False,0
pay_ab8086e6a4154c,not_received,electronics,805,0,25768.14,False,False,0
pay_270241e3e8354f,fraud,digital_services,654,0,2439.11,True,False,0
pay_885180850a2b4d,not_received,electronics,495,1,35940.14,True,False,0
pay_9df70f0ecc7345,not_received,apparel,1079,0,3312.4,True,False,0
pay_7077adbad41045,fraud,electronics,344,1,26930.18,False,False,0
pay_a75bac1ec99340,not_received,digital_services,1194,2,3329.41,True,False,0
pay_607b1fef313848,damaged,apparel,492,0,4522.71,True,True,1
pay_35712183c94d46,fraud,digital_services,679,0,3462.23,True,True,1
pay_c49901278aa343,not_received,digital_services,2,3,2761.81,False,True,0
pay_4645d8984e5945,fraud,electronics,366,0,23883.59,True,False,0
pay_e88472bf509245,not_received,apparel,383,0,2050.05,True,False,0
pay_32b79327680a41,fraud,apparel,1448,0,2733.38,True,False,0
pay_e7c8b449029c45,fraud,digital_services,755,0,3465.16,True,False,0
pay_1d2caafd561d48,fraud,electronics,407,0,16411.22,False,False,0
pay_e80967a37db148,damaged,digital_services,1271,0,2742.82,True,False,0
pay_f93fec0a3dcb45,not_received,electronics,422,0,31626.32,True,False,0
pay_73778837bfa846,not_received,digital_services,291,0,2897.32,False,False,0
pay_360aba99bc5d4b,fraud,apparel,151,0,3652.78,True,False,0
pay_4bf749ae72b045,not_received,apparel,543,0,188.81,True,False,0
pay_01f76d852a9749,fraud,electronics,1425,0,14829.61,True,False,0
pay_0dd881035ce24a,fraud,electronics,428,0,21506.79,True,False,1
pay_3eea63d09cbe4b,not_received,electronics,3,2,25673.55,False,True,0
pay_5bd760dac5a04e,fraud,apparel,86,0,3191.71,True,False,0
pay_e9370cd58e6b46,fraud,apparel,217,0,2613.27,True,False,0
pay_a07bfddc7e8d45,not_received,apparel,91,0,3652.24,True,False,0
pay_ebdc8b50d2fe4e,damaged,electronics,1440,1,29785.55,True,False,0
pay_5a0f5deafdc740,fraud,apparel,1146,0,2306.45,True,False,0
pay_f2e1ea5e8f9c43,fraud,digital_services,331,0,2939.31,True,False,0
pay_65e70c25d1ce47,fraud,apparel,3,2,3324.07,False,True,1
pay_852c95cec6da4d,damaged,electronics,211,0,22059.16,True,False,0
pay_5c5ef1380bab45,damaged,digital_services,3,6,2503.48,False,True,1
pay_08b9969ef3a04d,not_received,digital_services,8,6,2821.56,False,True,0
pay_15455ad4356c43,damaged,digital_services,132,0,4535.72,True,False,0
pay_67f3c86ba02c47,not_received,digital_services,1271,0,2490.57,False,False,0
pay_a2221dda0e1c45,damaged,apparel,11,3,3177.48,False,True,1
pay_37a006ac41af4d,fraud,electronics,902,0,22989.48,True,False,0
pay_dc8a7e5abb2149,fraud,apparel,3,6,872.64,False,True,1
pay_bd69927d1b6049,not_received,apparel,1443,0,4125.97,False,False,0
pay_776f7c857b7344,fraud,electronics,1,4,22759.28,True,True,1
pay_98130a868bc746,not_received,electronics,297,0,29371.14,True,False,0
pay_1c2a8a806c8748,fraud,electronics,113,0,29742.24,True,False,0
pay_dcda434797a346,not_received,apparel,1478,1,4408.13,True,False,0
pay_99d041a841ad4c,fraud,electronics,5,6,18139.35,False,True,0
pay_5a21ae00dff94b,fraud,apparel,366,0,3506.2,True,False,0
pay_6bcd4ccdb90444,damaged,digital_services,822,0,2819.43,True,False,0
pay_6ab4d3dd2abe43,damaged,electronics,1057,0,23957.27,True,False,0
pay_13ad26d811654c,damaged,digital_services,239,0,4227.15,True,False,0
pay_f54a745a5b034a,not_received,apparel,1372,0,4419.41,True,False,0
pay_6bf72dab3a054e,not_received,electronics,833,0,22698.23,True,False,0
pay_079749d4c79a4e,not_received,electronics,330,0,33779.1,True,False,0
pay_7a894b76af2548,fraud,electronics,514,0,31172.48,True,False,0
pay_842b487b131048,fraud,electronics,674,0,32269.92,False,False,0
pay_bdcde44802c543,fraud,digital_services,811,1,1911.81,True,True,1
pay_cb7717e8d08c45,damaged,apparel,414,1,4199.58,True,False,0
pay_fc743337c6214a,fraud,digital_services,419,0,4023.78,True,False,0
pay_7d9a0fbc2f6c42,damaged,apparel,157,0,2317.68,True,False,0
pay_c979b2486c5a48,not_received,apparel,469,0,2598.08,False,False,0
pay_3ad6df0002bf43,not_received,electronics,693,0,23222.23,True,False,0
pay_dfe4fd1a84dd46,fraud,apparel,9,6,3623.08,False,True,0
pay_3c44ca40fb3a44,fraud,apparel,1066,0,2454.22,True,False,0
pay_432f7917c6714d,damaged,electronics,1115,0,25678.63,True,False,0
pay_34c95fbcd95b45,fraud,digital_services,109,0,4709.99,True,False,0
pay_997dacbd05074c,fraud,apparel,3,4,3132.43,False,True,1
pay_1e1349eb394a4e,fraud,digital_services,570,0,3072.73,False,False,0
pay_d715b00ad3af42,fraud,apparel,390,0,4078.34,True,False,0
pay_2b09b7b54d0d4a,fraud,electronics,298,0,18319.13,True,False,0
pay_89866016d55748,not_received,apparel,7,4,1871.06,False,True,0
pay_9b1c18bc11e442,not_received,electronics,1025,0,33623.77,True,False,0
pay_f052d197c0b04e,not_received,apparel,1015,0,2612.68,True,False,0
pay_f99576cbcd864b,fraud,apparel,13,6,2966.9,False,True,1
pay_5f5fe466194649,damaged,electronics,32,0,23392.49,True,False,0
pay_07ab0bf55bab4f,not_received,apparel,3,4,4320.44,False,True,0
pay_07ced7bca48a41,fraud,electronics,970,0,27293.75,True,False,0
pay_31aaee13eddc4d,fraud,electronics,655,0,34272.73,False,False,0
pay_945c7b59465c4b,fraud,digital_services,869,0,2961.59,True,False,0
pay_72d0054f87be43,not_received,apparel,6,3,1813.05,False,True,0
pay_ab61766d155643,not_received,electronics,1354,0,26889.94,True,False,0
pay_9989fad9ad0a42,damaged,apparel,6,6,3402.41,False,False,0
pay_ab6366b69f924b,fraud,apparel,434,0,1764.83,False,False,0
pay_e2402756763845,not_received,electronics,1001,1,30365.45,True,False,0
pay_3966b193794745,fraud,apparel,914,0,3757.01,False,False,0
pay_fc8828e27ae040,fraud,apparel,13,5,3492.25,False,True,0
pay_9468b7323e654e,not_received,digital_services,1239,0,2693.86,False,False,0
pay_68000945910842,fraud,apparel,1257,0,1520.69,True,False,0
pay_525ab84bd1404f,not_received,electronics,894,0,20694.49,True,False,0
pay_9b33f10a8bf444,not_received,electronics,1467,0,29998.43,False,False,0
pay_1eefdb625ab94a,damaged,apparel,1000,0,3724.41,True,False,0
pay_3122c8c9a05d4a,fraud,electronics,668,2,22581.51,True,True,1
pay_c937e1fc973a44,damaged,digital_services,155,0,2773.52,True,False,0
pay_fab3d64a15ac4e,damaged,electronics,1456,0,28956.32,True,False,0
pay_f352a678460149,damaged,electronics,1095,0,22660.48,True,False,0
pay_70579d15e8c54b,not_received,electronics,848,0,15134.05,True,False,0
pay_3973ed2921c247,damaged,apparel,13,4,1153.17,False,True,1
pay_615e5174927540,not_received,apparel,140,0,2455.15,True,False,0
pay_7d79b9f0441f4a,fraud,electronics,531,2,35981.31,True,False,0
pay_623adcc8269647,not_received,digital_services,5,5,3518.14,False,False,0
pay_4b6ba93e8cac47,not_received,electronics,1112,1,19090.44,True,False,0
pay_7959976514c648,damaged,electronics,4,6,26272.06,False,True,1
pay_ba9c276d862f48,not_received,electronics,8,4,19488.2,False,True,1
pay_07a14e71cfdb44,fraud,digital_services,134,0,3234.57,True,False,0
pay_c52e98c34def4a,not_received,apparel,771,0,4020.81,True,False,0
pay_c36e9ebe1c814e,damaged,apparel,104,0,3677.83,True,False,0
pay_a9cfcd5376b64c,fraud,electronics,844,0,23447.7,True,False,0
pay_5b3ca31630054f,fraud,apparel,968,0,3163.48,True,False,0
pay_b85714799e7241,not_received,apparel,377,0,1141.24,True,False,0
pay_92305404cf8849,fraud,electronics,1139,0,22408.75,True,True,1
pay_05a8345e20e24c,fraud,electronics,13,5,19585.79,False,True,0
pay_1faf56f0a89447,fraud,digital_services,1053,0,2996.32,True,False,0
pay_031a822924e541,damaged,electronics,1213,0,21261.16,True,False,0
pay_99fdbcb28b5e43,fraud,apparel,1245,2,4101.1,True,False,0
pay_33b2105f9f3a4b,not_received,electronics,800,0,20234.51,True,False,0
pay_96aacbce9ecc47,not_received,apparel,743,1,4311.13,True,False,0
pay_72d794beb6b741,damaged,electronics,789,0,27740.31,True,False,0
pay_412530a077594a,damaged,electronics,2,2,33734.16,False,True,0
pay_5f6bfac9fdc145,not_received,apparel,1267,0,2592.56,True,False,0
pay_ad858b2867ce48,damaged,digital_services,413,0,3818.4,True,False,0
pay_c91b7bbada4c40,fraud,digital_services,267,0,4531.53,True,False,0
pay_d6be6872608140,not_received,electronics,282,0,30355.89,True,False,0
pay_e41610f0ab3d47,not_received,electronics,1467,0,28024.97,True,False,0
pay_4feaca01e33645,fraud,apparel,584,0,5296.69,True,False,0
pay_b57cdd19783b48,not_received,apparel,112,0,3556.12,True,False,0
pay_4584788cc79242,fraud,apparel,57,0,3167.81,True,False,0
pay_d5286fd842a54a,damaged,apparel,977,0,3983.97,True,False,0
pay_717868dd416142,fraud,apparel,1325,0,2048.01,True,False,0
pay_f20971ee140344,not_received,apparel,1044,0,4955.79,True,False,0
pay_55ba08f27f0a43,fraud,electronics,1458,0,25605.07,True,False,0
pay_cdd3983da22140,fraud,apparel,9,2,774.73,False,False,0
pay_341c2fdec1d547,damaged,apparel,198,0,2342.17,False,False,0
pay_f724e6dfc52047,not_received,digital_services,61,0,1410.19,True,False,0
pay_4acefd9d0cf541,damaged,electronics,606,0,25619.39,True,False,0
pay_67059aaa2e9246,fraud,electronics,919,2,30675.82,True,False,0
pay_d720080136184c,fraud,digital_services,1119,0,3302.81,True,False,0
pay_d60286871a394f,not_received,apparel,6,3,2032.79,False,True,1
pay_918bc23fca2c43,not_received,digital_services,1212,0,2256.15,True,False,0
pay_2c104d8104704b,fraud,apparel,687,0,5100.45,True,False,0
pay_1fd578bea1d348,not_received,digital_services,392,0,3221.93,True,False,0
pay_d181228470a345,fraud,electronics,653,0,24995.06,True,False,0
pay_cd140543cb6a4f,fraud,electronics,805,0,19440.45,True,True,1
pay_59af7051c95d40,fraud,digital_services,807,0,2977.33,True,False,0
pay_d9152448862f4b,not_received,digital_services,596,0,1883.97,True,False,0
pay_1a1deb03ef1143,not_received,apparel,6,3,2421.99,False,True,1
pay_e2b47c20e1bf4d,not_received,apparel,621,0,608.5,True,False,0
pay_86ef3205bd154c,not_received,digital_services,780,0,1927.51,True,False,0
pay_4ea3f992ee9f4b,fraud,electronics,780,0,29277.43,True,False,0
pay_43b54619276344,damaged,apparel,437,0,2152.98,True,False,0
pay_9fc13224339848,damaged,electronics,10,6,23117.25,False,True,1
pay_266ac3f73c0645,not_received,electronics,1058,0,35293.12,True,False,0
pay_1d6ef0ab325d40,fraud,apparel,1270,0,2986.04,True,False,0
pay_3e85a1a1a8694e,not_received,digital_services,272,0,3238.2,True,False,0
pay_6e0946b613ab45,not_received,apparel,1129,0,1974.14,False,False,0
pay_b23a2cc7bd0c4b,damaged,digital_services,993,0,4169.93,True,False,0
pay_5747f2d3c6424d,damaged,electronics,193,0,14794.26,True,False,0
pay_0122f1add3cf47,damaged,electronics,990,1,22653.97,False,False,0
pay_4b4cdeece50842,fraud,electronics,448,0,24246.97,True,False,0
pay_4e6c86de378e40,damaged,electronics,1297,0,21080.25,True,False,0
pay_9aed4985248a4e,not_received,electronics,513,0,29390.21,True,False,0
pay_4cc0b0f7cb0b49,damaged,electronics,266,0,30343.9,True,False,0
pay_cf262123c63d48,not_received,apparel,931,0,4558.34,True,False,0
pay_6fdc38eb892847,fraud,electronics,525,2,20034.41,True,False,0
pay_983d85d55f324a,not_received,apparel,6,6,482.69,False,True,0
pay_67b405aa4c9c4e,fraud,digital_services,465,1,2634.21,True,False,0
pay_afc242f9546548,fraud,apparel,13,6,1243.67,False,False,0
pay_97f5f38c7e4e45,damaged,digital_services,683,1,2306.46,True,False,0
pay_f0716679090947,fraud,digital_services,9,5,3956.28,False,True,1
pay_0fe35b073dac4a,fraud,electronics,107,0,20420.44,True,False,0
pay_5a85b2017def46,fraud,apparel,1417,0,1626.69,False,False,0
pay_e6cc01360c104f,not_received,apparel,267,0,3432.01,True,False,0
pay_62d6b1f92c0e45,damaged,electronics,920,0,18772.09,True,False,0
pay_e47df29a150640,fraud,digital_services,447,0,2314.39,False,False,0
pay_f3af4839951b41,fraud,apparel,670,0,2806.31,False,False,0
pay_1860bfaca1b345,damaged,electronics,52,0,17899.11,True,False,0
pay_3cf09d31850545,damaged,apparel,1228,2,2562.78,True,False,0
pay_298b3ae9b31b46,fraud,apparel,511,0,4078.34,True,False,0
pay_87fee306c2bb4e,not_received,apparel,1180,0,1155.82,True,False,0
pay_c90bf1da6ae043,not_received,electronics,509,0,26994.67,True,False,0
pay_db0519a4e6d042,not_received,apparel,663,0,2857.87,False,False,0
pay_7aea6c3f896340,not_received,apparel,4,6,3877.85,False,True,1
pay_52d33d39d4d54f,damaged,digital_services,482,0,3948.57,True,False,0
pay_317bd0e56a2f43,fraud,digital_services,689,0,4646.85,True,False,0
pay_45ad3ebca55046,fraud,apparel,209,0,2740.47,True,False,0
pay_5fb3c3efb37a4d,fraud,electronics,558,0,22460.74,True,False,0
pay_cbdb071afa1b45,not_received,electronics,1186,0,32977.11,True,False,0
pay_40d9db3d31de4a,damaged,electronics,214,0,23096.8,True,True,1
pay_c0759e62530d47,not_received,apparel,945,0,1828.86,True,False,0
pay_2701a2ed48b643,fraud,electronics,4,6,37058.69,False,True,0
pay_2bfe1695f23347,not_received,apparel,1471,0,2907.14,True,False,0
pay_711e43862de14a,not_received,electronics,591,0,23715.82,True,False,0
pay_4d98f4a3a7a040,damaged,apparel,1182,0,4384.71,False,False,0
pay_902de4de483749,not_received,electronics,487,0,24966.19,True,False,0
pay_eeba5cc4c9e942,not_received,electronics,42,0,27928.74,True,False,0
pay_cf7887570f4a43,not_received,apparel,435,0,1641.91,True,False,0
pay_5a85aa2c6df045,not_received,apparel,676,0,2508.1,True,False,0
pay_6a2c4ca6397e43,not_received,apparel,1276,0,1723.08,True,False,0
pay_4c8733450efe41,fraud,apparel,735,1,3595.91,True,False,0
pay_3cdd74c9452a48,damaged,digital_services,6,2,3012.74,False,True,1
pay_abc9fd3ba93549,not_received,electronics,194,1,24284.85,False,False,0
pay_93b8b3d4f02a47,not_received,electronics,795,0,19525.98,True,False,0
pay_344600b365d043,damaged,apparel,332,1,2970.62,True,False,0
pay_36653d7d99754b,damaged,digital_services,3,5,980.48,False,False,0
pay_3d2b6f339bc045,damaged,apparel,406,0,3626.57,True,False,0
pay_214c3775c47c42,damaged,apparel,869,0,1272.76,True,False,0
pay_92764eed26904e,fraud,electronics,234,0,30241.09,True,False,0
pay_829608bf44014c,not_received,apparel,991,0,4448.22,True,False,0
pay_7f7a9e20a85a4f,not_received,apparel,1313,0,1979.46,True,False,1
pay_45ba2108ffef47,fraud,apparel,1289,0,3745.29,True,False,0
pay_bd8af15fd89c4d,damaged,apparel,1467,0,2408.48,True,False,0
pay_fe35ba74354445,not_received,electronics,905,0,25125.68,True,False,0
pay_ebf72323902548,not_received,electronics,83,0,23904.33,True,False,0
pay_00fd9e5a62b841,damaged,electronics,315,0,28599.44,True,False,0
pay_fcb50b29bc6740,fraud,apparel,330,0,4028.56,True,False,0
pay_87ac3d1535824c,not_received,electronics,1261,1,26582.28,True,False,0
pay_fb4456df2f0744,not_received,apparel,509,0,2827.36,True,False,0
pay_653a82d74f9c4a,fraud,apparel,8,4,4784.69,False,True,0
pay_6edc8643b6f14e,fraud,electronics,10,3,24049.36,False,False,0
pay_a202c690ab574e,damaged,apparel,1398,0,3627.47,False,False,0
pay_a8a620f529a246,not_received,digital_services,1032,0,100.0,True,False,0
pay_5d60284b21bd4c,damaged,apparel,6,5,3258.97,False,False,0
pay_acb8dc461fb34e,not_received,apparel,1272,0,2880.64,False,False,0
pay_85e81031a83b45,fraud,apparel,52,2,3428.46,True,False,0
pay_7405fd426f8e4b,fraud,electronics,357,0,22314.32,True,False,0
pay_f70b8696939c4d,fraud,electronics,470,0,24269.6,True,False,0
pay_5d6ce509a22f44,damaged,electronics,916,0,20887.16,True,False,0
pay_395bc7c383ea43,fraud,electronics,9,2,27007.17,False,True,0
pay_4cf7d516be5d42,damaged,apparel,448,0,2532.68,True,False,0
pay_e2e1fa069cde49,damaged,electronics,1152,0,22841.32,True,False,0
pay_823824eb6a6e41,damaged,digital_services,962,0,2790.84,True,False,0
pay_cf5df37799654d,not_received,digital_services,233,0,3490.45,True,True,1
pay_efcd9520ee5741,damaged,apparel,1325,0,3237.37,True,False,0
pay_b7eb7d0f674145,fraud,apparel,346,0,3224.45,True,False,0
pay_ff55bb44382843,fraud,electronics,1368,2,20646.68,False,False,0
pay_4530e9f6c8e045,fraud,apparel,101,0,1793.32,True,False,0
pay_824817c7c8a644,damaged,digital_services,94,0,2849.9,True,False,0
pay_7391b5ba61ac49,fraud,electronics,355,0,22041.82,True,False,0
pay_1cd2574fd1d847,not_received,electronics,100,2,20777.42,True,False,0
pay_faf183531fcc4c,fraud,electronics,12,3,22651.16,False,True,0
pay_8a36ce5048c54c,fraud,apparel,350,0,3627.22,True,True,1
pay_eea0066075b74f,fraud,electronics,68,0,30438.04,True,False,0
pay_acca36aea3ae4f,damaged,apparel,1195,0,997.06,True,False,0
pay_72432f9381ef45,not_received,apparel,953,0,2393.44,True,False,0
pay_31442b1055924a,damaged,electronics,1289,0,14782.61,True,False,0
pay_e71982ef77eb4c,not_received,apparel,4,5,3337.85,False,True,0
pay_36e7236a067a42,damaged,electronics,577,0,21488.28,True,False,0
pay_beee035600dd43,not_received,electronics,7,4,22799.24,False,True,1
pay_9c7e53cecb5144,not_received,electronics,473,1,23876.29,False,False,0
pay_d3fc0ad87fa647,not_received,apparel,1206,0,4852.43,True,False,0
pay_d9a059b0767b45,not_received,digital_services,1025,0,1485.23,True,False,0
pay_66e8178985bd49,damaged,electronics,1060,0,18315.76,True,False,0
pay_a855a0c9990f42,not_received,electronics,901,2,29652.01,True,False,0
pay_b15a38c731ed41,damaged,digital_services,182,1,3107.94,False,True,0
pay_890f7b8bc4114f,not_received,apparel,380,0,3915.44,True,False,0
pay_d103e6d90f004f,fraud,electronics,1474,2,26564.23,True,False,0
pay_c9fb7570f71d4f,not_received,apparel,1450,0,1167.02,True,False,0
pay_e12795a1ba774b,fraud,digital_services,122,0,4549.31,True,True,1
pay_0fbfacbea1b145,not_received,electronics,4,2,22997.35,False,False,0
pay_6b9aac59883643,not_received,electronics,1461,0,29557.33,True,False,0
pay_dcd25055fdc341,damaged,electronics,458,0,19507.12,True,False,0
pay_d61c06a5db7e45,fraud,apparel,703,2,1361.88,True,False,0
pay_0b58211c416b4f,fraud,electronics,472,0,29758.73,True,False,0
pay_7192e6cc4f184b,fraud,digital_services,528,0,3692.61,True,False,1
pay_0ef98ef65f3641,fraud,apparel,6,6,1829.86,False,True,1
pay_f158832c01ec49,damaged,apparel,384,0,2260.35,True,False,0
pay_ed1680ba6d8448,damaged,electronics,279,0,30297.04,True,False,0
pay_4b930680bfe941,not_received,digital_services,911,0,2421.34,True,False,0
pay_a7620e0b7ac84e,damaged,apparel,197,1,3023.88,True,False,0
pay_a6274431e7994b,fraud,apparel,1194,0,784.39,False,False,0
pay_53aa2526486c4b,fraud,digital_services,647,0,2016.03,True,False,0
pay_d03e08fac2e34b,fraud,digital_services,1499,0,2173.66,False,False,0
pay_5b97639c505640,damaged,apparel,338,0,2929.88,True,False,0
pay_6b772c2ce2154f,not_received,apparel,266,2,4415.41,True,False,0
pay_38da7e1b6a484e,not_received,electronics,5,5,24617.81,False,True,0
pay_d8753d8ee1b642,fraud,digital_services,761,0,2286.04,True,False,0
pay_afd4c72eda5f43,fraud,digital_services,12,3,5271.84,False,True,1
pay_abefdbaf5d4549,damaged,electronics,1011,0,25446.66,True,False,0
pay_a332587797e840,fraud,apparel,474,2,3275.38,False,False,0
pay_046a7d0373d449,not_received,apparel,1491,0,4326.77,True,False,0
pay_9887fad4ebec47,fraud,electronics,206,0,27854.28,True,False,0
pay_7860ffa8f2ae47,fraud,apparel,1071,0,2633.68,True,False,0
pay_ae1b5e023b8d43,not_received,electronics,799,2,20100.87,True,False,0
pay_73757d9dcfd046,fraud,apparel,469,0,2789.12,True,False,0
pay_7f0939fcda6f46,not_received,electronics,13,5,29665.3,False,True,0
pay_e56250337b4c48,not_received,apparel,776,0,4768.22,True,False,0
pay_878481b3f95647,not_received,electronics,226,0,29456.45,True,False,0
pay_87899af71bfa41,not_received,electronics,1437,0,28917.0,True,False,0
pay_2ac66e005d834c,not_received,electronics,1069,0,27415.42,True,False,0
pay_92fa3cfee77140,fraud,apparel,8,4,3071.81,False,False,0
pay_87c5d7d4f18e4c,not_received,electronics,1080,0,31277.36,True,False,0
pay_7c345e251a8340,not_received,apparel,1420,1,3707.08,True,False,0
pay_450e147a0d8248,fraud,apparel,248,0,4278.92,False,False,0
pay_25d94aa29b2b48,damaged,apparel,552,0,5236.78,True,False,0
pay_1f3a654722c645,not_received,apparel,607,0,2403.82,True,False,1
pay_5220d30d678d4d,damaged,electronics,54,0,33362.22,True,False,0
pay_7e5d1c509e3e44,damaged,electronics,830,0,28614.47,True,False,0
pay_9f041695b97e43,not_received,electronics,245,0,33456.93,True,False,0
pay_f3b2be17c2bc42,not_received,apparel,11,5,2771.46,False,False,0
pay_c8e521ce48294e,not_received,apparel,1302,0,3607.28,False,False,0
pay_a052b050e6e246,not_received,electronics,1482,0,29257.37,True,False,0
pay_175e37742a4649,damaged,apparel,6,3,2681.89,False,True,1
pay_7f60aadd43a847,not_received,electronics,1242,0,29369.78,True,False,0
pay_1e5f23e5f10b40,fraud,electronics,11,3,29837.87,False,False,0
pay_35e875604ad741,not_received,apparel,1196,1,4122.57,True,False,0
pay_1e38e1eb9f504d,damaged,electronics,483,0,24523.33,True,True,1
pay_4a4ece45c29b48,not_received,apparel,391,0,2854.34,False,False,0
pay_2e19dfde33d149,not_received,digital_services,5,5,5143.03,False,True,1
pay_f9c65359c1e24a,not_received,electronics,534,2,19319.81,False,False,0
pay_90b8201907fd41,fraud,apparel,1061,0,2751.79,True,False,0
pay_e3b105eaa8e943,fraud,digital_services,981,0,4465.55,False,False,0
pay_5a6b78828a1a4a,not_received,electronics,13,6,24302.72,False,False,0
pay_fa060ed7c7314b,not_received,electronics,181,0,29989.58,False,False,0
pay_bb2b3b41f1d641,not_received,electronics,1189,0,19616.78,True,False,0
pay_678a7eaf4fd14e,not_received,apparel,1312,0,3768.27,True,False,0
pay_3acfc7e27ed44c,not_received,apparel,998,0,2993.41,True,False,0
pay_02b0620656964f,fraud,apparel,1169,0,1920.73,True,False,0
pay_4f329d963eb443,fraud,apparel,984,0,3030.19,True,False,0
pay_8af09c1df60f43,fraud,apparel,144,0,2444.28,False,False,0
pay_ef8c4cbfa0e144,not_received,electronics,1419,0,26739.65,True,False,0
pay_d1b339fb382441,fraud,digital_services,360,0,2369.92,True,False,0
pay_46f94e7cdb214b,not_received,electronics,1158,2,15459.3,True,False,0
pay_4e6197ce7a5646,fraud,electronics,575,0,21310.77,False,False,0
pay_864ce8db8d734d,not_received,digital_services,177,0,3467.48,True,True,1
pay_e5e95fef42bf45,fraud,digital_services,688,0,4066.75,True,False,0
pay_605253f1773147,not_received,apparel,405,0,2512.22,True,False,0
pay_62ea074f69e943,not_received,electronics,659,0,21866.79,True,False,0
pay_0b8b86a2ce5942,fraud,digital_services,1112,0,3487.76,True,True,1
pay_d0779f02059844,damaged,apparel,1254,0,2949.02,True,False,0
pay_f41fa0afe28548,fraud,apparel,880,1,4192.12,True,False,0
pay_8855e7e28fce4d,not_received,digital_services,707,0,1441.62,False,False,0
pay_1e12bc5010044a,damaged,electronics,697,0,13355.95,True,False,0
pay_96cbb354c33643,not_received,apparel,1352,0,3013.51,True,False,0
pay_31fa57da33554e,damaged,apparel,387,1,2794.34,True,False,0
pay_e0636f8c5f964a,fraud,apparel,650,0,3220.62,True,False,0
pay_de148d4dee124c,not_received,electronics,555,0,20799.73,True,False,0
pay_355a9fe4099d47,not_received,electronics,567,0,24872.38,True,False,0
pay_e41967c88af946,fraud,apparel,12,3,3839.93,False,True,0
pay_282b4055c2994e,not_received,electronics,1,3,31038.93,False,True,1
pay_c4ae4e4bebad49,fraud,electronics,508,0,23133.34,True,False,0
pay_c4df5b97b2ec4c,not_received,electronics,1016,1,21567.88,True,False,0
pay_40117eca385f40,damaged,electronics,183,0,32757.65,True,False,0
pay_18d58383975c45,fraud,electronics,223,0,30159.92,True,False,0
pay_a719d2da75ee44,fraud,electronics,93,0,25689.12,False,False,0
pay_888159725ecc40,not_received,digital_services,9,4,2317.88,False,False,0
pay_1b05a98942db4e,not_received,electronics,134,0,32099.09,True,False,0
pay_387b6eafd66e4f,not_received,apparel,1285,0,3248.75,True,False,0
pay_029952a0657148,not_received,apparel,723,1,3642.71,True,False,1
pay_9d698b997be243,fraud,apparel,1473,0,2653.35,False,False,0
pay_46f311100f9e40,not_received,electronics,1241,0,17462.18,True,True,1
pay_417a8f69139a4c,damaged,digital_services,672,0,3479.89,True,False,0
pay_94795a0fdc4246,not_received,apparel,982,1,1013.25,True,False,0
pay_f53ea765febb4d,not_received,electronics,7,4,22932.47,False,True,0
pay_2590c4b133e440,fraud,apparel,1153,0,4740.5,True,False,0
pay_7b1b9e84e5804f,fraud,electronics,952,0,21558.65,False,False,0
pay_33b5b9d52daf46,fraud,electronics,1425,1,23083.5,True,False,0
pay_078164d168084c,not_received,apparel,9,5,1992.74,False,True,0
pay_db7aceb38bb44b,damaged,electronics,1021,0,25008.01,True,False,0
pay_349a3733c8674c,not_received,apparel,6,5,3636.52,False,True,1
pay_4d0308d0282747,fraud,digital_services,103,0,2234.9,True,False,0
pay_f3268554444b45,fraud,electronics,2,6,26326.42,False,True,1
pay_36b5b5de981b4c,fraud,electronics,1120,0,21828.09,True,False,0
pay_17a617fd93da41,not_received,apparel,1136,0,4424.49,True,False,0
pay_a9b1e3f76b464b,not_received,apparel,10,4,3600.59,False,True,1
pay_8572aa9b67ef43,fraud,apparel,775,0,3819.75,True,False,0
pay_43ba59b5f4a94e,not_received,digital_services,1156,1,1427.36,True,False,0
pay_5dc47e1dae8646,fraud,digital_services,1439,0,3912.35,True,False,0
pay_ea35c09be15d46,fraud,apparel,755,0,2205.56,True,True,1
pay_0b8f04b7b96c41,fraud,electronics,13,6,24159.42,True,True,1
pay_10040751e67042,fraud,apparel,1214,1,1093.81,True,True,1
pay_a732f80941ef4f,fraud,apparel,1081,0,2967.51,False,False,0
pay_151db40eb48a44,fraud,apparel,9,5,3650.26,False,True,0
pay_b6dfc199ff1d41,not_received,electronics,416,0,15901.88,True,False,0
pay_e691bfe39daa4c,not_received,apparel,210,0,2498.18,True,False,0
pay_814c6092c26c44,not_received,apparel,1223,0,3908.67,True,False,0
pay_f57556132af84e,damaged,electronics,863,2,32855.2,True,False,0
pay_ee4ee33caca94b,fraud,digital_services,1309,0,2607.9,True,False,0
pay_7e1a2a152e164f,damaged,digital_services,634,0,5240.92,True,False,0
pay_edd356a04bc146,fraud,apparel,828,0,4312.78,True,False,0
pay_f8b561f6cfa24f,not_received,apparel,343,0,5415.52,True,False,0
pay_760b388bf00348,not_received,electronics,1324,1,27058.53,True,False,0
pay_51bcfd4e58fe48,fraud,apparel,11,2,2896.52,False,True,0
pay_32666e71af2945,damaged,apparel,136,0,4243.17,True,False,0
pay_7fbdbb45e5bf46,fraud,apparel,533,0,1360.01,True,False,0
pay_7fd4c3edbed743,fraud,electronics,785,0,24939.17,False,False,0
pay_97bfe1c36a6247,fraud,apparel,127,0,4491.87,True,False,0
pay_756ed6ad388d41,fraud,digital_services,12,5,2822.79,False,False,0
pay_7760a6367bf443,fraud,electronics,1351,0,24803.15,True,False,0
pay_2f6551c35c8240,fraud,electronics,133,0,21703.52,True,False,0
pay_e3981b91e0a242,fraud,apparel,214,0,2848.39,False,False,0
pay_c20a65b7d5f84e,damaged,apparel,555,0,2272.0,False,False,0
pay_d8726bf5e68849,fraud,electronics,113,0,29527.67,True,False,0
pay_51f874e7e5c74d,fraud,digital_services,128,0,2171.4,True,False,0
pay_cd5cf78873a546,not_received,electronics,5,2,25121.6,False,True,0
pay_66a3bbed401243,damaged,digital_services,557,0,3440.83,True,False,0
pay_c969e5b1433d48,fraud,electronics,237,1,26068.83,True,False,0
pay_4f985f9b636146,fraud,electronics,7,2,29700.18,False,True,1
pay_a4639603bf7649,damaged,digital_services,1424,0,3114.59,True,False,0
pay_a10d8f1eaa9d44,fraud,digital_services,1101,0,2089.94,True,False,0
pay_2ee341ca9bf648,not_received,digital_services,13,3,3237.08,False,True,1
pay_8c64f61722594d,fraud,electronics,290,0,26900.67,True,False,0
pay_887808cc93d74e,damaged,apparel,262,0,3120.84,True,False,0
pay_ca1326f9712b4c,damaged,electronics,761,2,29463.27,False,False,0
pay_667a39e7e48040,damaged,electronics,4,5,21266.56,False,True,1
pay_17eef56f580646,fraud,electronics,650,0,28273.4,False,False,0
pay_ddcf534fc64c44,not_received,electronics,7,4,33205.01,False,True,1
pay_d736edc4dee14f,fraud,digital_services,1150,0,3097.0,True,False,0
pay_c1f8a37db82346,damaged,electronics,1458,0,25972.83,True,False,0
pay_baf890b621464e,damaged,apparel,968,0,3173.75,True,False,0
pay_e0c6fb67966d42,not_received,apparel,1093,0,1946.59,True,False,0
pay_c59ea0ba904c4a,not_received,electronics,276,0,30936.47,True,False,0
pay_cc6768d2e7bc4c,fraud,digital_services,1276,0,2388.05,True,False,0
pay_c7e89fea3eca48,not_received,electronics,54,0,22532.88,True,False,0
pay_ed617e2dc0c14f,not_received,digital_services,1236,0,2459.74,True,False,0
pay_36fc760119214f,fraud,digital_services,1137,0,1893.79,True,False,0
pay_da0eca82b22e48,fraud,digital_services,924,0,1821.96,True,False,0
pay_59fb8472946047,fraud,apparel,201,0,3500.42,True,False,1
pay_91d591a550ff46,damaged,electronics,948,0,20921.2,True,False,0
pay_00b3b38af83f45,damaged,electronics,173,0,22464.66,True,False,0
pay_17b0f30408a04f,damaged,apparel,224,0,3325.16,True,False,0
pay_cef38ae32ba245,not_received,electronics,1038,0,20845.91,True,False,0
pay_b574109c0ab44b,not_received,digital_services,1016,0,3541.24,True,False,0
pay_210bac9166214d,fraud,apparel,168,0,4776.43,False,False,0
pay_0abc901ae84c4e,damaged,electronics,1291,0,29094.22,True,False,0
pay_5ec4cd8fb7e742,not_received,electronics,1134,0,20597.1,True,False,0
pay_20e7d8704eda47,not_received,electronics,541,0,26992.44,True,False,0
pay_770c2e122be646,not_received,apparel,999,0,2313.21,True,False,0
pay_12f82d12fef845,damaged,electronics,261,0,24842.61,True,False,0
pay_6d7fa173f98a4b,fraud,apparel,439,0,3713.94,True,False,0
pay_597107dab40542,fraud,apparel,1105,0,3631.66,True,True,1
pay_59b88db19e8f42,not_received,electronics,381,0,27300.65,True,False,0
pay_f5c1942d33d94b,damaged,apparel,876,0,3760.92,True,False,0
pay_5bed684a1a9d4d,not_received,apparel,11,6,1679.02,False,True,1
pay_14b33ba6891a4b,not_received,apparel,1116,0,3115.07,True,False,0
pay_727b636caa5942,fraud,digital_services,1242,0,4206.74,True,False,0
pay_55dbcf143b0d48,not_received,electronics,627,0,29016.06,True,False,0
pay_b7e9e2a386ae49,not_received,apparel,120,0,2924.89,True,True,0
pay_47eb652b8a334c,not_received,digital_services,1008,0,2607.06,True,False,0
pay_1c75cc72bc1f46,fraud,electronics,805,1,25339.04,False,False,0
pay_b7423333289047,damaged,apparel,1415,0,3602.24,True,False,0
pay_5bbaeffdab114d,not_received,apparel,668,0,4570.1,True,False,0
pay_4fac9f18c04c44,not_received,apparel,669,0,2423.93,True,False,0
pay_bd1a7dce5dbb4d,fraud,electronics,1336,0,29783.34,True,False,0
pay_17d9f10d8af642,fraud,apparel,962,0,5016.82,True,False,0
pay_a211f66221284b,damaged,electronics,1210,1,19520.06,True,False,0
pay_c3d14821edd640,fraud,apparel,832,1,1469.82,False,False,0
pay_63829e8f458149,not_received,apparel,390,0,3449.5,True,False,0
pay_8a6f466b71bf4c,not_received,apparel,461,0,4842.46,True,False,0
pay_e913cf8c4ee84c,not_received,apparel,351,0,4001.2,True,False,0
pay_caad7e5a42b647,fraud,electronics,1420,0,38932.96,False,False,0
pay_1cab833f4e4045,fraud,electronics,1197,0,19202.04,True,False,0
pay_3a317b80985748,damaged,electronics,1179,0,28510.04,True,False,0
pay_55978153cff04c,not_received,electronics,576,1,26702.21,True,True,1
pay_4c4bd648fa8149,fraud,apparel,226,0,4018.4,True,True,1
pay_3678614aa9684a,fraud,apparel,1256,0,3612.85,True,False,0
pay_aecc83abad7943,damaged,electronics,7,6,15277.31,False,True,1
pay_b44c98a3c28b49,fraud,digital_services,3,4,5065.38,False,True,1
pay_aba75ed9b26f46,not_received,apparel,741,0,3988.64,True,False,0
pay_385d4ce830244c,not_received,electronics,986,0,20313.78,False,False,0
pay_2bbc1b1fa73e45,damaged,electronics,9,2,22101.33,False,False,0
pay_3840d3e45f4247,not_received,apparel,608,0,3589.72,True,False,0
pay_3408dec9badf44,not_received,electronics,1145,0,27472.5,False,False,0
pay_1065d43387fc40,fraud,digital_services,1494,0,1469.97,True,False,0
pay_8d0b12a4b71a42,damaged,apparel,35,0,2711.78,True,False,0
pay_1cfe25b82a6348,not_received,digital_services,1313,0,2512.12,True,False,0
pay_4d335d19a94243,damaged,electronics,401,0,28713.66,True,False,0
pay_2aa1bb3c492342,not_received,apparel,2,4,2121.39,False,True,0
pay_60827578c1694f,not_received,digital_services,517,0,2570.93,True,False,0
pay_320181da1cf04e,fraud,electronics,12,2,30651.68,False,True,0
pay_0d13ffdb48a146,not_received,electronics,1222,0,18815.44,False,False,0
pay_d6973b23b0854e,fraud,apparel,1,6,2712.34,False,True,0
pay_971a48af00cb47,fraud,digital_services,1128,0,2635.44,True,False,0
pay_4f03a62613224b,fraud,apparel,828,0,1673.59,True,False,0
pay_d6e84aea449b40,fraud,apparel,936,0,3751.34,True,False,0
pay_30d95a481e244a,fraud,apparel,93,0,3114.93,True,False,0
pay_e12aecc7f9bf44,fraud,electronics,1243,0,24352.44,True,False,0
pay_fbefab3b31464e,damaged,apparel,1,3,2354.83,True,True,1
pay_d22375e6ad8949,fraud,electronics,411,2,26123.33,True,False,0
pay_47b341d1c4e94c,not_received,electronics,1065,0,24504.94,True,False,0
pay_97c18c0e667645,fraud,digital_services,624,0,3634.74,False,False,0
pay_f66cd601b2c54b,not_received,apparel,1280,0,1770.21,False,False,0
pay_1e1ed5582fc84f,not_received,digital_services,5,3,3424.85,False,True,1
pay_857fad78c9e048,damaged,electronics,13,6,18571.22,False,False,0
pay_cdee71bbe80d4d,damaged,electronics,991,0,23353.6,True,False,0
pay_1c649c3a00dc48,not_received,digital_services,1073,0,1918.1,True,False,0
pay_4f81290e51784c,not_received,electronics,1174,0,32536.24,True,False,0
pay_81018265e70d4c,fraud,electronics,551,0,31217.33,True,False,0
pay_def6b9b509694f,not_received,apparel,900,0,2894.94,False,False,0
pay_2042e74c042647,fraud,electronics,5,4,20258.98,False,True,0
pay_695de0c409b442,fraud,digital_services,549,0,1411.17,True,False,0
pay_669b9ff146ad4d,fraud,apparel,447,1,2597.37,True,False,0
pay_5c3b19d9d7774e,not_received,digital_services,78,0,4033.3,True,False,0
pay_75c68889a3c743,not_received,digital_services,1009,0,2546.68,False,False,0
pay_ef565c6f3d9540,not_received,electronics,1167,2,23262.82,True,True,1
pay_3c7752f54f684d,not_received,apparel,779,1,4708.85,True,False,0
pay_15d1bb1e266844,fraud,electronics,1220,1,31557.91,True,True,1
pay_a87ebb22f26d4e,not_received,electronics,1048,0,18191.53,True,False,0
pay_5e47bdfc574b4b,damaged,digital_services,984,0,4262.81,True,True,1
pay_679cc052755d4b,damaged,electronics,608,0,28177.6,True,False,0
pay_7f8ad97ef97548,not_received,electronics,575,0,24647.18,False,False,0
pay_ab6f6452018047,not_received,electronics,431,0,20859.11,True,False,0
pay_7e4b08f744b64c,not_received,electronics,691,0,18360.13,True,False,0
pay_5678fee0bf464a,fraud,apparel,10,5,2760.7,False,True,0
pay_11497e0b6e414c,fraud,apparel,1320,0,3669.61,True,False,0
pay_eff2cac4f3f540,fraud,apparel,735,0,4311.71,True,False,0
pay_91e8ee97c50e42,fraud,digital_services,729,0,3389.09,True,False,0
pay_e0874beed2e146,not_received,electronics,9,5,32676.39,False,True,0
pay_70cfa66bb4804e,damaged,electronics,1044,0,20204.83,True,False,0
pay_78dfeb4d94d940,not_received,electronics,100,0,25855.57,True,True,1
pay_fce08250b1104d,not_received,apparel,12,4,1245.97,False,True,1
pay_25deb249475d4e,not_received,apparel,1397,0,1936.06,True,False,0
pay_83d02de048a542,fraud,digital_services,13,2,3824.55,False,True,1
pay_1a8845dbf09441,fraud,apparel,494,2,1822.22,True,False,0
pay_25d300ca586e48,not_received,electronics,1085,0,25813.98,True,True,1
pay_5b09fca6c6a846,not_received,electronics,5,2,17639.12,False,True,0
pay_e2a1de2f5d474e,damaged,apparel,1289,0,1905.94,True,False,0
pay_3959db2badd14b,fraud,apparel,336,0,3332.03,True,False,0
pay_07d97b05427640,damaged,electronics,972,0,26469.49,False,False,0
pay_2521c42f1bab44,fraud,apparel,1006,1,4993.07,True,False,0
pay_4ab5083a0e864b,not_received,digital_services,702,0,2143.12,True,False,0
pay_1cdb4b8656af44,not_received,apparel,1013,0,2970.73,True,False,0
pay_2cb18e19b0e94c,fraud,apparel,1,5,2417.21,False,True,1
pay_d7817391b60341,fraud,apparel,1172,0,3882.96,True,False,0
pay_56c6cb28978546,fraud,electronics,1091,0,21747.85,True,False,0
pay_ed24761c555541,fraud,electronics,782,0,29235.64,True,False,0
pay_2458a8705e6b4e,not_received,electronics,193,0,25105.9,True,False,0
pay_43b3bf2143cb46,fraud,electronics,1491,0,20830.13,False,False,0
pay_35184f31c39448,not_received,digital_services,365,0,2822.74,True,False,0
pay_b8a4f8f4bd8848,fraud,electronics,1078,0,36161.04,True,False,0
pay_8144b19c774d4d,not_received,apparel,952,0,1725.15,False,False,0
pay_60fa674934d147,not_received,apparel,1027,0,3479.62,True,False,0
pay_9f9e49f8404a4d,not_received,apparel,616,0,2692.82,True,False,0
pay_0d4e6996fb5e45,not_received,apparel,58,0,6448.16,False,False,0
pay_1ac3c60eece341,fraud,apparel,891,0,3273.09,True,False,0
pay_15d3a3645f604d,damaged,apparel,4,2,2232.14,False,True,1
pay_5a68527bd1b74c,fraud,digital_services,1,3,3104.71,False,True,1
pay_6817339c06ac45,fraud,electronics,2,2,32155.81,False,True,0
pay_0f95789e9ab44e,fraud,electronics,868,0,30618.21,True,True,1
pay_c0d49b07549b48,not_received,apparel,9,6,2938.22,False,True,1
pay_4e726c17a7e644,not_received,electronics,1465,2,22922.71,False,False,0
pay_2af4496fa3cc47,not_received,apparel,432,0,3765.92,False,False,0
pay_5ebc7d9e570145,not_received,digital_services,1324,0,2361.83,False,False,0
pay_d8635b59dc9748,fraud,apparel,1311,0,3241.6,True,False,0
pay_91551d50876048,damaged,digital_services,1127,0,3576.12,True,False,0
pay_639e1384efd444,not_received,electronics,803,0,16120.84,True,True,1
pay_b04f8b9db1794c,not_received,electronics,50,0,23652.2,True,False,0
pay_b879d94ba0c947,not_received,apparel,6,5,4858.62,False,True,0
pay_2d9176c76af144,fraud,digital_services,942,0,2109.69,True,False,0
pay_ea95e266f1ff48,fraud,apparel,348,0,3781.73,True,False,0
pay_4f32c6584da143,not_received,digital_services,639,0,2350.9,True,False,0
pay_1ae245d338c74f,fraud,digital_services,12,5,3808.82,False,True,0
pay_ff6cbcd9692f49,fraud,apparel,350,0,3031.05,True,True,1
pay_f4e4c144208846,damaged,electronics,687,0,21014.88,True,False,0
pay_7b7272b6bb0c4d,not_received,apparel,832,0,2972.63,True,True,1
pay_5ff053b8368c43,not_received,digital_services,1416,0,3060.78,True,False,0
pay_cb90b807c7794e,not_received,electronics,606,1,34411.1,True,False,0
pay_e9166ac9f83749,damaged,apparel,9,2,3771.65,False,True,1
pay_75193986d52649,fraud,apparel,239,0,3476.08,True,False,0
pay_b6ec56a0dbb144,damaged,electronics,1068,0,27449.31,True,False,0
pay_c3c50a0834c240,not_received,apparel,408,0,2026.01,False,False,0
pay_6e5ab0de9b4a47,fraud,electronics,427,0,22840.32,True,False,0
pay_fca75c77ec054f,fraud,digital_services,8,3,2576.77,False,True,0
pay_799edf26d80e49,not_received,apparel,1326,0,2562.79,True,False,0
pay_bcd61892461241,not_received,digital_services,1017,1,3502.27,True,False,0
pay_1ae49b3fa56e40,fraud,electronics,1168,0,27965.36,True,False,0
pay_90989bfef0bd4e,not_received,electronics,301,0,28305.27,True,False,0
pay_34de02d72f7440,not_received,digital_services,314,0,2479.01,False,False,0
pay_917394fef77e43,not_received,electronics,1,3,25324.42,False,True,1
pay_9bced0da800247,damaged,electronics,10,5,24973.05,False,True,1
pay_1770ebedcce14f,damaged,electronics,9,6,27676.99,False,True,1
pay_ead3aa6e615840,not_received,apparel,995,0,2861.48,True,True,1
pay_c8bf84f390fc45,damaged,electronics,9,2,17496.09,False,False,0
pay_c264c8fd4a0643,fraud,apparel,1436,0,2531.88,True,False,0
pay_1ddfb82b60f44d,fraud,apparel,869,0,4041.04,True,False,0
pay_dec9d5cf233640,fraud,apparel,6,6,2563.23,True,True,1
pay_a1c5b8e25d7e47,not_received,digital_services,4,6,2786.96,False,True,1
pay_7e7b91932dc44d,not_received,electronics,340,0,25724.99,True,False,0
pay_2d69590888ea43,not_received,apparel,11,6,2301.77,True,True,1
pay_b0fbb11a6e5846,fraud,electronics,423,0,23629.23,True,False,0
pay_73dfad76e82542,fraud,digital_services,814,0,4155.36,True,False,0
pay_ca5c510a84be47,damaged,digital_services,1326,0,1928.74,True,False,0
pay_180b313fda894b,damaged,electronics,1411,2,23860.7,True,False,0
pay_271262993e2640,not_received,electronics,840,0,29301.15,True,False,0
pay_f556d1d0879840,not_received,electronics,1205,0,26074.27,True,False,0
pay_c1af33df52374a,not_received,digital_services,479,0,3059.06,True,False,0
pay_aeaf48c6f73841,fraud,apparel,319,0,1744.32,True,False,0
pay_77396ead4b884f,not_received,digital_services,1277,0,1588.01,True,False,0
pay_0483fbbb0ff24b,not_received,electronics,117,0,22835.99,True,False,0
pay_fea914c84eb94d,not_received,apparel,1294,0,2145.87,True,False,0
pay_ed18bfe4fbbb42,fraud,apparel,1275,0,2808.12,False,False,0
pay_fd65077543f04b,damaged,digital_services,491,0,2674.53,True,True,1
pay_3b763760b5664e,damaged,electronics,343,0,19596.02,True,False,0
pay_0323459b61d647,fraud,electronics,1177,0,26696.24,True,True,1
pay_787f38ea6fde4c,not_received,digital_services,411,0,2704.98,True,False,0
pay_9ee5527695324a,damaged,electronics,1309,0,18680.2,True,False,0
pay_f1ba6b53926d48,fraud,apparel,1309,0,3707.81,True,False,0
pay_f31c77ce8f894c,not_received,apparel,1146,0,3019.21,True,False,0
pay_24c4637f3d1042,not_received,electronics,527,0,23550.91,True,False,0
pay_d49edb354bc340,not_received,electronics,9,6,21383.88,False,False,0
pay_66502057207345,damaged,apparel,813,0,3132.67,True,False,0
pay_90b80b7943484d,fraud,electronics,229,0,23462.04,True,False,0
pay_a87aa1ebce1448,fraud,electronics,671,0,23051.68,True,False,0
pay_5c930580e5f249,fraud,apparel,1269,0,5105.93,True,False,0
pay_16fd793d942546,fraud,digital_services,33,2,4240.79,True,False,0
pay_0a61dd3e10ef41,not_received,apparel,551,0,2417.22,True,False,0
pay_b32a6b0756db47,not_received,digital_services,7,3,2786.53,False,True,0
pay_9bd16e278cdc44,fraud,digital_services,12,2,4766.49,False,True,0
pay_45fe29219c294b,not_received,digital_services,949,0,2562.53,True,False,0
pay_2a8fec707aba41,not_received,digital_services,1127,0,3673.01,False,False,0
pay_7381bce31fbb4f,fraud,apparel,508,1,1609.73,True,False,0
pay_0758577a8d944c,not_received,apparel,12,3,2990.4,False,True,0
pay_6a5da3c3967a45,not_received,apparel,8,4,2393.96,False,False,0
pay_0b3b8ab04c1540,not_received,digital_services,633,0,3684.5,True,False,0
pay_9d6b49e4643849,fraud,apparel,498,0,2697.15,False,False,0
pay_dca015bb2eaa46,not_received,apparel,4,6,1175.11,False,False,0
pay_d27dd535b3f24a,damaged,electronics,4,6,31244.2,False,True,1
pay_e0070faaced641,not_received,digital_services,1251,0,1407.27,True,False,0
pay_f5586b1863824d,fraud,apparel,832,0,3097.96,True,False,0
pay_bbf20994bda340,not_received,electronics,1453,2,31714.08,False,False,0
pay_74b12bc1d5b448,fraud,apparel,695,0,3362.23,True,False,0
pay_95e56b0a78d348,not_received,electronics,353,1,30648.66,False,True,0
pay_58c97644161a44,fraud,electronics,986,0,21678.66,True,False,0
pay_089f99eefe9e4f,fraud,electronics,1191,0,28475.45,True,False,0
pay_dc435003d6b242,not_received,electronics,390,0,21663.49,True,False,0
pay_3517235e37aa43,fraud,electronics,951,0,15557.62,True,False,0
pay_c19bba82e84648,not_received,apparel,7,4,3112.6,False,False,0
pay_b96a59c418f142,fraud,digital_services,328,0,1252.45,True,False,0
pay_029e6df9402442,fraud,apparel,146,0,2233.41,True,False,0
pay_480c5774902344,damaged,apparel,911,0,4227.68,False,False,0
pay_6dc4651a95aa43,damaged,digital_services,685,0,1978.76,True,False,0
pay_15496122768a4c,fraud,electronics,1176,1,25973.9,True,False,0
pay_3175af0b7cd84f,not_received,apparel,947,2,2186.36,True,False,0
pay_7a15df5559a146,fraud,electronics,996,0,21659.98,True,False,0
pay_6d4f65f5bd974d,not_received,apparel,509,1,4417.11,True,False,0
pay_826983a7cf6a4b,not_received,electronics,632,2,21048.94,False,False,0
pay_bca4a27a441d49,fraud,digital_services,1391,0,3222.69,True,False,0
pay_d4b3889e259b4a,not_received,electronics,1299,0,25349.37,True,False,0
pay_00352e07cf0843,fraud,apparel,332,2,4025.61,True,False,0
pay_29cd97f3e4d24d,fraud,electronics,1429,1,29332.78,False,False,0
pay_76a126097b284c,not_received,apparel,388,0,3960.77,True,False,0
pay_62c3a785d8c34d,not_received,apparel,785,0,3983.54,True,False,0
pay_52aa5cdbf2444e,not_received,electronics,378,0,20729.15,True,False,0
pay_ce5503c3aec946,not_received,electronics,157,0,13522.56,False,False,0
pay_329b1ed395e049,not_received,electronics,481,0,32486.71,True,False,0
pay_f1c8dbefe39f4d,not_received,apparel,907,0,2249.64,False,False,0
pay_751469306e994c,fraud,electronics,8,2,25421.66,False,True,0
pay_4f17be94efb749,not_received,apparel,271,0,3306.29,True,False,1
pay_cab3957803834a,not_received,apparel,694,0,3455.56,True,False,0
pay_2c207f07920644,not_received,electronics,407,0,17419.22,True,False,0
pay_6cd292bf173f4a,not_received,electronics,1112,0,14049.58,False,False,0
pay_1c00f323f19f4f,fraud,digital_services,771,1,4168.37,True,False,0
pay_0c3e3b2aa2884e,not_received,apparel,66,0,3863.63,True,False,0
pay_43d9ca68837f4f,fraud,electronics,7,5,20868.54,False,True,0
pay_e3ebb6f3c48f4b,not_received,apparel,137,0,1437.14,True,False,0
pay_d92b769823b84a,not_received,digital_services,140,1,2185.33,True,False,0
pay_ef85b623f4a54a,damaged,electronics,553,0,25672.68,True,False,0
pay_7434ed409f8e41,not_received,apparel,430,0,3170.76,True,False,0
pay_844a4e8cd33a47,damaged,electronics,520,0,31459.35,True,False,0
pay_e8ddd9f5ca114e,not_received,electronics,1029,0,28885.91,True,False,0
pay_1c953928dc4848,damaged,electronics,829,1,22592.91,True,False,0
pay_5296a35c1fb042,not_received,apparel,268,1,3254.63,True,False,0
pay_192b544fc7f040,damaged,apparel,501,0,2050.25,True,False,0
pay_083c00f0dd9944,fraud,apparel,190,0,1261.64,True,False,0
pay_53b2f226038641,fraud,electronics,1449,0,21671.74,True,False,0
pay_6542513e214546,not_received,apparel,191,0,2448.87,False,False,0
pay_5151471427474b,damaged,electronics,1248,1,26172.88,True,True,1
pay_10899f1235114f,not_received,apparel,442,1,3656.6,True,False,0
pay_79d0165c383147,fraud,electronics,1186,0,23022.75,True,False,0
pay_6a3da80e24a641,not_received,digital_services,562,0,3498.32,False,False,0
pay_38f16a00657143,not_received,electronics,1112,0,21630.01,True,False,0
pay_85ca20e117844e,fraud,apparel,1023,0,2857.97,False,False,0
pay_52cf40f097f143,not_received,apparel,10,3,4175.8,False,True,0
pay_e30d3aa4f0344d,damaged,apparel,817,0,3225.61,True,False,0
pay_387abd18b95d4e,damaged,digital_services,72,0,4074.57,True,False,0
pay_810d685d3f2448,fraud,electronics,261,0,28157.31,False,False,0
pay_544f4109bcfe4d,fraud,apparel,11,6,3601.24,False,True,1
pay_0c6d870d0f2041,fraud,electronics,799,0,27804.92,False,False,0
pay_e8c91b20f38443,fraud,electronics,988,0,29876.23,True,False,0
pay_a2ad3f7aa38e40,fraud,digital_services,1220,0,3164.96,True,False,0
pay_e238bde50a3348,not_received,electronics,223,0,28553.27,True,False,0
pay_4628bc019a4244,fraud,electronics,1026,0,25077.11,False,False,0
pay_e7c5791cc23c45,damaged,electronics,544,1,19862.06,True,False,0
pay_1c10ccd7ccdf4b,damaged,apparel,745,0,3368.65,True,False,0
pay_bfc9a9c10d5249,fraud,digital_services,640,0,1792.84,True,False,0
pay_ee75c8770b354e,damaged,electronics,1426,2,14351.8,False,False,0
pay_e513f73a92ad4c,not_received,apparel,681,0,3072.1,True,False,0
pay_2321573f6f6543,not_received,apparel,1283,0,3439.32,True,False,0
pay_6c5bc23cea394a,fraud,electronics,1392,0,14484.5,True,False,0
pay_fb1f8b59ac0e4d,not_received,apparel,392,0,3271.12,True,False,0
pay_7a619944a3094e,fraud,apparel,657,0,1078.66,True,False,0
pay_06a1ba85ae0048,not_received,electronics,964,1,28492.24,True,False,0
pay_e563f5394d9349,fraud,digital_services,881,1,5033.64,False,False,0
pay_6e944c6f98e84b,not_received,electronics,975,0,24081.42,True,False,0
pay_edb3ce6314b14b,fraud,electronics,651,0,19548.26,True,False,0
pay_dd179ff487aa4e,fraud,digital_services,985,0,2969.09,False,True,0
pay_1dd406f476e44a,not_received,apparel,449,0,4006.4,True,False,0
pay_7d780b2639fd4e,not_received,digital_services,12,5,2320.54,False,True,0
pay_95de76aacede4d,not_received,apparel,501,0,4652.14,False,False,0
pay_16179efbc3d046,fraud,apparel,599,0,1825.59,True,False,0
pay_d087ad8609424d,damaged,apparel,9,4,3011.8,False,True,1
pay_07cf0cd8913f4d,not_received,electronics,409,0,18678.29,True,False,0
pay_63a4060ea82d40,fraud,apparel,128,0,3569.17,True,False,0
pay_df4ba957f53142,not_received,apparel,13,4,3883.9,False,False,0
pay_9a8179712bbf4e,not_received,digital_services,348,0,3982.73,True,False,1
pay_8ac99ff502204f,fraud,apparel,2,2,2895.08,True,True,1
pay_a6c855161c4f4d,not_received,electronics,8,6,25823.82,False,True,1
pay_0cb7121dbda142,damaged,apparel,549,2,2872.62,True,True,1
pay_3882bcfdf0334d,not_received,electronics,1355,0,27410.25,True,False,0
pay_96eeea1563654e,fraud,apparel,1455,0,3761.46,True,False,0
pay_73e89fbea8a240,damaged,apparel,3,4,6128.44,False,True,1
pay_5495481d83074c,fraud,electronics,13,5,26420.47,False,True,1
pay_b53287ae1b344d,damaged,digital_services,1090,0,4153.77,True,False,0
pay_82eebcc820d243,fraud,digital_services,605,0,2673.66,False,False,0
pay_2aebf6a5c5ba4c,not_received,digital_services,8,6,2802.12,True,True,1
pay_51cd0ca0cc4d4c,not_received,electronics,247,0,22950.12,True,False,0
pay_fc24771af9bd4e,fraud,apparel,1135,2,3242.42,True,False,0
pay_646a843161b54b,not_received,digital_services,720,0,5696.01,True,False,0
pay_35b7f937d1584f,not_received,apparel,1344,0,2500.52,True,False,0
pay_b6342dbf958440,fraud,electronics,49,0,26311.46,True,False,0
pay_6c87651d1a0240,not_received,digital_services,152,0,798.67,True,False,0
pay_a23d2e1267cc40,not_received,digital_services,1,5,3072.44,True,True,1
pay_7e28f1e53f0744,fraud,apparel,604,0,2725.32,True,False,0
pay_14f17750630f49,damaged,electronics,383,0,22377.22,True,False,0
pay_6e88611e3bba4e,damaged,electronics,810,0,27860.08,True,False,0
pay_55b72dd2a1b24a,fraud,apparel,1380,0,2263.43,True,False,0
pay_006c4ced45d342,not_received,apparel,382,0,2806.15,True,False,0
pay_c8fc36aafca148,fraud,apparel,115,0,3918.76,False,False,0
pay_944ca4abf0ba46,not_received,electronics,184,0,17410.72,False,False,0
pay_b1e12eb44fce47,damaged,electronics,892,0,31797.04,True,False,0
pay_76d8ed9e2bab4b,fraud,electronics,7,2,28468.24,False,False,0
pay_c8895e1dbd4046,damaged,electronics,995,0,26829.73,True,False,0
pay_82aba30bd9ae4c,not_received,apparel,1029,0,2482.21,True,False,0
pay_dab250d0f51742,fraud,electronics,856,0,32145.83,True,False,0
pay_32a1bc03ecdf48,damaged,apparel,1466,0,2574.18,True,False,0
pay_764a408f44aa4c,not_received,apparel,832,0,2643.11,True,False,0
pay_aa0c67b2316f4c,not_received,electronics,1405,0,19846.88,True,True,1
pay_5431b3c109a844,not_received,digital_services,523,0,4254.86,True,False,0
pay_6570b6be2c2d4a,fraud,apparel,1236,0,2781.37,False,False,0
pay_4f4cd846b82044,fraud,apparel,1378,0,4451.7,True,False,0
pay_4f84ba8833274b,damaged,digital_services,199,0,4011.44,True,False,0
pay_19ba946cda0148,not_received,electronics,1348,0,21337.72,True,False,0
pay_a5dced4c56b145,damaged,apparel,400,0,4220.49,True,False,0
pay_8ef9aad6ab8a4a,fraud,electronics,236,2,26708.64,True,True,1
pay_2d047b9ad7a24b,not_received,apparel,1247,0,3072.64,False,False,0
pay_749056a8123241,damaged,apparel,1084,0,4441.58,True,False,0
pay_6b3b526646e048,fraud,apparel,1022,0,1354.39,True,False,0
pay_811621264e4f4d,fraud,electronics,683,0,27642.9,True,False,0
pay_c1fea756563542,not_received,electronics,251,0,14501.86,True,False,0
pay_4d5ca662dc1148,fraud,apparel,1151,0,3508.92,True,False,0
pay_eaf69c53192d46,fraud,electronics,268,0,26769.14,False,False,0
pay_584fb460355d41,damaged,apparel,462,2,2880.54,True,False,0
pay_b15a3a6bc18c43,damaged,apparel,1082,0,2123.15,False,False,0
pay_ec496d6bef9e48,not_received,electronics,7,3,15743.62,False,False,0
pay_ad650d9f120241,not_received,electronics,874,0,19721.73,True,False,0
pay_5be6ecb01b6445,damaged,electronics,2,3,38169.94,False,True,1
pay_f3f62b80c8934a,not_received,apparel,1142,0,4036.7,True,False,0
pay_d96cf13292f141,fraud,digital_services,1497,1,2698.07,True,False,1
pay_fd3d1b3944414c,fraud,electronics,6,2,27279.01,False,False,0
pay_237b3ed86a5143,fraud,digital_services,1470,1,3376.63,True,False,0
pay_46b8048e62724d,fraud,digital_services,32,0,3617.37,True,False,0
pay_5069fa1303dc4e,fraud,electronics,42,2,22652.73,True,True,1
pay_f4459ea172614f,fraud,digital_services,771,0,3830.97,False,False,0
pay_812f6fa153f842,fraud,apparel,1258,0,3185.94,True,True,1
pay_ac6a7ff3cbde49,fraud,digital_services,2,4,2827.25,False,True,0
pay_3138dd7ea29e4b,not_received,apparel,191,0,2816.99,True,False,0
pay_4daac4df646948,fraud,electronics,9,5,21695.7,False,True,0
pay_9161e063e13a4c,not_received,digital_services,318,0,4602.02,True,False,0
pay_518aedbe0fff49,fraud,electronics,13,5,26351.6,False,False,0
pay_965f099f5ae846,damaged,digital_services,1396,0,2083.87,True,False,0
pay_e4ef14c7c27b40,damaged,electronics,965,0,21819.79,True,False,0
pay_a0578cfbc42d41,not_received,apparel,242,0,2481.49,False,False,0
pay_3e189dd418ab4c,not_received,apparel,4,3,4552.45,False,False,0
pay_5ea3992e3bb341,damaged,digital_services,1227,0,2882.08,True,False,0
pay_b1eb4b1e9a5a48,fraud,electronics,488,0,31937.31,True,False,0
pay_3aafb5a3940d45,damaged,apparel,494,0,1663.26,True,False,0
pay_43a15e1d050f46,not_received,apparel,9,4,1538.79,False,True,0
pay_7b9551c0aee444,not_received,digital_services,583,0,3441.16,True,False,0
pay_157fa84077e043,fraud,electronics,158,2,15844.74,True,False,0
pay_4330f816ca4246,not_received,electronics,2,4,22082.24,False,True,1
pay_49ff770f2eba49,not_received,apparel,964,2,2700.14,True,False,0
pay_7ea1962f71014a,not_received,electronics,751,1,20268.13,True,False,0
pay_160ed431fa984c,not_received,digital_services,518,1,2480.41,False,False,0
pay_60158c8c61f043,fraud,electronics,139,0,21509.57,True,False,0
pay_0e79e169d89249,fraud,apparel,467,0,3236.44,False,False,0
pay_74dc63eca0584d,not_received,apparel,1162,0,3212.9,True,False,0
pay_5cfa494a879440,fraud,electronics,1029,0,27110.98,True,False,0
pay_05b0c1f7408746,fraud,apparel,6,6,2444.59,False,False,0
pay_b84b0daa782348,fraud,digital_services,2,5,2604.97,False,True,1
pay_e243fc9174134a,fraud,apparel,677,1,4712.05,True,False,0
pay_6fa4dd869bb944,not_received,electronics,863,2,19095.55,True,False,0
pay_681c0096c5314e,fraud,electronics,145,0,31697.12,True,False,0
pay_d6d86d54fbd343,damaged,apparel,712,0,2302.22,False,False,0
pay_ea3d7231cff145,not_received,electronics,879,0,17156.14,True,False,0
pay_2f39c103bfc145,not_received,digital_services,282,0,3031.49,False,True,0
pay_d5b9d96aa3924e,fraud,apparel,274,1,2567.81,True,False,0
pay_e770194be2e442,not_received,apparel,149,0,3680.13,False,False,0
pay_85566383ee084e,not_received,apparel,231,0,3778.52,True,False,0
pay_45320a43d3bb40,damaged,apparel,480,0,3318.96,True,False,0
pay_6766df6d1b5542,not_received,digital_services,841,0,2589.59,False,False,0
pay_b37e6fe760a94c,not_received,apparel,1439,0,2964.15,True,False,0
pay_195862af176941,damaged,electronics,141,0,26495.14,True,False,0
pay_386069475a9540,fraud,apparel,264,0,1718.44,True,False,0
pay_b0b1e8ecfd894d,fraud,apparel,562,0,3115.76,True,False,0
pay_d116df068ea946,not_received,apparel,792,1,5610.81,True,False,0
pay_5067f62b74ca40,fraud,digital_services,218,0,3675.5,False,False,0
pay_efd805b256c841,fraud,apparel,863,0,2989.37,True,False,1
pay_d8de881a676c47,not_received,electronics,45,0,24232.89,True,False,0
pay_e04c73db247449,fraud,apparel,1325,0,3488.77,True,False,0
pay_6179b505234b47,not_received,digital_services,1296,0,2590.89,True,False,0
pay_052d2e6c76764d,damaged,digital_services,468,0,5162.35,False,False,0
pay_c36fe85fc65040,fraud,digital_services,1445,0,3087.49,False,False,0
pay_d6a4d63c872741,fraud,electronics,652,0,29597.51,True,False,0
pay_d8c20faab4ff4e,fraud,apparel,732,0,3238.39,False,False,0
pay_53fe832785774c,fraud,electronics,10,4,21181.17,False,True,1
pay_f50a3a9c3c8446,fraud,electronics,10,6,29666.3,False,True,0
pay_fa2abd9d4ba747,fraud,electronics,882,0,20399.71,True,False,0
pay_22680c7bbb4b43,not_received,electronics,10,3,30619.84,False,True,0
pay_bb876928173643,fraud,electronics,1296,0,26097.6,True,False,0
pay_bf7cd783886e40,not_received,electronics,143,0,30590.94,True,False,0
pay_420bc2da0e5e41,damaged,electronics,9,6,19459.34,False,True,1
pay_dcac21c3898e4c,not_received,electronics,866,0,23048.02,True,False,0
pay_b7344f07389a49,not_received,apparel,257,0,2128.85,True,False,0
pay_8f4f8d3af4ea4d,fraud,electronics,882,0,18173.42,True,False,0
pay_e32daf89155143,not_received,apparel,821,0,2621.47,True,False,0
pay_23263e6ac71a47,fraud,electronics,5,5,21898.89,False,True,1
pay_ff4a7855532f4f,fraud,digital_services,829,0,2789.58,True,False,0
pay_5fb58e9369514b,damaged,electronics,1271,0,22575.43,True,False,0
pay_a5254a272f8e4f,fraud,electronics,87,0,31541.72,True,False,0
pay_bf35178955994a,fraud,apparel,725,0,4898.74,True,False,0
pay_34fac694b6e049,damaged,digital_services,305,1,3908.13,True,False,0
pay_6fea679ba5054e,damaged,electronics,767,0,31773.88,True,False,0
pay_6091994865924f,fraud,electronics,671,0,19883.01,True,False,0
pay_a5bf0689d9d441,fraud,digital_services,614,0,3014.63,True,False,0
pay_dda8e866285248,not_received,electronics,4,4,26883.37,False,True,0
pay_5171584b57a74a,not_received,electronics,44,0,38267.04,True,False,0
pay_a804b379311946,fraud,digital_services,159,0,3425.35,True,False,0
pay_e58f4a13bb9d48,not_received,digital_services,734,0,1537.75,True,False,0
pay_48f2912d2f1046,damaged,electronics,460,0,26765.0,True,True,1
pay_63653f18b1574b,fraud,digital_services,626,1,4171.94,False,False,0
pay_3f2b7eea4e454c,damaged,apparel,358,0,4475.62,True,False,0
pay_caf48023c3914c,damaged,electronics,1037,0,28720.76,True,False,0
pay_02a77c47eb0348,fraud,apparel,1350,0,1031.7,True,False,0
pay_cfad0115d2a341,not_received,apparel,1219,0,2905.78,False,False,0
pay_5cb8a6e3d9c744,fraud,apparel,13,5,2554.63,False,True,1
pay_63bd693f1d6f4a,not_received,digital_services,1105,0,2658.31,True,False,0
pay_fc360f40d3194c,not_received,electronics,150,0,20763.72,True,False,0
pay_6df795832e624a,fraud,apparel,79,0,3215.96,True,False,0
pay_ce6ac4ff45c047,not_received,apparel,1329,0,2914.14,True,False,1
pay_05da14df7fda49,damaged,electronics,91,0,28466.34,True,False,0
pay_6a9434f9d4354c,fraud,apparel,2,2,816.29,False,True,0
pay_6e23e5efbedd4b,fraud,apparel,92,0,2864.77,True,False,0
pay_e57a0dfeba3041,fraud,digital_services,876,0,2720.42,True,False,0
pay_16297abbf35a4c,not_received,digital_services,13,3,1573.6,True,True,1
pay_6d6f44fe0a9f47,damaged,apparel,422,0,3299.28,True,False,0
pay_5458fbba56724a,damaged,electronics,8,2,31599.4,False,False,0
pay_ec99479bbf3b47,not_received,apparel,702,0,2567.49,True,False,0
pay_5a9edd83a5664b,not_received,electronics,1176,0,26326.99,True,False,0
pay_20b4d5bc15c940,fraud,electronics,734,1,29845.3,True,False,0
pay_80c73de98df948,fraud,apparel,229,0,3215.71,False,True,1
pay_d327614897164f,not_received,apparel,4,2,3856.24,False,True,0
pay_afca83b31b6348,not_received,apparel,645,0,3165.18,True,False,0
pay_f5bfda336be743,not_received,digital_services,1172,0,2711.68,False,False,0
pay_85632a16a04148,damaged,electronics,359,0,13468.03,True,False,0
pay_d877fd99347841,not_received,electronics,918,0,18748.84,True,False,0
pay_024123cb66e345,not_received,apparel,231,0,3528.84,True,False,0
pay_af0e68e9010c46,fraud,apparel,904,0,2132.79,False,False,0
pay_83335738588d43,damaged,electronics,507,0,25113.03,False,False,0
pay_ba6c7dd279034e,not_received,electronics,789,0,20557.24,True,False,0
pay_8186ad15965743,damaged,electronics,909,1,30818.72,True,False,0
pay_34157bb5c9444a,not_received,digital_services,867,0,1930.83,True,False,1
pay_76aa0360c06647,not_received,digital_services,432,0,2410.91,False,False,0
pay_3d7f0243a13345,not_received,electronics,959,0,29759.12,False,False,0
pay_8547a0c696424a,fraud,electronics,10,4,25995.2,False,True,1
pay_ee06e3c3bd1349,not_received,electronics,13,2,21893.88,False,False,0
pay_427559641caa43,damaged,electronics,11,3,26732.25,False,True,1
pay_67dc48df31d943,fraud,electronics,348,0,27809.78,True,False,0
pay_f46f06ef120d4b,fraud,electronics,985,0,32211.3,True,False,0
pay_1eab044d366a47,not_received,apparel,1102,2,3732.74,True,False,0
pay_20816ce3145e43,fraud,electronics,1384,0,22388.23,True,False,0
pay_b40559ef61fb41,not_received,apparel,89,0,3341.27,True,False,0
pay_0d814fdaf8a84a,not_received,electronics,3,6,28991.97,False,False,0
pay_95a6443e0da744,fraud,digital_services,618,0,2739.6,False,False,0
pay_c35c85faa47b41,damaged,digital_services,673,1,2294.85,False,False,0
pay_5436b0e2aa324f,not_received,apparel,13,2,2771.42,False,True,0
pay_e8ce2f054dc14b,damaged,electronics,4,2,23888.78,False,True,0
pay_8fb8c45dd94a4e,not_received,electronics,1363,0,27720.84,True,False,0
pay_fae61bee0bd545,damaged,electronics,1215,0,28919.15,True,False,0
pay_8f73ce6e290340,fraud,electronics,557,0,29057.3,True,False,0
pay_7178ef682c2048,fraud,apparel,369,0,3436.46,False,False,0
pay_86a85c850f7349,fraud,apparel,795,0,2111.0,True,False,0
pay_1be98656985c43,not_received,electronics,320,0,24328.54,False,False,0
pay_ddbd3569118b43,damaged,apparel,2,5,5549.78,False,True,0
pay_286463a7cf1149,not_received,electronics,706,0,16385.75,True,False,1
pay_e312177c62b045,damaged,electronics,116,0,31636.2,True,False,0
pay_10535a54b4b145,fraud,apparel,1088,1,2929.34,True,False,0
pay_dcb9d78d8f7c4a,fraud,electronics,1236,1,24894.34,True,False,0
pay_8df5efe9f5844b,damaged,apparel,675,0,3844.87,True,False,0
pay_d8b3af0f263741,not_received,digital_services,350,1,4633.72,True,False,0
pay_16e7f10394744f,not_received,digital_services,156,0,2491.86,True,False,0
pay_2e380f46232047,fraud,electronics,10,6,20803.16,False,True,1
pay_49d103ffa69440,damaged,apparel,990,0,3109.12,False,True,1
pay_a56bd05da38547,not_received,apparel,13,2,1927.35,False,True,0
pay_1df25c41eec94a,not_received,digital_services,1043,0,3712.14,True,False,0
pay_4940770bfbc449,fraud,digital_services,9,5,3327.65,False,False,0
pay_61e64b4ea1b74e,not_received,electronics,108,0,29790.51,True,False,0
pay_7e7e1db697ea41,damaged,digital_services,1051,2,3115.93,True,False,0
pay_52bc5740b9ef4c,damaged,electronics,742,0,31030.19,True,False,0
pay_ee0f291fcc2c49,fraud,electronics,1151,0,30378.23,True,False,0
pay_c951e634f43649,fraud,electronics,54,0,28093.35,True,False,0
pay_1247768823ca44,not_received,electronics,1134,0,25602.2,True,False,0
pay_18d9e75e1dc14d,fraud,digital_services,11,4,2838.28,False,True,1
pay_36028fbdf1f846,not_received,electronics,1,6,23488.73,False,True,1
pay_8a43a44c66bb4e,fraud,digital_services,180,0,3370.26,True,False,0
pay_37ba845b10a64d,fraud,digital_services,1103,0,2688.08,True,False,0
pay_2fa5810f15854b,not_received,digital_services,618,0,3658.67,True,False,0
pay_1b00749d0e3a49,not_received,electronics,894,0,20416.84,True,True,1
pay_e3f779a9710b47,not_received,apparel,423,0,2626.06,True,True,1
pay_fa5e11b2c52a4b,damaged,apparel,1344,0,4658.53,True,False,0
pay_4dd14edb06f844,fraud,apparel,1286,0,3086.92,True,False,0
pay_9dd0661df3bb43,not_received,electronics,1051,0,32078.15,True,False,0
pay_6f8babb3a13c4c,fraud,apparel,1395,0,4637.32,True,False,0
pay_9be2a669857547,not_received,apparel,874,0,3717.62,True,False,0
pay_436c63657f5a44,fraud,apparel,482,0,3537.98,True,False,0
pay_ed3c94c16e1649,fraud,digital_services,11,2,2950.12,False,True,0
pay_f43be900d2c549,fraud,electronics,1,4,21985.24,False,True,0
pay_9041ac7a6e714e,fraud,electronics,425,0,19691.62,True,False,0
pay_3adbc6d6c67e47,damaged,apparel,628,0,3204.98,True,False,0
pay_197fcbfbd31443,not_received,electronics,1230,0,23972.35,True,False,0
pay_3f65ed0894d846,damaged,electronics,1160,0,31035.9,False,False,0
pay_e1c82dd7938d47,not_received,electronics,76,1,26736.58,False,False,0
pay_c16c54b9d00b44,fraud,digital_services,636,2,1707.27,True,False,0
pay_64fbf64692ab47,fraud,digital_services,1011,0,4072.2,False,False,0
pay_b6b57f3f20084c,fraud,electronics,175,0,19666.09,True,False,0
pay_aa1e143de71a45,fraud,electronics,565,2,24158.62,False,False,0
pay_9b611408ac9941,not_received,electronics,9,4,24781.68,False,False,0
pay_e77c34b9051841,not_received,apparel,4,2,3445.26,True,True,1
pay_0917da631dc244,fraud,apparel,1,3,2051.28,False,True,0
pay_3432e2f7b1fd42,fraud,electronics,575,0,26492.46,False,False,0
pay_6dac565e516746,fraud,apparel,97,0,2120.83,True,False,0
pay_cc0f599d87074c,fraud,electronics,1255,0,25270.06,True,False,0
pay_721c500eefb447,fraud,digital_services,632,0,5648.75,True,False,0
pay_64416ce54e3248,not_received,digital_services,732,0,3633.3,True,False,0
pay_b305cfff49b249,fraud,digital_services,1376,0,2193.27,True,True,1
pay_cd98228348964b,not_received,electronics,580,0,21772.9,True,False,0
pay_bfc092ca4a3a41,fraud,apparel,2,3,2462.39,False,False,0
pay_a5f37f7e13cd44,fraud,electronics,327,0,34514.96,True,False,0
pay_2c7e2d660c434f,damaged,apparel,629,0,1549.97,True,True,1
pay_3020a7119a394f,not_received,electronics,789,0,26521.38,True,False,0
pay_2801396ef14249,fraud,apparel,377,1,3509.02,True,False,0
pay_5b30f92ed37044,damaged,apparel,380,0,1991.35,False,False,0
pay_19abb841d40247,fraud,apparel,186,0,1771.35,True,False,0
pay_846b0605d74d4c,fraud,digital_services,1005,0,1821.07,True,False,0
pay_7fa6d180ce5044,not_received,apparel,830,0,4068.77,True,False,0
pay_e657178b3a2847,not_received,electronics,8,2,32459.26,False,True,0
pay_b0872c3ce50048,fraud,apparel,244,0,3641.49,True,False,0
pay_b1c6344192f341,fraud,digital_services,239,0,2777.33,True,False,0
pay_5f693f664c0e48,damaged,apparel,1218,0,2222.7,True,False,0
pay_18da72e58eff4d,fraud,apparel,10,3,2883.35,False,True,0
pay_c1789ac3c69b4a,fraud,digital_services,1454,1,2607.18,True,False,0
pay_12292ceba3ac47,not_received,apparel,933,0,3159.5,True,False,0
pay_7a99bbc24bb84d,damaged,digital_services,330,0,1531.25,True,False,0
pay_3994fc7df9164e,fraud,electronics,1454,0,27512.21,True,False,0
pay_5807ed2a1cfb49,not_received,apparel,488,1,2474.49,True,False,0
pay_c7c0067a88f749,not_received,electronics,13,3,31848.22,False,True,1
pay_22a42f78e1664c,not_received,apparel,1027,0,2838.16,False,False,0
pay_6f11d457a7fc4f,not_received,electronics,847,0,35817.96,True,False,0
pay_2ff91572a15e48,damaged,electronics,106,0,23126.86,False,False,0
pay_24a8cc00e60e48,fraud,electronics,947,0,40287.54,True,False,0
pay_5e252baa23c64f,fraud,electronics,113,2,23013.35,True,False,0
pay_51e6730a4c5640,damaged,electronics,1473,0,28816.17,True,False,0
pay_22b1cd8445d944,not_received,digital_services,764,0,2061.33,True,False,0
pay_373efd85ff9743,not_received,electronics,10,4,25174.51,False,True,0
pay_9ce2b4560e5747,not_received,apparel,249,0,1945.39,False,True,0
pay_11b3b574dadf4a,not_received,electronics,563,0,22025.07,True,False,0
pay_afd50926832341,not_received,electronics,919,2,24371.61,True,False,0
pay_e1aa615a61474f,damaged,digital_services,1487,0,1351.02,True,False,0
pay_42bb5dbf1a8b48,not_received,digital_services,257,0,4200.49,True,False,0
pay_d12c72e8eef34a,fraud,digital_services,1381,1,3093.22,True,False,0
pay_8ec3f3ce867f46,not_received,apparel,1045,0,3339.7,True,False,0
pay_871f98121f3d48,not_received,electronics,12,2,28653.07,False,True,0
pay_ddc5ec0fd67f4a,not_received,electronics,1459,0,26345.81,True,False,0
pay_d2d5038cd6554f,not_received,apparel,1184,0,1532.37,False,False,0
pay_6c5a5d80cdd141,fraud,digital_services,1482,0,2978.15,True,False,0
pay_b53466b8ff5b4e,not_received,digital_services,230,0,1042.16,True,False,0
pay_29656a02201440,not_received,electronics,998,0,24503.11,True,False,0
pay_3da576df74df49,not_received,electronics,798,0,18100.51,True,False,0
pay_46b1342fdc1a4b,not_received,electronics,12,3,21446.79,False,True,0
pay_aade2ddadf5b4b,fraud,apparel,1106,0,2466.45,False,False,0
pay_4c3b16a755a640,not_received,electronics,982,0,22272.22,True,False,0
pay_972493c01b3040,not_received,apparel,621,0,3505.11,True,False,0
pay_51330a884da54b,not_received,digital_services,584,0,2420.23,True,False,0
pay_706e682fdb9e4a,not_received,apparel,175,0,1475.62,False,False,0
pay_4dc70371d5dc4f,not_received,electronics,196,0,28031.48,True,False,0
pay_bf23777179914f,fraud,electronics,797,0,7754.11,True,False,0
pay_d017a19a521f46,not_received,apparel,1084,0,3109.37,True,False,0
pay_c2aeda9bed5648,fraud,apparel,75,0,2917.62,True,False,0
pay_eed109f01fdb47,not_received,apparel,1310,0,3098.68,True,False,0
pay_11dcd17aef514b,fraud,electronics,13,4,27218.22,False,True,1
pay_0afb904715ab49,fraud,digital_services,853,0,2628.4,False,False,0
pay_a3a3f12c2b5741,not_received,apparel,587,0,2544.41,True,False,0
pay_d935de0dab0043,not_received,digital_services,3,4,2669.88,False,True,1
pay_a0e2172e61db46,not_received,electronics,468,1,33844.99,True,False,0
pay_173021d95fc24b,not_received,electronics,341,0,18439.29,True,False,0
pay_0e762de05d9540,not_received,electronics,564,0,28920.03,True,False,0
pay_3454d2f139e24b,not_received,digital_services,589,0,3714.4,True,False,0
pay_20c6a17fc44448,not_received,electronics,1243,0,17683.52,True,False,0
pay_990316dcf21f4b,not_received,electronics,4,2,34514.9,False,True,1
pay_46816394d8eb44,not_received,electronics,1375,0,16599.58,True,False,0
pay_2a6319d19c7840,not_received,apparel,323,0,2817.08,True,False,0
pay_022564375f1c4e,damaged,digital_services,277,0,1253.64,False,False,0
pay_8dbc7d5bc9ee45,fraud,digital_services,1185,1,2189.34,False,False,0
pay_a921fdba321443,damaged,apparel,1220,0,3052.3,False,False,0
pay_597b53e53c364c,fraud,digital_services,1317,0,1466.15,True,False,0
pay_045af822fa5f48,fraud,electronics,1146,0,20001.07,True,False,0
pay_f8f6e5cdbc2745,fraud,digital_services,378,2,2112.67,True,False,0
pay_cb2665cca8dc4e,not_received,apparel,11,3,2446.2,False,True,1
pay_76958237c23b41,fraud,apparel,66,1,4059.52,True,False,0
pay_f73dd9bed13646,damaged,electronics,963,0,27548.05,True,False,0
pay_c678b19e34644d,damaged,electronics,4,3,24446.55,False,False,0
pay_766c989a1b0040,not_received,electronics,729,0,15966.97,True,False,0
pay_129b6a12ff9e4e,not_received,electronics,8,3,21501.28,False,True,0
pay_a08491f7f2894b,damaged,apparel,11,2,3038.96,False,True,1
pay_5449a4f6ccf746,damaged,electronics,10,4,33152.54,False,True,1
pay_99746beb897b42,not_received,electronics,600,0,33234.43,False,False,0
pay_97ada96f7be64e,not_received,digital_services,3,5,3797.16,False,True,1
pay_864b7731c5b740,not_received,digital_services,1328,0,3582.58,True,False,0
pay_0616b7ff871548,not_received,digital_services,1376,0,1246.34,False,False,0
pay_436b608517b148,fraud,apparel,1,2,5165.52,False,True,0
pay_feb6b3c521dc42,not_received,apparel,308,0,2307.4,True,False,0
pay_7dcb8124d3c143,fraud,digital_services,1197,0,2268.63,True,False,0
pay_66882e30033b4c,fraud,apparel,783,2,3138.31,True,False,0
pay_1155d084a4ba41,not_received,electronics,5,6,21005.69,False,True,0
pay_4cdf2feb5d0f46,damaged,electronics,425,2,24888.39,True,False,0
pay_d0429f27f5ce49,damaged,electronics,7,4,22459.85,False,True,1
pay_94fc01ef16d54d,not_received,digital_services,11,3,1840.36,False,True,1
pay_a677ad608e8a41,not_received,apparel,1294,2,3880.8,True,False,0
pay_aa6a4dfca12448,fraud,apparel,235,1,2223.06,True,False,0
pay_e795fb4ca92143,not_received,electronics,10,5,26264.07,False,True,0
pay_6a86ce12478e4e,fraud,electronics,777,0,29163.06,True,False,0
pay_2131cf298af843,fraud,apparel,1369,0,4325.54,False,False,0
pay_7923266f5be246,not_received,apparel,13,3,3502.42,False,True,1
pay_894ffb084e7d49,fraud,apparel,1396,0,5711.77,True,False,0
pay_e9e3fcc5702f47,fraud,electronics,428,0,17020.45,True,False,0
pay_bf183417953549,damaged,apparel,467,0,2505.5,True,False,0
pay_07aa4f5d5ee44f,fraud,digital_services,1180,0,3207.37,True,False,0
pay_d4bd7ce8211348,fraud,digital_services,1248,0,1934.91,True,False,0
pay_15ae0145df704c,fraud,electronics,12,3,24589.25,False,True,0
pay_6048da1fe29643,fraud,apparel,1432,1,1572.88,True,False,0
pay_85eb78b0aef249,fraud,electronics,980,0,25614.55,True,False,0
pay_af38a1daadf44a,not_received,apparel,709,2,5011.06,True,False,0
pay_0245296f410641,fraud,apparel,1364,0,1499.94,True,False,0
pay_d02b7bd8a1b648,damaged,electronics,381,0,18766.89,True,False,0
pay_2bd7382cd8d848,fraud,apparel,1126,0,2273.16,False,False,0
pay_e92cf799e6d948,not_received,apparel,1114,2,2931.36,True,False,0
pay_585504a0b24b41,not_received,digital_services,856,0,2798.94,True,False,0
pay_c05db423cc9349,not_received,electronics,4,3,25586.96,False,True,1
pay_c1b5232f88944d,not_received,electronics,371,0,33266.26,True,False,0
pay_19fbdffe89e847,damaged,apparel,586,0,3574.02,True,True,1
pay_bab46616f35d4a,fraud,apparel,1277,0,1997.17,True,False,1
pay_8a7d7b6c052249,not_received,apparel,1384,0,3434.84,True,False,0
pay_e903c2e3097f46,damaged,digital_services,533,0,4218.36,True,False,0
pay_73d0ef9b991045,fraud,apparel,1079,1,1941.43,True,False,0
pay_6066ebb927f24e,fraud,apparel,1211,0,2934.65,True,False,0
pay_898104570cf24c,fraud,digital_services,557,0,3658.66,True,False,0
pay_4b0691a4a7d242,not_received,apparel,502,0,4872.17,True,False,0
pay_7bf4d9a2375d4f,fraud,electronics,501,0,30029.06,True,False,0
pay_7f2d9fd3678346,fraud,apparel,1,5,3360.62,False,True,1
pay_a27d3e21e72640,not_received,apparel,186,0,3049.84,True,False,0
pay_ff06ee5e66b347,not_received,electronics,836,0,23318.76,True,False,0
pay_015730a184064f,fraud,electronics,1181,0,16427.22,True,False,1
pay_4ab90e4a7ade47,fraud,electronics,5,3,25679.99,True,True,1
pay_9416408d08dd41,not_received,electronics,157,0,21409.37,False,False,0
pay_6eddee04a7954c,damaged,digital_services,1,5,4418.79,False,True,1
pay_f8c76ce4167b47,not_received,electronics,7,6,22740.45,False,True,0
pay_6b744956946a40,not_received,electronics,834,0,18854.8,True,False,0
pay_c5dc84ccd41f4e,fraud,apparel,1318,0,1061.22,True,False,0
pay_293ce7a86d0e4b,fraud,apparel,575,0,2746.05,True,False,0
pay_f2ca74528cc843,not_received,apparel,1391,1,1920.18,True,False,0
pay_43c898d7339e48,damaged,electronics,7,6,28997.88,False,True,1
pay_f2980a7cc5bc47,not_received,digital_services,366,1,3319.92,False,False,0
pay_4772975880e54c,damaged,apparel,452,0,4425.28,True,False,0
pay_aabb65b85c4748,damaged,apparel,114,0,3538.63,True,False,0
pay_01e3cab9034741,fraud,digital_services,557,0,3196.17,True,False,0
pay_3b0e19d602ed48,fraud,electronics,447,0,25450.8,True,False,0
pay_9dc27de0235e4c,fraud,digital_services,332,0,2559.96,True,False,0
pay_f2454cc2748442,fraud,apparel,2,2,2858.08,False,True,0
pay_95316e02b1334a,fraud,digital_services,784,1,4125.05,True,False,0
pay_f01c44efea2d49,damaged,electronics,3,4,28889.55,False,True,1
pay_797b041b29b648,fraud,digital_services,445,0,5226.12,True,False,0
pay_6494d00fb7e148,fraud,apparel,1225,0,3864.44,True,False,0
pay_a1f3dc1082aa45,fraud,apparel,1433,0,4948.66,True,False,0
pay_37269e21801744,damaged,apparel,732,0,4792.68,True,False,0
pay_019308a57c904d,not_received,digital_services,9,6,3751.9,False,True,1
pay_4e7f485a8cb445,damaged,apparel,43,2,2912.84,True,True,1
pay_edbbbd57428a4a,damaged,apparel,1344,0,2811.28,False,False,0
pay_2eceba6601eb4e,not_received,apparel,695,0,2768.08,True,False,0
pay_c90cb91f37d044,fraud,electronics,1375,0,25356.12,True,False,0
pay_42bf1881893e49,fraud,electronics,1438,0,16674.19,True,False,0
pay_877c6090ea4544,fraud,apparel,415,0,3618.99,True,False,0
pay_fbecf9bd007148,not_received,electronics,1107,1,19532.23,True,False,0
pay_f9967a3d938042,fraud,digital_services,161,0,3287.21,True,False,0
pay_a1eda182446e42,fraud,apparel,891,0,4341.68,True,False,0
pay_f4de86368cb94c,not_received,apparel,998,0,3554.13,True,False,0
pay_89c0f8042a034d,not_received,electronics,476,0,18842.94,False,False,0
pay_5815a0fee32840,not_received,apparel,1220,0,4511.32,True,False,0
pay_f77ec97d90454a,fraud,digital_services,1483,2,2689.29,True,False,0
pay_3a4081da25eb49,damaged,apparel,632,0,4041.56,True,False,0
pay_b7da98a1113846,not_received,electronics,1444,0,25502.68,False,False,0
pay_2a098b6656954e,fraud,electronics,2,4,31483.27,False,False,0
pay_dd82b253796c43,not_received,apparel,1328,0,3485.68,False,False,0
pay_52b396375d7647,damaged,apparel,162,0,3026.05,True,False,0
pay_3bd04edd58b340,fraud,electronics,11,6,20860.27,False,True,0
pay_dc3a2d7303864a,fraud,apparel,908,0,3111.04,True,False,0
pay_10d80a0d3aa14e,not_received,digital_services,1147,2,2638.95,True,False,0
pay_da531f65f8bf49,fraud,electronics,1222,0,31850.11,True,False,0
pay_99347893e5c548,damaged,apparel,445,0,3949.72,True,False,0
pay_212269dedf6641,fraud,digital_services,971,1,2812.96,True,False,0
pay_3ac6f362340e4c,not_received,digital_services,417,0,3714.42,True,False,0
pay_7ebb1577a01a46,not_received,electronics,772,0,31692.14,False,False,0
pay_b896ea976b9a46,not_received,electronics,1059,0,20727.38,True,False,0
pay_c9281aa9399248,fraud,digital_services,1183,0,2516.12,True,False,0
pay_415d54faf3b44f,fraud,electronics,7,6,19994.25,False,True,1
pay_ca676b7f664843,fraud,apparel,635,0,4030.18,True,False,0
pay_d5d5a868538242,fraud,apparel,276,0,2959.02,True,False,0
pay_95da9f19e3da44,fraud,apparel,1451,0,3125.97,True,False,0
pay_b5b95cc399b948,damaged,electronics,826,0,16394.59,False,False,0
pay_80429ec735e84d,fraud,digital_services,173,0,2651.39,True,False,0
pay_747e5606739842,not_received,electronics,2,4,30658.0,False,True,0
pay_1155ecc5577c42,not_received,apparel,905,0,3343.25,True,False,0
pay_95af49a0096648,not_received,apparel,153,0,2692.03,True,False,0
pay_451d0e422dfc4e,damaged,electronics,3,3,28969.55,False,False,0
pay_5811b217027146,fraud,electronics,526,0,26663.63,True,True,1
pay_9202ec56e3c143,damaged,digital_services,6,3,1871.51,False,True,0
pay_b546ffe716124a,not_received,apparel,3,2,3151.32,False,True,0
pay_bbc97852d8714b,damaged,apparel,1069,0,2570.82,False,False,0
pay_c8cab9d1b7814d,not_received,apparel,1192,0,4357.83,True,False,0
pay_d66ac82a09bc4b,not_received,electronics,220,0,25057.91,False,False,0
pay_607374be181948,fraud,apparel,513,0,1714.94,False,False,0
pay_a9c148cd305d4d,fraud,electronics,826,0,22694.08,True,False,0
pay_b5b1fb8aa00743,not_received,apparel,323,0,3694.18,True,False,0
pay_8a6c44ee9d5c40,damaged,electronics,265,0,17277.64,True,False,0
pay_c0dca7cffa2c40,not_received,digital_services,2,2,3691.36,False,True,0
pay_ba62a2eac5894b,fraud,apparel,1152,0,2957.08,True,False,0
pay_046cea05939a44,damaged,electronics,126,0,31976.87,True,False,0
pay_1cfa2b5b0b7c47,not_received,electronics,764,2,23116.36,True,False,0
pay_3eda405db21846,fraud,electronics,12,6,27346.98,False,True,1
pay_c4dabc70022941,fraud,digital_services,764,0,2063.95,True,False,0
pay_719aec32f98643,fraud,electronics,909,0,27358.29,True,False,0
pay_c6c6ab5e508d46,damaged,apparel,83,0,3888.03,True,False,0
pay_aa01665f413b47,damaged,electronics,738,0,23753.16,True,False,0
pay_f2eb27447f6944,fraud,digital_services,1028,0,2552.14,True,False,0
pay_7bc431452f7b4e,fraud,apparel,1155,0,3298.33,True,False,0
pay_b74b42512ada4f,not_received,electronics,661,0,25688.84,True,False,0
pay_da3faa2da1354b,damaged,apparel,498,0,2189.78,True,False,0
pay_a1277d1e19c748,not_received,digital_services,6,3,3214.07,False,True,0
pay_1fb9a9f627e744,not_received,apparel,550,0,3410.03,True,False,0
pay_343f2d004bb044,fraud,apparel,434,0,4290.76,True,False,0
pay_e1f8ce95753644,not_received,electronics,852,0,22225.41,False,False,0
pay_3284783ca75842,fraud,electronics,1119,0,34862.22,True,False,0
pay_f5db20c82f3c48,damaged,electronics,1410,0,24129.96,False,False,0
pay_d5244d0481bc4f,fraud,apparel,1,5,2505.91,False,False,0
pay_4acee83e63324c,damaged,apparel,305,0,4422.21,True,False,0
pay_4930a91b23c441,fraud,digital_services,234,0,2354.92,True,False,0
pay_0a86abcf858947,damaged,apparel,416,0,3866.31,True,False,0
pay_5672e5c6ea8c4d,fraud,electronics,905,0,24373.3,True,False,1
pay_49d19f2e53a045,not_received,apparel,1414,0,2976.4,True,False,0
pay_74cc279ed94a41,not_received,apparel,966,1,3330.22,True,False,0
pay_d50e9913b14f49,fraud,apparel,1206,0,2996.89,True,False,0
pay_486c9ba70c4f46,damaged,apparel,1,6,2628.15,False,True,1
pay_dd61eb4f762c4f,not_received,electronics,44,0,24298.74,True,False,0
pay_d3fe9212a96f4d,not_received,electronics,135,0,22618.21,True,False,0
pay_a3b5934214b646,damaged,apparel,746,0,3488.6,False,False,0
pay_02747c8f78f04d,damaged,electronics,185,0,18658.96,True,False,0
pay_2f9fbc4f0bd74e,not_received,apparel,264,0,2291.03,True,False,0
pay_0e89dc4dd1ef45,damaged,electronics,353,0,24538.33,True,False,0
pay_c8a7972d7f544d,fraud,digital_services,515,0,3821.0,True,False,0
pay_7d39a6346f7f43,fraud,digital_services,1354,0,3462.5,True,False,0
pay_2e49f25e1d4247,not_received,digital_services,240,1,2836.34,True,False,0
pay_9c6a08961fe441,fraud,digital_services,135,0,2641.6,False,False,0
pay_816aabf4601242,not_received,digital_services,1338,0,4070.79,True,False,0
pay_7b102f91bcc446,fraud,apparel,1,5,3124.92,False,True,1
pay_e7af0aea03d64a,not_received,digital_services,832,0,2376.28,True,False,0
pay_4326491193644e,damaged,apparel,1066,0,4290.8,True,False,0
pay_6996c814708741,not_received,digital_services,1488,0,1930.26,True,False,0
pay_4cf342e9d84145,damaged,electronics,522,0,26485.23,False,False,0
pay_b5d36f526de04b,not_received,apparel,43,0,1912.61,True,False,0
pay_94ad18a842d648,fraud,digital_services,12,3,3938.92,False,True,0
pay_de645965f53549,fraud,apparel,1247,0,3278.64,True,False,0
pay_bcad1091a3ab4e,fraud,electronics,363,0,16942.44,False,False,0
pay_7259e634072648,damaged,apparel,288,0,2718.53,True,False,0
pay_fecdf65c80a246,fraud,apparel,13,4,2522.8,False,True,0
pay_172dff60284c44,fraud,apparel,1482,0,4057.15,True,False,0
pay_aa957843d0d045,damaged,apparel,12,3,4832.48,False,True,1
pay_549a315303f745,not_received,electronics,1,4,25019.51,True,True,1
pay_504b27cbd65940,fraud,digital_services,209,0,2982.69,True,False,0
pay_16586cb3448542,fraud,apparel,505,0,3318.03,True,False,0
pay_1a554f037e0841,damaged,electronics,993,0,31159.15,True,False,0
pay_c15eab8136a245,damaged,digital_services,3,5,2351.47,False,True,1
pay_4b3cfac943d341,fraud,electronics,617,0,27316.26,True,False,0
pay_ed08774cae4743,not_received,electronics,4,2,19002.51,False,True,0
pay_85d4029c99524a,damaged,digital_services,208,0,3238.59,True,False,0
pay_dec09d76effe44,not_received,digital_services,416,0,2381.41,True,False,0
pay_6acd2e470c154e,damaged,electronics,1065,1,22771.08,True,False,0
pay_6888c8ffa94843,not_received,electronics,1118,0,24524.81,True,False,0
pay_3c292da8be334d,damaged,electronics,1296,1,23611.28,False,False,0
pay_f2ec13127bfc4e,fraud,digital_services,1123,2,2163.0,True,False,0
pay_dbbb8922356648,fraud,digital_services,1361,0,3575.26,True,False,0
pay_954f045f0b884d,not_received,apparel,946,0,2342.03,True,False,0
pay_4988ab317ff346,not_received,electronics,8,2,28565.52,False,True,0
pay_ae532d92a17e4d,damaged,electronics,1421,0,27969.97,True,False,0
pay_b6ab8ef351a64f,fraud,digital_services,1343,1,3595.98,True,False,0
pay_aa0b3f89877c4f,damaged,electronics,851,0,24802.76,True,False,0
pay_8490d451d96a46,fraud,apparel,486,0,4162.76,True,False,0
pay_bb07eb9ae54a48,not_received,apparel,8,2,4398.08,False,True,0
pay_dd19085049ac44,fraud,electronics,513,0,23862.67,True,False,0
pay_890c81405f6f49,not_received,electronics,1399,2,36972.54,False,True,1
pay_fafc12fec0454a,not_received,electronics,1330,0,26346.58,True,True,1
pay_8979206ff44348,fraud,apparel,628,1,2995.21,False,False,0
pay_ac5f4d341c0b4d,fraud,digital_services,1301,1,3378.54,True,False,0
pay_1884fbc386be40,not_received,apparel,1401,0,2265.33,False,False,0
pay_dd3cbe95e8d947,damaged,electronics,612,0,21050.47,True,False,0
pay_f2f652aed17f4a,fraud,apparel,890,0,1653.26,True,False,0
pay_aba54b3e3fc74f,fraud,electronics,757,0,25430.19,True,False,0
pay_17ffb94a29404d,fraud,electronics,440,0,12202.35,True,False,0
pay_1df496704b4140,damaged,apparel,8,5,3000.04,False,True,1
pay_37b91f52e4124d,fraud,digital_services,1471,0,2662.66,True,False,0
pay_845b474a6a4b47,fraud,digital_services,1,5,2058.26,False,True,1
pay_df2259cddb8347,not_received,apparel,430,0,2561.91,True,False,0
pay_e3b3015046e840,not_received,apparel,803,1,4734.41,True,False,0
pay_c7c222601b464c,fraud,digital_services,1438,0,1881.0,True,False,0
pay_f326a400fd224f,damaged,apparel,1190,0,2482.03,False,False,0
pay_6e6b04d1151144,not_received,apparel,583,0,2583.47,False,False,0
pay_4092ece1b96848,not_received,electronics,1139,0,20977.82,False,False,0
pay_079150ef8b8349,fraud,electronics,30,0,30340.57,True,False,0
pay_8710692db5d942,damaged,apparel,569,0,4541.14,True,False,0
pay_e390a7881f814e,fraud,digital_services,103,1,2476.45,True,False,0
pay_1621183684d74d,fraud,apparel,1,3,2453.56,False,False,0
pay_474a122343d04d,fraud,electronics,395,0,23233.89,False,False,0
pay_15e513746beb4f,not_received,apparel,1173,0,776.24,True,False,0
pay_11b13324c4bf4d,not_received,apparel,2,5,2029.06,False,True,0
pay_74c7676edeb449,not_received,digital_services,1457,0,3949.91,False,False,0
pay_19e5c570a59d40,fraud,electronics,532,0,16731.89,True,False,0
pay_acb8dff85aa745,not_received,apparel,1071,0,2433.58,True,False,0
pay_3c3eea7abd4442,not_received,apparel,866,0,4210.83,True,False,0
pay_6498abd67e844f,fraud,digital_services,1463,0,3866.0,True,False,0
pay_be1fe6f81f5349,damaged,apparel,4,5,5276.4,False,True,1
pay_60475f92a23440,fraud,digital_services,1430,0,4343.77,True,False,0
pay_4921b66a55034b,not_received,electronics,764,0,23343.26,True,False,0
pay_d697264e21bc4c,fraud,electronics,537,0,32144.42,True,False,0
pay_4b66c7aaf1b741,not_received,electronics,801,0,24479.91,True,False,0
pay_0298a4a3e08449,damaged,apparel,10,4,3285.93,False,True,1
pay_17a763aa2f044f,damaged,apparel,2,2,1509.92,False,True,1
pay_6c814eeee47845,fraud,electronics,1375,0,19540.66,True,False,0
pay_a30de14823654e,not_received,apparel,1130,0,5680.97,True,False,0
pay_7a10c44e304a48,fraud,apparel,149,0,3788.46,True,False,0
pay_0d98ba59c72646,damaged,apparel,967,0,2291.57,True,False,0
pay_5d215afb0ffa48,not_received,electronics,4,6,22667.38,False,True,0
pay_3faac96649a74c,fraud,digital_services,1090,0,1425.87,True,True,1
pay_0123350d3d9f47,fraud,apparel,1338,0,1966.95,False,False,0
pay_d5bdb6dac65c4b,damaged,electronics,701,0,24574.43,False,False,0
pay_03317ffefe584d,not_received,apparel,538,0,468.31,True,False,1
pay_41c56c250cbb47,fraud,electronics,11,6,15664.07,False,True,1
pay_700983f655db4e,fraud,apparel,1,2,3656.0,False,True,0
pay_e5a87c570f5546,fraud,electronics,294,0,25269.57,True,False,0
pay_b9b3b2d76a4541,not_received,digital_services,296,0,3044.38,True,False,0
pay_d19c3c6f1a8c4c,damaged,digital_services,180,0,1858.7,True,False,0
pay_a8bf26925a2b4f,damaged,electronics,1206,1,25697.79,True,False,0
pay_be803a81026346,not_received,electronics,1263,0,34470.62,False,False,0
pay_00196ec2e4e94b,damaged,electronics,389,2,26845.67,False,False,0
pay_191bcb44f1a842,not_received,apparel,1316,0,4125.78,True,False,0
pay_8b8fd77c58c64e,fraud,electronics,702,0,23690.71,True,False,0
pay_c881dca46ee44f,damaged,digital_services,792,0,1687.15,True,False,0
pay_fe38a9d6336d43,fraud,apparel,1274,0,4183.65,True,False,0
pay_e67c8bb3d98f4c,fraud,apparel,10,6,2649.34,False,True,0
pay_813c562974ad4a,damaged,apparel,1057,0,3089.77,False,False,0
pay_91489aea8db745,fraud,digital_services,247,0,4343.51,True,False,0
pay_0ae5c534206248,not_received,electronics,521,2,25057.71,True,False,0
pay_fdf837deaf394a,damaged,apparel,558,0,3548.75,True,False,0
pay_554940130ad745,not_received,apparel,262,1,2048.62,False,False,0
pay_be90de50ea8a40,fraud,apparel,1410,0,3052.77,True,True,1
pay_696437306d1c48,fraud,apparel,1,4,3961.85,False,True,0
pay_a0f0a6521c574a,fraud,electronics,124,0,26009.69,True,False,0
pay_41b4748ddec14f,not_received,apparel,240,0,3152.57,True,False,0
pay_4c3160d322514e,not_received,digital_services,1446,1,2009.71,True,False,0
pay_b2098302ef0a49,not_received,electronics,1032,0,12220.88,True,False,0
pay_6ee5550b2e5242,not_received,apparel,10,6,3039.47,False,True,1
pay_ba6322f8514d48,not_received,electronics,10,2,24173.14,False,True,0
pay_c60f208877b74e,not_received,apparel,526,0,3158.98,False,False,0
pay_a1de0c5a05f543,damaged,apparel,908,0,1352.15,True,False,0
pay_ef9c9498e8654c,fraud,apparel,767,0,4128.77,True,False,0
pay_6cdd1405d4b945,damaged,electronics,1135,0,23162.3,True,False,0
pay_e3a22da49b5647,not_received,electronics,1308,0,15750.3,True,False,0
pay_097f17c2a19346,fraud,apparel,680,0,3068.06,False,False,0
pay_6b50f16e695442,fraud,electronics,810,0,27146.29,True,False,0
pay_78200e728ba243,fraud,electronics,63,0,26689.21,True,False,0
pay_2ddd0e3abad24b,not_received,apparel,238,0,2367.28,True,False,0
pay_204f5e04f1884d,fraud,electronics,379,0,23279.61,True,False,0
pay_ea19cf904d3444,damaged,digital_services,605,0,4853.79,True,False,0
pay_8998170f0ce740,not_received,electronics,440,1,34091.32,True,False,0
pay_81e00b4937e847,damaged,apparel,925,0,1816.41,False,False,0
pay_636a6739fcfc4b,fraud,electronics,13,3,20347.97,False,True,0
pay_cfc42b4cd1b249,fraud,apparel,140,0,2554.16,True,False,0
pay_1287757be6c646,fraud,apparel,538,0,1638.14,True,False,0
pay_0b9cb848c8154e,fraud,apparel,688,0,2526.38,True,False,0
pay_be5566559b554d,damaged,apparel,1112,0,3864.81,True,False,0
pay_fd702d26d70b45,fraud,electronics,665,0,28762.79,True,False,0
pay_ca48b76c082041,not_received,electronics,696,0,18249.6,True,False,0
pay_2f7ec2a6d4ed42,fraud,digital_services,191,0,4475.85,True,False,0
pay_9f29310a422642,not_received,apparel,1090,0,2735.45,False,True,0
pay_1a985311e61244,damaged,apparel,1069,0,2129.67,True,False,1
pay_ba0d0509dffb40,not_received,digital_services,1234,0,2317.0,True,False,0
pay_3894e7b4b2434f,not_received,electronics,1376,0,15294.0,True,False,0
pay_2c38ce71a0c546,fraud,apparel,837,0,3293.2,True,False,0
pay_2a55a95d3af84c,damaged,electronics,1311,1,23203.32,True,False,0
pay_55013540354c44,not_received,electronics,779,0,22672.84,True,False,0
pay_65cc3ae952f740,not_received,electronics,7,3,19832.15,False,False,0
pay_a74b11bb30e14b,not_received,digital_services,431,0,2947.35,True,False,0
pay_1e91dc9c4bfb4c,damaged,electronics,413,1,32623.38,False,True,1
pay_01a14f0c08094e,not_received,electronics,2,2,21051.38,False,True,0
pay_45ef7df620b444,not_received,electronics,444,1,18896.49,True,False,0
pay_5b4b4694482849,not_received,electronics,1230,0,22489.66,True,False,0
pay_65f2dc2dbdfd40,fraud,digital_services,402,0,1925.29,True,False,0
pay_19304ed5f5b84f,not_received,apparel,1485,0,3392.43,True,False,0
pay_00d264555ebb4c,not_received,digital_services,986,0,4722.71,True,False,0
pay_f03e21206df44b,not_received,digital_services,1303,0,3648.14,True,False,0
pay_f6f9d15995994c,not_received,digital_services,1467,0,2079.55,True,False,0
pay_97cdb2f464c84a,fraud,electronics,1425,0,22899.51,True,False,0
pay_f69f7a3491ef43,not_received,electronics,336,0,25101.74,True,False,0
pay_b6d934a1798b42,damaged,apparel,534,0,1455.82,True,True,1
pay_903c9c103d5247,damaged,apparel,622,0,3027.76,True,False,0
pay_9a7fbda2c46948,fraud,apparel,746,0,2465.15,True,False,0
pay_163cecbfd15b4a,not_received,electronics,1050,0,27750.82,True,False,0
pay_3564020f2d1543,damaged,digital_services,473,0,4779.12,True,False,0
pay_f768f4dfba3146,not_received,electronics,1068,0,22679.5,True,False,0
pay_3ca9d9b0c7b547,not_received,electronics,996,0,18673.5,False,False,0
pay_69544e59da9f42,damaged,apparel,1095,0,2833.24,True,False,0
pay_3d12787d4f4c4e,not_received,electronics,877,0,30205.7,False,False,0
pay_1a1e9473e27545,not_received,electronics,6,4,31494.56,False,True,1
pay_68cc76e8daa941,fraud,electronics,2,3,23983.51,False,True,1
pay_73491d58f3ff4f,fraud,electronics,199,0,19981.73,False,False,0
pay_21a6c56485ba42,fraud,electronics,1168,1,22580.11,True,False,0
pay_69617bdcc6b94c,damaged,electronics,10,5,20345.67,False,False,0
pay_c542712046e444,not_received,apparel,1054,0,2594.08,False,True,0
pay_c2fcf8acb24949,not_received,apparel,1103,0,3226.98,True,False,0
pay_a0faf38600a945,damaged,apparel,526,0,3815.22,True,False,0
pay_4e5c9f526cc649,not_received,apparel,1432,0,3431.8,True,False,0
pay_17576193457245,not_received,electronics,730,0,18535.35,True,False,0
pay_bc0e1596473c47,fraud,electronics,755,0,25367.06,True,False,0
pay_28950ef1a5934f,damaged,digital_services,7,2,1300.53,False,True,0
pay_cbc94367859842,fraud,apparel,1216,0,2186.85,True,False,0
pay_1db975ac5e4844,fraud,electronics,303,0,31901.42,True,False,0
pay_b5b5247f7fa249,fraud,digital_services,724,0,2780.78,True,False,0
pay_f7c9ede6781841,fraud,apparel,1485,1,2718.29,True,False,0
pay_176b69788db14f,fraud,electronics,73,0,24918.36,True,False,0
pay_149de8ddd24d4d,not_received,digital_services,6,3,1859.95,False,True,0
pay_f95d0177439147,fraud,electronics,836,0,26121.8,True,False,0
pay_f32a78c65f564c,not_received,digital_services,322,0,4281.75,True,False,0
pay_71c3ca8649f943,fraud,electronics,70,0,21129.54,False,False,0
pay_b84b46428b1b4b,fraud,electronics,1108,1,25620.56,True,False,0
pay_d0ec2766fd004b,not_received,apparel,8,6,3556.28,False,False,0
pay_5db1eca654f441,damaged,electronics,475,0,20185.71,True,False,0
pay_49aa862d635f4c,damaged,electronics,5,2,25940.27,False,True,1
pay_8faa596a149546,damaged,apparel,1214,1,2553.76,True,False,0
pay_fddc576ebcbb49,not_received,electronics,335,0,28371.86,True,False,0
pay_5be3a64ed5374f,not_received,digital_services,1475,0,3410.37,True,False,0
pay_f9754757a4b549,not_received,apparel,1197,0,2410.76,True,False,0
pay_701ab516ce384e,not_received,digital_services,1471,2,2183.13,True,False,0
pay_8ea84618e62f49,fraud,apparel,669,0,2334.38,True,False,0
pay_b9f5188785de49,not_received,apparel,961,1,1834.98,False,False,0
pay_be2c6fcf748547,fraud,electronics,238,0,26858.99,True,False,0
pay_c343dc56a95e47,not_received,apparel,597,0,2473.99,True,False,0
pay_ff04added4bf45,not_received,electronics,2,3,23949.96,False,True,0
pay_823017cdd53440,fraud,electronics,8,4,14901.69,False,True,0
pay_fbe3bba55f3846,fraud,electronics,117,0,28722.21,True,False,0
pay_22549609eded4a,fraud,electronics,552,0,20751.97,True,False,0
pay_003cc29e4f0147,damaged,electronics,353,0,27416.75,True,False,0
pay_185b1ddc5f9844,fraud,apparel,864,0,3705.87,True,False,0
pay_a35b235501b74f,fraud,electronics,1443,0,22615.65,True,False,1
pay_fecc1a662d8844,damaged,electronics,1456,0,22387.94,True,False,0
pay_3ed82f0e2f7b4f,not_received,digital_services,1,3,3619.37,False,False,0
pay_b902053b2db142,fraud,apparel,1177,0,3050.14,True,False,0
pay_917400c53ada45,fraud,digital_services,8,2,4376.08,False,False,0
pay_f53c339f68f545,fraud,digital_services,733,0,1602.25,True,False,0
pay_ce5b4bc29fbd47,fraud,electronics,930,0,15312.69,True,False,0
pay_4ff24a98bc924b,fraud,digital_services,231,0,1870.41,True,False,0
pay_1a5b912bcb604d,not_received,electronics,666,0,31276.98,True,True,1
pay_b17df30ecfd649,damaged,digital_services,1400,0,2660.42,True,False,0
pay_ed631bd4006c49,not_received,apparel,321,0,1575.62,False,False,0
pay_d1c7214bb57447,not_received,apparel,1021,0,4090.11,True,False,0
pay_7bab4d7f00254e,fraud,apparel,12,2,1764.25,False,True,0
pay_166cda3ff52742,fraud,digital_services,498,0,3109.42,True,False,0
pay_0b7302b71f4844,damaged,apparel,525,0,2737.78,False,False,0
pay_a45726792c2647,fraud,apparel,72,0,1271.14,True,False,0
pay_8bc583be05e647,damaged,electronics,1,2,19148.62,False,True,1
pay_5ced486f1a7748,not_received,apparel,13,4,2369.94,False,True,0
pay_28f65d3bd6b549,damaged,electronics,1388,0,24389.93,True,False,0
pay_81b78c5bc56c4c,fraud,apparel,159,0,3349.52,True,False,0
pay_579e78fdb0024f,fraud,apparel,1156,0,2969.52,True,False,0
pay_413f52371db547,not_received,electronics,1482,0,28551.88,True,False,0
pay_40ab6c70faa24f,not_received,apparel,1379,0,4196.27,True,False,0
pay_9a0dd851376b42,fraud,apparel,754,0,3627.3,True,False,0
pay_d127c585f1af46,damaged,digital_services,1471,0,3898.52,True,False,0
pay_0b2feb22dcf845,fraud,electronics,901,0,24309.57,True,False,0
pay_7613747053a94b,fraud,digital_services,10,5,1496.27,False,True,0
pay_2957feca6d3143,not_received,digital_services,549,1,1604.23,True,False,0
pay_9e3156302e9644,not_received,digital_services,561,0,2656.58,True,False,0
pay_f15580fc22ee4f,damaged,digital_services,4,4,3157.56,False,True,1
pay_075de2f3f0844e,not_received,apparel,579,0,100.0,True,False,0
pay_07684d40b58843,fraud,electronics,1446,0,32048.92,False,False,0
pay_3ab54e537d8349,not_received,apparel,957,0,1029.98,True,True,1
pay_df6085cb3e2d4c,fraud,apparel,104,0,3280.07,False,False,0
pay_df775e8778f345,not_received,digital_services,1430,0,2565.16,True,False,0
pay_85a6aae003db44,not_received,apparel,219,0,2810.46,True,False,0
pay_90c4cd9a45c14e,fraud,apparel,1171,2,3345.51,True,False,0
pay_85e86ae960164d,not_received,apparel,377,1,2214.16,True,False,0
pay_e9e48b6f9fb341,not_received,electronics,654,1,32511.6,True,False,0
pay_2a50b432326743,not_received,electronics,193,0,29034.43,True,False,0
pay_d3db12e3c37146,not_received,apparel,10,4,3825.36,False,True,1
pay_0522d49bf2cd45,fraud,electronics,12,2,22966.53,False,True,0
pay_4eada68ec8d84f,fraud,electronics,13,3,25312.58,False,True,0
pay_ddabc2f4f24243,fraud,apparel,1281,0,3587.01,True,False,0
pay_d9e3899b6ab048,fraud,apparel,598,0,2021.75,True,False,0
pay_c06ec396709640,not_received,apparel,114,0,4157.98,True,False,0
pay_62b20e8feaec49,damaged,digital_services,9,5,1353.75,False,True,1
pay_ed192764431e49,not_received,electronics,1286,0,30263.91,True,False,0
pay_dc0e7c7db1d44b,not_received,electronics,106,1,33479.66,False,False,0
pay_f91a61aff69c41,not_received,apparel,631,0,3983.54,False,False,0
pay_153cd7ece1c64b,fraud,digital_services,628,0,4343.72,True,False,0
pay_bf46b68f9d4445,damaged,apparel,1194,0,1348.32,True,False,0
pay_19555d9b842c4a,damaged,electronics,193,0,25473.18,True,False,0
pay_1d38789eb1334d,not_received,apparel,6,2,2175.92,False,True,0
pay_d837aae8918241,fraud,digital_services,934,0,2009.05,True,False,0
pay_1a6c2d592f454d,not_received,electronics,10,4,23487.26,False,False,0
pay_cd461e92bacf4c,fraud,electronics,966,0,29744.09,True,False,0
pay_aab2b4c2146f49,not_received,apparel,284,0,3847.56,True,False,0
pay_fae46e126b1a45,damaged,electronics,3,5,18205.36,False,True,1
pay_0b4dc9114f014d,fraud,apparel,579,0,2231.35,True,False,0
pay_9ff296e4012d44,damaged,electronics,632,0,25956.15,True,False,0
pay_5de41a4b00004a,damaged,electronics,211,0,26293.54,True,False,0
pay_0477cc35e4e749,damaged,electronics,427,0,19859.0,True,False,0
pay_0ea8580eef8d48,not_received,electronics,430,0,20317.78,True,True,1
pay_4c14d6e3d00145,fraud,electronics,1297,0,25817.84,True,False,0
pay_08694b9e2d7e42,not_received,digital_services,91,2,3644.57,True,False,0
pay_fef00c037efb40,not_received,electronics,741,0,18490.94,True,False,0
pay_ab6b349d3eee4c,fraud,apparel,9,4,2275.21,False,True,0
pay_17493e3545354a,not_received,digital_services,167,0,3229.53,True,False,0
pay_e60ae3bbcd3241,not_received,electronics,1196,0,28029.11,True,False,0
pay_6caa72b2117746,fraud,electronics,436,0,17020.07,True,False,0
pay_86a2f88eef0048,fraud,apparel,180,0,3260.66,True,False,0
pay_da3de510fe5849,fraud,electronics,242,0,14921.77,True,False,0
pay_e0ea8e1db8c941,not_received,apparel,1255,0,3087.98,True,False,0
pay_4919eb5162e84a,not_received,digital_services,199,0,3461.8,True,False,0
pay_d5c5c8b92af040,fraud,electronics,536,0,25774.95,True,False,0
pay_43b01288784e41,damaged,apparel,698,0,1602.74,True,False,0
pay_d92a1545796e49,fraud,digital_services,1198,2,2595.85,True,False,1
pay_41e86fc36b884d,not_received,electronics,3,3,25220.07,False,True,1
pay_f7486d6d608a4f,not_received,electronics,9,4,25682.71,False,True,0
pay_443c8179a21f46,not_received,apparel,8,6,2086.48,False,True,1
pay_1875c72fd7e743,fraud,digital_services,798,0,4044.18,True,False,0
pay_936a8d68c06a4c,damaged,electronics,839,0,30906.83,False,False,0
pay_895ed489915646,damaged,electronics,607,0,26816.11,True,False,0
pay_782fe80682b241,not_received,electronics,302,0,22407.62,True,False,0
pay_c7c822c61b0f46,not_received,electronics,1151,0,21131.52,True,False,0
pay_eafcc799a61d40,fraud,electronics,810,0,23777.74,True,False,0
pay_0c2c0becdb6f4a,not_received,electronics,4,4,27377.26,False,True,0
pay_8de70f84ce6e49,not_received,apparel,471,0,1943.71,True,False,0
pay_f27d832319284c,not_received,digital_services,889,0,2709.17,True,False,0
pay_82329348acbb4b,not_received,digital_services,612,0,1708.29,True,False,0
pay_364b4c2456834e,not_received,digital_services,1180,0,3072.44,True,False,0
pay_e42c7386034949,fraud,electronics,582,0,27013.19,True,False,0
pay_8763dd1ff3894a,fraud,electronics,37,0,18189.79,True,False,0
pay_8e6d5affff3e4f,fraud,apparel,860,0,3031.05,True,False,0
pay_a3fd85bba2fd4b,fraud,apparel,4,3,2841.69,False,True,1
pay_a1a05a5a53be43,not_received,apparel,1208,0,4853.53,True,False,0
pay_e38ca34ab20d4f,not_received,electronics,3,5,34234.22,False,False,0
pay_05b0a14cd18b43,not_received,apparel,3,3,1465.07,False,True,0
pay_403882b720954d,not_received,electronics,1298,1,26578.58,True,False,0
pay_c9d4311618014d,not_received,apparel,1467,0,3308.9,True,False,0
pay_756e532b609544,fraud,electronics,1277,0,23087.54,True,False,0
pay_81f6beca727744,fraud,digital_services,380,0,3827.38,True,False,0
pay_1c8ae0a9e4a848,fraud,electronics,320,0,22101.32,True,False,0
pay_eb00ff0576a944,not_received,digital_services,337,0,3405.83,False,False,0
pay_6170f8a584ec46,fraud,digital_services,1,6,2550.05,False,True,1
pay_19b0a627540548,fraud,apparel,756,0,2773.07,False,False,0
pay_381dc64bc3a74f,not_received,digital_services,217,1,3281.57,True,False,0
pay_9718f0a782b341,damaged,electronics,1421,0,25040.2,True,False,0
pay_393032cdc7da40,not_received,apparel,229,0,3981.14,True,False,0
pay_1f1b9d282ae346,not_received,digital_services,1005,2,2305.45,True,False,0
pay_534e5b7fc3c541,not_received,electronics,4,3,25123.31,False,False,0
pay_1404fba3b89b4e,not_received,apparel,674,0,3297.21,True,False,0
pay_7d356cdf530c45,not_received,electronics,8,5,23871.08,True,True,1
pay_3101dd43118e46,damaged,apparel,756,0,3574.23,True,False,0
pay_f00401bf0fc142,fraud,digital_services,7,4,1934.37,False,True,1
pay_a03dc12660a944,fraud,apparel,175,0,1327.75,True,False,0
pay_8d2526f6988c44,fraud,electronics,320,0,23721.63,False,False,0
pay_351b952c98814a,not_received,digital_services,786,0,2394.98,True,False,0
pay_426cdfcb54004e,damaged,electronics,122,0,18178.35,True,False,0
pay_dc39531d6f5b4c,fraud,digital_services,1133,0,3370.61,True,False,0
pay_a1a7299188004b,fraud,digital_services,1037,1,1606.41,True,False,0
pay_a77164e7e4af48,damaged,digital_services,186,0,2708.55,True,False,0
pay_a035b925c5d741,not_received,apparel,989,0,4582.1,False,False,0
pay_9a275ce9fb254a,not_received,apparel,798,0,4808.7,True,False,0
pay_beaa8da1682c41,damaged,apparel,734,0,1876.53,True,False,0
pay_3ec915fd97314f,not_received,apparel,508,0,1616.8,True,False,0
pay_1bdda17b94a047,not_received,electronics,997,0,31618.87,True,False,0
pay_cd08008a820c4a,fraud,electronics,1406,0,23299.46,False,False,0
pay_2c076de5c32a44,fraud,apparel,454,0,2195.57,True,False,0
pay_87d28f43c5b544,not_received,apparel,1049,0,2552.25,True,False,0
pay_a4cc7fc4f87445,not_received,apparel,125,0,1637.39,False,False,0
pay_7c04670c2b8b44,damaged,apparel,645,0,3291.73,True,False,0
pay_87f4385de64a4d,damaged,apparel,303,0,3233.9,True,False,0
pay_b710ae8dd4b641,damaged,apparel,1317,0,3135.07,True,False,0
pay_70797386dcef4b,fraud,electronics,538,0,22034.1,True,False,0
pay_509b4eea1eee4b,damaged,electronics,54,1,31255.64,True,False,0
pay_ab2b99028e9943,not_received,electronics,1477,0,27210.97,True,False,0
pay_5bc9b95fab264b,fraud,apparel,141,0,1504.3,True,False,0
pay_b96b760d8d084d,not_received,electronics,973,0,25897.53,True,False,0
pay_1bd5761db6fa42,fraud,apparel,509,2,4145.13,True,False,0
pay_7446af9a844a44,fraud,electronics,349,0,20547.81,False,False,0
pay_13db263115d94d,damaged,electronics,1244,0,29447.37,True,False,0
pay_0d10920d762645,not_received,apparel,1083,0,2652.3,False,False,0
pay_da6648330e1048,fraud,electronics,321,0,29625.15,True,False,0
pay_647b5e866ffd4b,not_received,apparel,88,2,3829.57,False,False,0
pay_1fa60d98cdd84c,damaged,digital_services,944,0,4342.67,False,False,0
pay_cd26314b2c8448,not_received,apparel,1335,0,3602.24,False,False,0
pay_a775898723b746,fraud,apparel,86,0,3705.83,True,False,0
pay_89cd6eb301fa47,fraud,apparel,619,0,3769.05,True,False,0
pay_ac9f278a211444,fraud,electronics,172,0,22740.43,False,False,0
pay_afd5d51f541747,damaged,apparel,64,0,2857.69,True,False,0
pay_147600aa786b43,not_received,electronics,3,4,24314.98,False,False,0
pay_07b85f53d9134a,not_received,electronics,1185,1,21817.34,True,False,0
pay_ae6feb065d7f46,not_received,electronics,1040,0,23178.5,True,False,0
pay_124e5640a4ce41,damaged,apparel,1129,1,2950.82,True,False,0
pay_9b220cd9556946,not_received,apparel,317,0,3943.07,False,False,0
pay_203c6b6009124b,not_received,digital_services,1437,0,2263.31,False,False,0
pay_5ca89b3d219143,fraud,apparel,326,0,3335.28,True,False,0
pay_57d672b1f1df4b,fraud,electronics,1150,0,25350.45,True,False,0
pay_9ad8852732c347,damaged,apparel,13,4,2612.2,False,False,0
pay_14bd9f84412c4a,damaged,apparel,1352,0,2419.1,True,False,0
pay_797fd12baf5140,damaged,electronics,773,0,23739.57,True,False,0
pay_b6f1ce50ce844e,damaged,electronics,861,1,22223.84,True,False,0
pay_f8599936c3724a,damaged,apparel,430,0,3553.61,False,False,0
pay_86e1fa893bf64a,not_received,apparel,855,1,3873.51,True,False,0
pay_78b30501672a48,damaged,apparel,1479,0,2773.77,False,False,0
pay_a775a530757d43,not_received,apparel,458,0,1795.45,True,False,0
pay_c43cf918c80542,fraud,electronics,1468,0,23994.12,True,False,0
pay_4030aeb2f4c448,fraud,electronics,669,2,26389.2,True,False,0
pay_1106d01b422f4b,damaged,digital_services,1064,0,3183.3,True,False,0
pay_2acbc8f017464a,fraud,electronics,360,0,24950.47,True,False,0
pay_fceb910764c040,damaged,electronics,527,1,16155.98,True,False,0
pay_bef9cf1a73ea46,fraud,apparel,1325,0,3218.5,True,False,0
pay_6f8c36f66c4244,fraud,apparel,1351,0,1227.39,True,True,1
pay_b2d42eadda6b42,fraud,apparel,1010,0,3888.79,True,False,0
pay_521dd3de45fd42,fraud,apparel,720,0,1977.87,False,False,0
pay_f53ce20a08ef45,fraud,digital_services,1093,0,4569.43,True,False,0
pay_1be109b495134a,fraud,electronics,1149,0,25017.63,True,False,0
pay_52cb11687ccd44,damaged,apparel,1327,0,1555.83,True,False,0
pay_9599f18b9bf141,fraud,apparel,1010,0,2525.63,False,False,0
pay_3aeb4a4c509a4c,fraud,electronics,787,0,19307.43,False,False,0
pay_05ab695e37644e,fraud,apparel,295,0,2655.76,True,False,0
pay_acf289fddafb45,not_received,apparel,346,0,2520.58,True,False,0
pay_22e638b2771443,not_received,apparel,7,4,3451.07,False,True,1
pay_f1925ba9e56449,not_received,digital_services,375,0,2700.25,True,False,0
pay_522b68bbedcf44,fraud,apparel,865,2,3561.54,True,False,0
pay_402dcc0c427146,fraud,apparel,695,0,2830.62,True,False,0
pay_180b1e940f5b4f,not_received,digital_services,10,2,4377.45,False,False,0
pay_62619829c7e845,damaged,apparel,249,0,1538.98,True,False,0
pay_814bfe086bb44e,fraud,apparel,140,0,1925.3,True,False,0
pay_92dd5c3af22849,not_received,apparel,200,0,2782.31,True,False,0
pay_8e901bf13a2a48,fraud,apparel,90,0,3022.69,True,False,0
pay_37d35fa0193240,fraud,apparel,9,5,4296.67,False,True,1
pay_c70562ab6c834a,not_received,electronics,295,0,21381.8,True,False,0
pay_edf3681972e84a,not_received,digital_services,1364,0,2566.82,True,False,0
pay_0e3ddb1ab7964f,fraud,electronics,72,0,21223.38,False,False,0
pay_0b03dbf13cb44e,fraud,apparel,843,0,3622.48,True,False,0
pay_abc35f5e9e434d,damaged,electronics,470,1,23248.97,True,False,0
pay_273b386bd1ca40,damaged,apparel,669,0,3453.48,True,False,0
pay_a5998422030e46,damaged,digital_services,7,6,3459.59,False,True,1
pay_d127a7c3e3a84c,not_received,digital_services,13,4,2792.44,True,True,1
pay_e1b586769c134a,not_received,apparel,13,4,2232.87,False,True,1
pay_c741b0cbdd4646,fraud,apparel,1315,0,1678.82,True,False,0
pay_43291c7f467545,fraud,apparel,907,0,1917.8,False,False,0
pay_3e7e1f9b9bf94f,not_received,electronics,633,0,23502.93,True,False,0
pay_9ecedbff939840,not_received,electronics,565,0,19514.97,False,False,0
pay_b8e36d8d897d40,fraud,apparel,1,3,2612.77,False,False,0
pay_cd76ae16754d41,damaged,digital_services,1041,0,3016.02,False,False,0
pay_50262ff88a3047,fraud,apparel,1274,2,2767.65,True,False,0
pay_8c5cf386e8a84f,fraud,apparel,611,2,3322.09,True,False,0
pay_6e5602fcdfc74b,fraud,digital_services,1310,0,1225.44,True,False,0
pay_8412143bf60040,not_received,apparel,1058,0,2616.98,True,False,0
pay_6a06c015b2cd4e,fraud,electronics,2,3,29233.47,False,True,0
pay_3501fe4ec18544,fraud,electronics,279,0,21542.95,True,False,0
pay_5d412554901f4e,not_received,electronics,421,0,20045.72,False,False,0
pay_39d7d91f595348,not_received,apparel,904,2,3860.14,True,False,0
pay_af22d816075946,not_received,electronics,1124,0,16885.76,True,False,0
pay_9358ede70bb04d,fraud,apparel,798,0,3951.62,False,False,0
pay_ada9348201a143,not_received,digital_services,696,1,2572.2,True,False,0
pay_f8682b03887641,not_received,electronics,7,2,24485.46,False,True,0
pay_6dd1d7aa0a1f46,fraud,electronics,1428,0,14899.91,False,False,0
pay_ccdf10fd667043,damaged,apparel,2,6,3753.02,False,True,1
pay_d4b7bd21c6584a,not_received,electronics,911,1,24374.21,True,False,0
pay_770d2251a06b40,fraud,apparel,1169,0,1572.46,True,False,0
pay_120b617b2e3845,damaged,apparel,77,1,4526.43,True,False,0
pay_f669408596f148,damaged,apparel,679,0,3868.42,True,False,0
pay_37b44cf0138647,damaged,digital_services,1209,0,4769.14,True,False,0
pay_8a250a475d034c,not_received,electronics,1321,0,17163.2,False,False,0
pay_f1ab1c010d6444,fraud,electronics,535,0,30634.99,True,False,0
pay_cbf528a3370442,fraud,digital_services,1324,0,3703.64,True,False,0
pay_2d5cd2c4920e49,not_received,electronics,11,5,28573.84,False,True,0
pay_1e024d160be449,damaged,electronics,1391,0,25908.53,True,False,0
pay_a39a225c30b642,not_received,digital_services,1170,0,3368.34,True,False,0
pay_ee83dd2c84c74f,damaged,electronics,1434,0,17096.75,True,False,0
pay_f06f925f244f44,fraud,electronics,1243,2,23385.8,True,False,0
pay_20da6dc8c6b24d,not_received,apparel,1353,0,2611.3,True,False,0
pay_ca1a2328eb7541,damaged,electronics,200,0,22783.62,True,False,0
pay_c034ca1e27344e,not_received,apparel,564,0,2429.12,True,False,0
pay_49d06ea5c4bf42,damaged,apparel,2,6,3738.1,False,True,1
pay_e60a2d1c0f8c4a,not_received,apparel,10,3,2165.66,False,True,0
pay_5d98d0d920564b,not_received,electronics,920,0,28754.59,True,False,0
pay_98dd91dfbd4f44,not_received,digital_services,942,0,2309.89,False,False,0
pay_51ea9c875f9c4d,damaged,electronics,215,0,22387.2,True,False,0
pay_10035f6e23d145,not_received,apparel,1358,0,1486.55,True,False,0
pay_ded99dd51b4d4c,fraud,digital_services,1,4,3707.0,False,True,0
pay_24a9eb4c8bd54d,not_received,apparel,5,3,3753.86,False,False,0
pay_256c018c47a048,not_received,electronics,295,0,30171.81,True,False,1
pay_0b95ba31c47448,fraud,electronics,737,2,24724.47,True,False,0
pay_64d77d0ed12d42,not_received,digital_services,602,0,4886.42,True,False,0
pay_276e67cc134646,fraud,apparel,1194,0,2793.52,False,False,0
pay_27fc854f451445,not_received,digital_services,1145,0,3615.59,False,False,0
pay_89e6d0023cfd48,damaged,apparel,636,0,3438.06,True,False,0
pay_14c3704a764144,not_received,electronics,238,0,22903.49,True,False,0
pay_41a857f2e2454b,damaged,electronics,1042,0,27368.58,True,False,0
pay_dd3e00e41aab4e,fraud,digital_services,1198,0,3791.21,True,False,0
pay_399f2c6accc64f,damaged,apparel,929,0,2612.52,True,False,0
pay_7b67224240f74d,fraud,electronics,1022,0,28695.38,True,False,0
pay_e2971b257c454f,fraud,apparel,991,0,3598.27,True,False,0
pay_3af3ef0c936a46,damaged,electronics,355,1,24080.72,True,False,0
pay_0cc7d9c6b3854c,not_received,electronics,3,2,26061.36,False,True,1
pay_b4f914d7560446,fraud,apparel,511,0,3299.65,True,False,0
pay_d85f400b53e040,damaged,electronics,1167,0,32804.54,True,False,0
pay_8a53a98f619e46,not_received,electronics,506,0,21415.99,False,False,0
pay_a6f4d428df8746,damaged,apparel,744,0,3300.36,True,False,0
pay_61a891f25a254e,not_received,apparel,1429,0,2290.33,True,False,0
pay_a68865be88e44c,not_received,electronics,1,2,18048.3,False,True,0
pay_bbf8654ebb954c,not_received,electronics,769,0,26183.41,False,False,0
pay_5eeb5c2e60a94d,fraud,digital_services,624,2,4693.7,False,False,0
pay_b12542263f2340,not_received,electronics,1055,0,26330.69,True,False,0
pay_55c8ec70e90941,not_received,electronics,341,0,15056.06,True,False,0
pay_c03cc9e1700a4b,fraud,electronics,351,0,26692.99,True,False,1
pay_71b6ef88baff4a,fraud,electronics,794,0,25531.23,False,False,0
pay_f802ad743f054f,fraud,apparel,12,6,1862.63,True,False,1
pay_6b9f6b24d7474a,damaged,digital_services,1,6,3166.7,False,False,0
pay_62d79807494645,not_received,apparel,69,0,3378.1,True,True,1
pay_749d3884e9e149,not_received,apparel,606,2,1496.66,True,False,0
pay_ff15d715e41143,damaged,digital_services,747,0,4067.66,True,False,0
pay_0a31e5fc46f641,not_received,electronics,2,4,21705.74,False,False,0
pay_7ecbc6189fcd42,damaged,apparel,362,0,2940.06,False,False,0
pay_a1f43adced2e44,fraud,apparel,402,1,4054.54,True,False,0
pay_19e0f857540046,fraud,electronics,1228,2,25889.95,False,False,0
pay_ac9ea3afe1ff45,not_received,apparel,246,1,769.36,True,True,1
pay_80d646f409f34d,not_received,apparel,643,0,3614.32,False,False,0
pay_f964341c44664b,damaged,apparel,36,1,2179.41,True,False,0
pay_7f6a788011f94c,not_received,electronics,46,0,37646.08,True,False,0
pay_7fce321b28424e,fraud,electronics,922,0,26649.39,True,False,0
pay_7a54569215e047,not_received,electronics,501,0,17480.3,True,False,0
pay_10031d988a2848,not_received,electronics,1155,0,26071.4,True,False,0
pay_4ba6c7c11d2e47,fraud,apparel,942,0,4005.05,False,False,0
pay_4cdf575cfe1d40,not_received,electronics,6,4,23027.0,False,False,0
pay_247a49537e154b,damaged,apparel,1427,0,2798.27,True,True,1
pay_1fb071d0db6644,damaged,electronics,502,0,24534.58,False,False,0
pay_1e3c27150b424d,not_received,apparel,858,0,2776.15,True,False,0
pay_0d4cee1a00254f,fraud,digital_services,358,0,4709.48,True,False,0
pay_bbd23ebb4afd41,fraud,digital_services,416,0,3350.7,True,False,0
pay_a661f580683c46,not_received,apparel,1226,0,1158.75,True,False,0
pay_be2b176a005c40,not_received,electronics,728,0,19305.6,True,True,1
pay_baf4201cd46641,fraud,electronics,1051,0,16455.17,True,False,0
pay_68f5049e1c8d47,fraud,apparel,1085,1,3937.77,True,False,0
pay_fce49668d62d45,damaged,digital_services,1376,0,1443.04,True,False,0
pay_12e1e15de5c345,damaged,apparel,798,0,3474.92,True,False,0
pay_be8fd4ffeac84a,not_received,apparel,133,2,4489.79,True,False,0
pay_d61ad7ae96af43,fraud,apparel,37,0,2283.34,True,False,0
pay_75358df54e6e4f,fraud,apparel,2,5,3213.63,False,True,1
pay_5d5cf250585244,fraud,apparel,248,2,3507.61,True,False,0
pay_b8cd1245690949,not_received,electronics,1492,0,23834.88,True,False,0
pay_4fc1e0f032bb43,fraud,electronics,85,0,29911.88,True,False,0
pay_43756427e7034f,damaged,apparel,57,0,100.0,True,False,0
pay_720d6688f3f941,damaged,digital_services,394,2,3255.57,True,False,0
pay_89e97ee2ebf44e,fraud,apparel,12,3,3057.85,False,True,1
pay_b53234833cd649,not_received,apparel,554,0,2950.72,True,False,0
pay_39414491e3a849,not_received,electronics,924,0,30139.94,True,False,0
pay_f684ef06101748,damaged,apparel,821,0,2100.92,True,False,0
pay_d52a81edfb0242,damaged,electronics,8,6,29507.46,False,True,1
pay_b26d8ac479054c,fraud,apparel,12,6,2752.08,False,True,0
pay_31e6f72da4aa4c,fraud,apparel,945,0,1988.65,False,True,1
pay_1b91f29a2f3840,not_received,apparel,469,0,1573.16,True,False,0
pay_25c4b90487744d,not_received,electronics,110,0,29084.84,True,False,0
pay_72ac75b96ba14a,fraud,apparel,829,0,2038.1,True,False,0
pay_4bde0d87ae3049,not_received,electronics,1122,0,32951.31,True,False,0
pay_050ea6c6bc5f48,not_received,electronics,1173,0,27010.09,True,False,1
pay_e58cc24e81c54a,fraud,apparel,13,2,3338.77,False,True,0
pay_b73140f8b39c42,damaged,apparel,466,0,696.03,True,False,0
pay_41f4689d00c347,fraud,electronics,1465,0,24164.48,True,False,0
pay_a53fdc99943944,not_received,digital_services,804,1,3181.07,True,False,0
pay_5f9de617df054f,not_received,apparel,421,0,4212.8,True,False,0
pay_0d0f6efe2dcc4e,fraud,apparel,948,1,2178.54,True,False,0
pay_4871dcc42f914d,not_received,apparel,904,2,1883.95,True,False,0
pay_cd92001a49a54d,not_received,apparel,244,0,4699.47,True,False,0
pay_69b89f688ab44d,damaged,apparel,874,0,3529.24,True,False,0
pay_2f93d61b645442,fraud,digital_services,219,1,2882.47,True,False,0
pay_d5669c673e7c48,not_received,digital_services,1317,0,5504.12,True,False,0
pay_1f16d08558614f,not_received,apparel,1226,0,3166.85,True,False,0
pay_531cd07196f74e,not_received,apparel,13,5,2161.9,False,True,0
pay_ff4c81d99f214c,damaged,electronics,838,0,23682.34,True,False,0
pay_dd0a7097790942,fraud,electronics,1164,0,26252.31,True,False,0
pay_537e64936d0645,fraud,apparel,8,2,2393.78,False,True,0
pay_343c9363cac947,not_received,digital_services,1063,0,1467.28,True,False,0
pay_6f6033c703064b,fraud,apparel,521,1,1616.96,True,False,0
pay_2aeb21434e4a41,damaged,apparel,1381,1,3715.17,True,False,0
pay_ebbec807ce154f,not_received,electronics,1225,0,23618.79,True,False,0
pay_841915cf378742,not_received,apparel,681,0,3046.55,True,False,0
pay_35dd3d15e2824e,damaged,apparel,1205,0,3554.73,True,False,0
pay_a17ec036b62243,not_received,apparel,1316,0,4770.17,True,True,1
pay_12500ad7acc749,not_received,electronics,1011,0,30582.32,False,False,0
pay_d909cc5062574c,fraud,apparel,1291,0,2542.96,True,False,0
pay_ca270fecdab344,fraud,digital_services,991,0,3837.53,True,False,0
pay_474d9018a5a745,fraud,digital_services,525,0,2725.14,True,True,1
pay_b660cb0d48ed4b,not_received,digital_services,48,2,2773.94,True,False,0
pay_30556e6f178e43,not_received,electronics,296,0,30286.28,True,False,0
pay_3ad88afaeee642,fraud,digital_services,739,0,2115.15,True,False,0
pay_2d25260b71f24b,not_received,digital_services,845,1,2977.59,True,False,0
pay_fbbd0028919345,fraud,digital_services,1350,0,1710.71,True,False,0
pay_b760706835a245,damaged,digital_services,917,0,2811.59,True,False,0
pay_e061657d088f4a,fraud,digital_services,350,0,893.12,True,True,1
pay_d58653fbda5b4b,damaged,electronics,1,6,23713.48,False,False,0
pay_4d6ee14a629142,not_received,electronics,172,0,22850.58,True,False,0
pay_9ae351a1f6f54a,not_received,apparel,978,0,2688.85,True,False,0
pay_31ae8f0306874a,fraud,apparel,335,0,2419.86,True,False,0
pay_654f7efd540b4a,damaged,electronics,816,0,26832.22,True,False,0
pay_f274583dc1dd4f,fraud,apparel,771,0,3791.69,True,False,0
pay_966aa34a94ad42,not_received,electronics,7,5,17295.93,False,True,1
pay_d52eb0898b6f49,damaged,electronics,985,2,22646.02,True,False,0
pay_650d06f9f30548,damaged,electronics,431,0,15433.11,True,False,0
pay_689a08bb731441,not_received,electronics,1422,1,19965.6,True,False,0
pay_eb0357d728f649,damaged,apparel,217,1,2678.01,False,False,0
pay_245dae766efd4f,not_received,digital_services,13,5,1072.81,False,True,1
pay_abba05c5973947,fraud,apparel,1282,0,3954.07,True,False,0
pay_556c98232cd64a,not_received,apparel,1383,2,3789.01,True,True,1
pay_14a1d20b1ed94a,fraud,electronics,191,0,23459.5,True,False,0
pay_aedfdc06699447,fraud,apparel,879,0,2562.97,False,False,0
pay_c03a8218258a41,not_received,digital_services,599,0,3499.71,True,False,0
pay_7c2cb59c4b7548,not_received,apparel,92,0,3253.86,True,False,0
pay_225964578efb48,fraud,electronics,786,0,26330.8,False,False,0
pay_a4b904b0b0314b,damaged,digital_services,87,0,2576.83,True,False,0
pay_2a0be2b8e25745,fraud,digital_services,7,2,2053.12,False,False,0
pay_4cdaf7c3fcf94e,damaged,electronics,858,0,24649.1,True,True,1
pay_4bf98157861d48,damaged,electronics,1041,0,22724.4,True,False,0
pay_adcdf2895c0248,damaged,electronics,1223,0,17719.79,True,False,0
pay_3590b6034fc74a,damaged,electronics,590,0,28353.71,True,False,0
pay_38932e9d6d154f,fraud,digital_services,1135,0,3498.19,True,False,0
pay_4755b73766da4a,not_received,digital_services,1329,0,3155.88,True,False,0
pay_5b9c9d2e91db49,fraud,apparel,1120,0,3330.97,True,False,0
pay_a3112f8233484d,fraud,apparel,1278,1,1922.39,True,False,0
pay_8c394c86dde943,not_received,apparel,1017,0,1875.83,True,False,0
pay_1e57057f015948,fraud,electronics,3,6,27994.33,False,True,0
pay_d4a1c4c4054447,damaged,apparel,494,0,1231.13,True,False,0
pay_ef4b619380e748,damaged,digital_services,1012,0,2396.17,True,False,0
pay_c2cd0cc651cf47,fraud,digital_services,832,0,2901.26,True,False,0
pay_b789319011b941,not_received,electronics,11,5,28997.59,False,True,0
pay_3204dbcd527749,not_received,apparel,1341,0,2725.07,True,False,0
pay_216b684b9bc446,damaged,electronics,5,5,21945.75,False,False,0
pay_00533228cb2d41,not_received,apparel,8,6,2471.8,False,True,1
pay_846ee42123a644,fraud,apparel,618,1,3634.69,True,False,0
pay_b0c605a386a441,not_received,electronics,1169,0,24228.24,True,False,0
pay_0df41d124dfb44,not_received,apparel,342,0,2935.67,True,False,0
pay_71e6f75a576348,damaged,apparel,90,0,2364.93,True,False,0
pay_247ffad8243048,fraud,electronics,972,2,26122.35,True,False,0
pay_ba049349d9c246,fraud,digital_services,1007,0,3290.29,True,False,0
pay_052a82924b784b,damaged,electronics,1416,0,29956.49,True,False,0
pay_fa0184df42ce4f,damaged,electronics,1319,0,29202.67,True,False,0
pay_8525347890af47,damaged,electronics,60,0,22791.92,True,False,0
pay_c63ab32368a944,not_received,electronics,1414,1,24267.98,True,False,0
pay_862709c4088b4f,not_received,apparel,10,2,2849.35,False,True,0
pay_10ab9d6579fa4f,not_received,apparel,869,1,3855.6,True,False,0
pay_c14da6be65ae4e,fraud,apparel,357,0,2576.62,True,False,0
pay_e1a1ad348b5c4d,not_received,electronics,1369,0,32682.03,True,False,0
pay_9abdc5806e6641,fraud,electronics,7,4,16849.38,False,True,1
pay_804efc403b0040,fraud,apparel,419,0,856.46,True,False,0
pay_c0ab563a549346,damaged,apparel,917,0,4330.85,True,False,0
pay_ccc53abcafa347,fraud,electronics,6,3,17920.37,False,False,0
pay_d4ed3479d44a47,damaged,electronics,12,5,21235.11,True,True,1
pay_7bbb1d433be34d,fraud,electronics,598,0,29600.68,True,False,0
pay_f80626ade2b045,fraud,electronics,734,0,30839.37,True,False,0
pay_6353229efa7941,not_received,electronics,463,0,22389.19,True,False,0
pay_2fa2e31cafb844,not_received,apparel,566,0,2343.5,True,False,0
pay_8932b2c7a0554b,not_received,electronics,1315,0,23307.35,True,False,0
pay_70197f9fa9204c,damaged,electronics,500,0,30807.55,True,False,0
pay_7e71e4bdc94347,fraud,apparel,84,2,4656.03,True,False,0
pay_442f8d9369b84e,damaged,apparel,730,0,2931.6,True,False,0
pay_dcea4b5eb93844,fraud,apparel,266,0,3074.87,True,False,0
pay_85909b707c8e47,damaged,electronics,2,3,26482.43,False,True,1
pay_aa656602f9ed40,not_received,apparel,11,3,2636.52,False,True,0
pay_19e028062d4146,damaged,apparel,780,0,1160.88,True,False,0
pay_76b36b45890c41,not_received,electronics,3,3,25865.71,False,True,0
pay_c95ed675cc0b43,fraud,electronics,7,4,31556.73,False,False,0
pay_e84d2a4139e04b,damaged,electronics,272,0,20835.57,False,True,1
pay_2fdddf38051846,fraud,apparel,8,2,4106.8,False,True,0
pay_8f98ab8e551c48,fraud,apparel,1182,0,2991.41,True,False,0
pay_5e1fdd3f0a0c4e,damaged,electronics,493,0,20544.35,True,False,0
pay_397043b98cb944,fraud,electronics,716,0,19537.68,True,False,0
pay_aac246ba30884d,fraud,digital_services,560,0,2164.14,False,False,0
pay_65b9aaa60a1948,not_received,apparel,91,0,2833.52,False,False,0
pay_48e088384a1940,damaged,electronics,1273,0,25492.35,True,False,0
pay_24979b5dcdc147,fraud,apparel,5,6,3764.43,False,True,0
pay_52d6dd628af742,not_received,electronics,440,1,21001.41,True,False,0
pay_94c903b6341743,not_received,apparel,623,0,2619.82,True,False,0
pay_f7ea58f1b16f49,damaged,apparel,361,2,4050.03,False,False,0
pay_a303876c2d0143,damaged,digital_services,472,0,2825.1,True,False,0
pay_e9179850970042,not_received,apparel,1182,0,2357.15,True,False,0
pay_5b158b153daa40,not_received,electronics,4,6,22165.6,False,True,0
pay_6f957089af6049,not_received,apparel,798,0,3874.02,True,False,0
pay_eae7e28e67644f,fraud,digital_services,781,0,2845.72,True,False,0
pay_dc098e68dea34e,not_received,apparel,705,2,1805.55,True,False,0
pay_a6d28e193b4c40,damaged,electronics,185,0,32388.32,True,False,0
pay_6c3a3a94386e4e,not_received,digital_services,4,5,2884.33,False,True,1
pay_5743c58fab144e,fraud,electronics,1105,0,17541.9,True,False,0
pay_5834d42eef1640,not_received,electronics,819,0,22728.18,True,False,0
pay_fe11e3c360d34c,not_received,electronics,712,2,21821.34,True,True,1
pay_d0b90fb8250a49,not_received,electronics,1417,0,27885.23,True,False,0
pay_4f49a3453d7342,not_received,apparel,1387,2,2975.51,True,False,0
pay_521bb469e83246,not_received,electronics,12,3,16393.65,False,True,1
pay_40b46c7b42e340,fraud,electronics,297,0,30956.15,True,False,0
pay_5bdf9988b17d40,damaged,apparel,452,0,3809.35,True,False,0
pay_753bc976034e48,not_received,apparel,241,0,3211.39,True,False,0
pay_67ebbab913be47,fraud,digital_services,338,0,3499.84,True,False,0
pay_e09710e0af5c49,fraud,electronics,1012,0,27685.12,True,False,0
pay_c7f15586de604d,damaged,electronics,1107,0,19956.47,True,False,0
pay_571d2a2ab8c34d,damaged,apparel,1099,0,4225.68,True,True,1
pay_4d28b65a706347,not_received,electronics,303,0,18312.98,True,False,0
pay_0eac3cb50dfb48,fraud,electronics,292,0,23596.93,False,True,1
pay_2ffb031c38da47,fraud,apparel,46,0,3425.46,True,False,0
pay_4d65f4af0ccd4a,fraud,apparel,902,0,3484.25,True,False,0
pay_d84a6af180ac4f,not_received,apparel,1382,0,3031.1,True,False,0
pay_33281de8c86341,not_received,apparel,150,0,2460.81,True,True,1
pay_abaa91abbfae41,not_received,apparel,745,0,3345.83,True,False,0
pay_d15429b265d846,not_received,electronics,1,3,22241.28,False,True,1
pay_1d963c10e58844,fraud,electronics,471,0,30061.63,True,False,0
pay_b563fe46361b46,fraud,electronics,3,2,24330.12,False,True,0
pay_09423b27997a49,fraud,digital_services,1086,0,2691.2,True,False,0
pay_8d862150c46c43,fraud,apparel,1227,1,4016.14,True,False,1
pay_aacf2a7390b14f,fraud,apparel,367,0,3862.43,True,False,1
pay_941f48e237d548,not_received,electronics,1441,0,19249.21,True,False,0
pay_9b2b6202bd414a,damaged,electronics,581,2,33391.58,False,False,0
pay_32e23e10952f4b,not_received,digital_services,120,0,3200.6,True,False,0
pay_46bf21ed006847,damaged,digital_services,9,6,3307.16,False,False,0
pay_19f9f92b4bb144,not_received,electronics,714,0,17491.72,True,False,0
pay_8926f525eadc44,not_received,digital_services,1179,0,2222.67,True,False,0
pay_7f697dddf5fd41,fraud,electronics,652,0,23733.26,True,False,0
pay_d99b0b7b33bb44,damaged,electronics,533,0,23547.94,False,False,0
pay_22d4ca39f67443,fraud,electronics,304,0,20419.57,True,True,1
pay_d2baebb06b2c49,fraud,apparel,370,0,3252.85,True,False,0
pay_ff37e390edca4e,fraud,apparel,75,0,2295.16,True,False,0
pay_663d3e5d20094b,damaged,digital_services,1395,0,2178.37,True,False,0
pay_3fa20a03cd7d40,damaged,electronics,834,0,28762.28,False,False,0
pay_df921a1ab91548,not_received,apparel,132,0,3553.33,True,False,0
pay_e58ce8c2d22d45,not_received,electronics,1449,0,29287.51,True,False,0
pay_c1304c6a8caf48,not_received,electronics,1345,0,27863.73,True,False,0
pay_e53d4f1c3d504c,damaged,electronics,350,0,23871.32,True,False,0
pay_7bdbf1817e014d,not_received,digital_services,11,2,2216.65,False,False,0
pay_82b805d8f1e442,damaged,apparel,732,0,2905.36,True,False,0
pay_4c32a2bd816643,fraud,electronics,768,2,22655.91,True,False,0
pay_e5844c4ca03b4e,fraud,electronics,1449,0,24316.65,True,False,0
pay_50ffd31f76c64b,damaged,apparel,957,0,3751.71,True,False,0
pay_f7b3c6d545ee47,fraud,electronics,1242,0,18513.82,False,False,0
pay_66b56c85ba9c48,damaged,digital_services,1462,0,2527.87,True,False,0
pay_0ded299e401b4e,not_received,digital_services,229,0,3743.25,True,False,0
pay_2c1581e4dd0244,damaged,apparel,1308,0,586.92,False,False,0
pay_a14e08f1543343,fraud,apparel,364,0,3233.4,True,False,0
pay_361b0336ccc642,not_received,apparel,8,5,2424.29,False,True,0
pay_859e9411791141,not_received,electronics,131,0,12876.55,True,False,0
pay_24fb076b424f42,not_received,electronics,420,0,22753.74,True,False,0
pay_bdf135679b2743,not_received,electronics,773,0,23272.61,True,False,0
pay_56de1e955d9946,damaged,digital_services,75,0,2581.64,True,False,0
pay_6a42e06448af48,not_received,apparel,1499,0,3789.44,True,False,0
pay_9044440b0cfc43,fraud,electronics,1165,0,24710.89,True,False,0
pay_e8b56f94a3924d,damaged,apparel,1214,0,1920.71,True,False,0
pay_45693a963bb24c,fraud,electronics,610,0,24995.36,True,False,0
pay_d8961e873be049,fraud,digital_services,863,0,1213.91,True,False,0
pay_5b300d80dd0b4b,fraud,electronics,726,0,20887.37,True,False,0
pay_9dddc32879df44,damaged,apparel,1289,0,1226.01,False,False,0
pay_ebeb2d171e2049,fraud,electronics,273,0,29973.09,False,False,0
pay_234e6710f17f4a,fraud,apparel,447,0,3271.78,True,False,0
pay_d59d39772f8641,damaged,electronics,875,0,26029.62,True,False,0
pay_f584d7f1964e4c,damaged,electronics,882,0,23543.57,True,False,0
pay_78d21a3978a246,fraud,apparel,7,5,4102.86,False,True,1
pay_d65af269f07b41,not_received,apparel,4,4,3693.84,False,False,0
pay_ac785b9eb3424e,damaged,digital_services,916,1,250.69,True,False,0
pay_eb54769eb36148,fraud,apparel,10,5,2195.29,False,True,0
pay_e541cd5f970d4a,damaged,apparel,1474,0,1923.01,True,False,0
pay_1be44c177e764a,not_received,digital_services,725,0,2787.26,False,True,0
pay_1f2bb9011c8046,not_received,digital_services,68,0,2165.1,True,True,1
pay_213b3aec7f7040,not_received,apparel,747,0,3806.17,True,False,0
pay_9e84f4dc4d8846,not_received,apparel,354,0,3706.12,True,False,0
pay_a02780e5e25e47,fraud,digital_services,246,0,3313.37,True,False,0
pay_a90098d336434a,not_received,apparel,1375,1,1838.38,True,False,0
pay_132e5934de3d4d,fraud,apparel,653,0,1513.73,True,False,0
pay_d925ea30b6cd4e,not_received,electronics,177,0,19012.93,True,False,0
pay_d9b3b553b3c145,fraud,apparel,935,0,3324.09,True,False,0
pay_4b20f4c0fe314b,damaged,electronics,645,0,15016.67,True,False,0
pay_9d6a43d3b1e64a,fraud,electronics,903,0,23214.88,True,True,1
pay_b27dec29bcd249,not_received,digital_services,446,0,4457.37,True,False,0
pay_54c6df7602b64c,not_received,apparel,1131,0,1934.1,True,False,0
pay_2d14cf15927441,not_received,apparel,8,2,3445.59,False,True,0
pay_9f11a50619db46,not_received,apparel,782,0,1457.59,True,False,0
pay_0e10931b5b4d4e,not_received,electronics,1011,0,18098.54,True,False,0
pay_8dece087b89340,fraud,electronics,1473,0,24440.3,True,False,0
pay_5a44c06a04db41,fraud,electronics,347,1,17383.83,False,False,0
pay_7b3e38ed01b44b,not_received,electronics,1389,0,19305.81,True,False,0
pay_53becbe324c54a,damaged,apparel,4,5,3271.23,False,True,1
pay_d6c789d7971d42,fraud,digital_services,496,1,3919.29,True,False,0
pay_17a487d417f24e,fraud,electronics,4,6,32130.68,False,True,1
pay_2e2dc8e1ee4342,fraud,electronics,232,0,19021.68,True,False,0
pay_021e3cda48d040,not_received,digital_services,1432,0,3478.89,True,False,1
pay_b01517a4dba642,fraud,apparel,430,0,4845.07,False,False,0
pay_fc5a7272dc1446,damaged,electronics,1143,0,27434.38,True,False,0
pay_e44fa7f85a3748,fraud,electronics,1448,0,21088.06,True,False,0
pay_2e3641c726194f,fraud,apparel,7,4,4713.94,True,True,1
pay_ba1831d19d2d4f,fraud,electronics,1069,0,22150.58,True,False,0
pay_f0127fac268543,not_received,apparel,360,0,2691.31,False,False,0
pay_3f5bc4d85b1941,not_received,apparel,883,1,4558.99,True,False,0
pay_456997bce15b40,fraud,digital_services,897,0,2603.9,True,False,0
pay_5cbc6935283d43,damaged,apparel,509,0,1969.61,True,True,1
pay_49638ff748c44e,fraud,electronics,1464,0,21617.2,True,False,0
pay_ebba103fd73642,not_received,electronics,109,0,32946.61,False,False,0
pay_c01fc5127a0143,not_received,apparel,386,1,2743.02,True,False,0
pay_a1ef9ec8864348,fraud,electronics,1336,0,37087.42,True,False,0
pay_2b505a09d59542,damaged,electronics,1024,0,31868.4,True,False,0
pay_c4ea910e03d34d,damaged,electronics,9,5,23227.71,False,True,1
pay_b347e760cae745,fraud,apparel,1007,0,4375.24,True,False,0
pay_c2956768591140,not_received,apparel,845,0,1875.86,True,False,0
pay_20d4c61a3d9149,fraud,electronics,566,0,21677.85,True,False,0
pay_93a509d2178744,not_received,apparel,2,6,2699.31,False,True,0
pay_d113164f8ba142,fraud,apparel,4,4,2470.4,False,True,1
pay_50651b1a8ea849,damaged,digital_services,1,4,3353.69,False,True,1
pay_898d64f652da43,fraud,digital_services,1347,1,2546.9,True,False,0
pay_11e6516627bf4f,fraud,digital_services,197,1,2403.83,True,False,0
pay_ba98462d50b645,fraud,digital_services,6,5,5209.04,False,True,1
pay_9281ec9c4aa745,fraud,apparel,2,4,3324.73,False,False,0
pay_8df7064e3a5e4e,not_received,apparel,5,6,2632.46,False,False,0
pay_09d927588b2949,fraud,electronics,834,0,30314.45,True,False,0
pay_101faf41a3f848,not_received,apparel,268,0,1719.48,True,False,0
pay_a8f02f94100741,fraud,electronics,876,0,24604.77,True,False,0
pay_325a3070a4094c,not_received,apparel,247,0,3132.67,True,False,1
pay_cb76c3560f4a4a,not_received,electronics,7,2,27979.53,False,True,1
pay_b0be5b0611af44,damaged,electronics,12,4,21335.61,False,True,1
pay_1ba84ccbe6d644,damaged,electronics,914,0,31240.99,False,False,0
pay_bdbfd3a713a94d,damaged,digital_services,539,0,100.0,True,False,0
pay_ce0ee17d580845,not_received,electronics,2,4,26977.13,False,True,0
pay_4f032b1b2a2a47,fraud,digital_services,1407,0,2978.25,True,False,0
pay_343d0b9696274e,not_received,electronics,245,2,11784.45,True,False,0
pay_81a9a75ceb0845,damaged,apparel,507,0,1500.97,True,False,0
pay_5d05ff86d9954d,fraud,electronics,1489,0,27186.56,True,False,0
pay_e90cce64719148,not_received,electronics,1344,0,24802.48,False,False,0
pay_a85db1167b704b,fraud,digital_services,5,2,3433.83,False,True,0
pay_9338cf30dd1e46,not_received,electronics,3,6,34080.01,False,True,0
pay_56020b130a3045,not_received,electronics,1492,0,21619.24,True,False,0
pay_c5433dbee12041,not_received,apparel,1354,1,2719.54,True,False,0
pay_0cbc2fb837fa47,not_received,apparel,94,0,4364.77,True,False,0
pay_8478195b5eea46,damaged,digital_services,341,1,3860.84,True,False,0
pay_46dc7f18c51a41,not_received,apparel,513,0,5045.8,True,False,0
pay_8387210d86f348,damaged,apparel,1251,0,3053.04,True,False,0
pay_d789b2d9806345,fraud,apparel,593,0,2726.5,True,False,0
pay_8780aea4120649,not_received,apparel,90,0,1575.68,True,False,0
pay_e6972b3a654d47,not_received,apparel,1242,0,3108.54,True,False,0
pay_2291af932f0b4a,fraud,electronics,832,0,17944.99,True,False,0
pay_da5af61c565d4a,fraud,apparel,1076,0,3652.27,True,False,0
pay_947ef8c13f1947,not_received,electronics,618,0,26313.64,True,False,0
pay_21747e0bb57d4a,not_received,apparel,63,0,5009.15,True,False,0
pay_2bb465e08d8e47,not_received,electronics,648,0,23744.97,True,False,0
pay_dc7505a159174e,fraud,electronics,1389,0,15802.36,True,False,0
pay_46c2751a4d144d,fraud,apparel,274,0,3241.97,True,False,0
pay_f2f66aa44cbd43,not_received,electronics,477,0,25986.57,True,False,0
pay_20b61a3717f64d,fraud,electronics,1064,0,25154.7,True,False,0
pay_d3d6e7cdd13d47,fraud,electronics,1400,0,30630.23,True,True,1
pay_5cd6022ce7e845,fraud,electronics,890,0,33104.17,False,False,0
pay_2cf8af6e95664b,fraud,electronics,606,0,26985.33,True,False,0
pay_a699efae5fa647,fraud,apparel,179,1,2232.91,True,False,0
pay_b6f3169bdb0c41,fraud,apparel,10,2,2722.51,False,True,0
pay_176f59fdbfb84d,fraud,apparel,1094,0,2121.46,True,False,0
pay_4a8feb5cc64144,not_received,apparel,804,0,937.33,True,False,0
pay_0c04b001e99948,fraud,apparel,1394,2,3054.68,True,False,0
pay_8ecb73ab86b649,not_received,electronics,925,0,20534.19,True,False,0
pay_16061241e5a34e,damaged,digital_services,695,0,1600.94,True,False,0
pay_78f7aa4e670144,not_received,digital_services,4,6,1151.47,False,False,0
pay_77c146925ea24a,fraud,electronics,1150,0,20207.18,True,False,0
pay_d67f2fe8a8cb40,damaged,apparel,10,5,3638.97,False,True,1
pay_4b7a528f757141,fraud,electronics,5,6,21609.99,False,True,1
pay_5efe0212a39c41,fraud,electronics,42,0,20563.82,True,False,0
pay_42fccc6832f54d,damaged,electronics,1071,0,26845.01,True,True,1
pay_36861129733d4f,damaged,digital_services,1192,0,2075.3,True,False,0
pay_c1aec03f8a6c4e,not_received,apparel,727,0,2401.68,False,False,0
pay_8ce5b11585944d,not_received,apparel,50,0,4120.94,True,False,0
pay_14a4bc8101194b,not_received,apparel,838,0,2497.57,True,False,0
pay_834926c54bc34b,fraud,apparel,345,0,3901.32,True,False,0
pay_2db1e60f25a140,fraud,electronics,587,0,19133.81,True,False,0
pay_ef95bdb801da44,not_received,digital_services,430,1,3928.68,True,False,0
pay_e91a98e3e55f4b,damaged,apparel,2,6,2487.66,True,True,1
pay_4c1d2fac419047,fraud,apparel,401,0,1434.02,False,False,0
pay_9284181091f247,not_received,apparel,1139,0,3048.56,True,False,0
pay_b1ff64d460f648,fraud,digital_services,1382,0,2553.75,True,False,0
pay_4de6810b42a141,not_received,apparel,522,0,4014.84,False,False,0
pay_b9cb97f6b25842,not_received,electronics,546,2,24376.88,True,False,1
pay_dd571f6f810c4f,not_received,apparel,8,3,4596.69,False,True,1
pay_40da902f428e4b,fraud,electronics,924,0,27547.1,True,False,0
pay_dcdab503642e43,not_received,digital_services,3,5,3994.38,False,True,0
pay_42b0bdf828934c,not_received,apparel,744,0,4030.67,True,False,0
pay_4de25f71bab141,fraud,electronics,848,0,26852.28,False,False,0
pay_daa59386c0ad42,fraud,apparel,1476,0,2696.09,True,True,1
pay_18777d211bb141,not_received,electronics,648,2,22660.2,True,False,0
pay_864d27226fa44a,not_received,apparel,1238,0,1950.94,True,True,1
pay_5b6ec87a723a47,fraud,electronics,393,0,27015.61,True,False,0
pay_f44ed641afa04b,not_received,electronics,314,0,22617.75,True,False,0
pay_3ab4abd7ee6d4a,damaged,electronics,232,0,21547.77,False,False,0
pay_6d1f86ac9ac043,fraud,electronics,402,0,29388.23,True,False,0
pay_c2f57817d3e54d,not_received,electronics,515,0,30493.42,True,False,0
pay_3c1b18b96b4243,fraud,digital_services,456,0,2435.35,True,False,0
pay_ebd61f793f0946,fraud,electronics,758,0,23108.21,True,False,0
pay_76deef6104ef4a,fraud,electronics,910,0,27695.08,False,False,0
pay_67b91af1dea34b,not_received,apparel,591,0,2675.08,True,False,0
pay_54d610e70da245,damaged,digital_services,213,0,3390.79,False,False,0
pay_5688a3619c3d40,fraud,apparel,1115,0,3835.22,True,False,0
pay_a6bcafb7e9ff46,not_received,electronics,1153,0,27383.41,True,False,0
pay_1c0cc857edc941,not_received,apparel,225,0,4471.85,True,False,0
pay_b5a9e290ef1648,fraud,electronics,966,0,21502.7,True,False,0
pay_56dac56d297845,not_received,digital_services,1065,2,4366.84,True,False,0
pay_cdf175bfb65546,not_received,digital_services,12,6,2304.0,False,True,0
pay_e002b6d7502241,damaged,apparel,2,4,2971.65,False,True,1
pay_32492262cdc148,damaged,electronics,375,0,38964.93,False,False,0
pay_d3699bac2acd4b,fraud,electronics,1091,0,21046.36,True,False,0
pay_c09904ab580745,not_received,digital_services,564,1,4311.32,True,False,0
pay_c58482a60b4140,fraud,apparel,1421,0,3922.76,False,False,0
pay_3554da5ded8a42,not_received,electronics,7,5,33339.64,False,True,1
pay_4c6121d4d60f45,damaged,electronics,1,2,23024.73,False,True,1
pay_5d0ca192264f47,fraud,apparel,1403,0,2203.41,False,False,0
pay_c0d2d48f09184e,not_received,digital_services,167,1,3046.98,True,False,0
pay_4445d5b610e94f,not_received,apparel,359,0,2803.29,True,False,0
pay_3752ae8c4e9240,not_received,electronics,1212,0,25790.37,True,False,0
pay_b937b27f109d4d,fraud,apparel,1225,0,3993.75,True,False,0
pay_ac6899f46a504e,damaged,electronics,450,0,27587.37,True,True,1
pay_0c568b19952b47,not_received,digital_services,1462,0,2899.76,True,False,0
pay_0a813e9f8e3f49,fraud,electronics,8,2,26657.66,False,True,0
pay_fb78caffd3a145,fraud,apparel,50,0,2511.01,True,False,0
pay_3b0ad97cc2ae41,not_received,electronics,172,0,25989.16,True,False,0
pay_0dc0ab74ec4e41,fraud,electronics,263,0,28669.24,True,False,0
pay_303b4bcff6614a,fraud,apparel,7,4,590.3,False,False,0
pay_a7e19b43ea3e48,not_received,digital_services,11,5,6551.18,False,True,0
pay_76426b8e6f8e4f,not_received,electronics,9,2,29177.29,False,True,0
pay_492915e91d0c43,not_received,apparel,1038,0,2070.34,False,False,0
pay_55c23848eac144,fraud,apparel,1317,0,4118.06,True,False,0
pay_3e2d90e7c95c43,not_received,apparel,639,0,1968.14,True,False,0
pay_a2410bf8bd264a,damaged,apparel,646,0,3519.83,True,False,0
pay_a4e1f88b91a440,fraud,electronics,1207,0,26959.93,True,False,0
pay_5460235f088b4b,not_received,apparel,337,0,2963.64,True,False,0
pay_4533daec81e743,damaged,digital_services,1103,0,1446.13,True,False,0
pay_165f135f6ac94d,not_received,digital_services,821,0,4663.77,True,False,0
pay_d5d0cbc5fb4144,not_received,apparel,397,0,5507.36,False,False,0
pay_df187c09ae2e41,fraud,digital_services,2,5,2383.15,False,True,1
pay_4c650e5a38fc41,not_received,electronics,367,0,24512.94,True,False,0
pay_51b9f1b150f144,not_received,apparel,1079,0,4418.65,False,False,0
pay_156aabf061d54e,not_received,apparel,838,0,1864.81,True,False,0
pay_af19df6fde2c49,damaged,electronics,10,5,19681.73,True,False,0
pay_f3e18e689bec41,fraud,digital_services,685,0,3879.11,True,False,0
pay_11a0c1178b744f,fraud,electronics,81,0,17777.74,True,False,0
pay_03259e07cd7f4d,fraud,electronics,1494,0,24354.62,True,False,0
pay_87619b6bfbdc49,not_received,electronics,406,0,21312.99,True,False,0
pay_a2384138eebb40,fraud,electronics,898,0,28646.21,True,False,0
pay_7ac1b34b000344,not_received,apparel,848,0,4456.25,True,False,0
pay_22d5eb115ebe48,fraud,apparel,856,0,3822.51,True,False,0
pay_e4046ccb5f1d4e,not_received,electronics,791,0,15629.85,True,False,0
pay_b3999651d2bb42,fraud,digital_services,492,0,2004.21,True,False,0
pay_feb3f959e94443,damaged,electronics,787,0,27486.78,True,False,0
pay_5b94c4d80b594a,not_received,digital_services,325,0,3955.55,True,False,0
pay_0f1103314f2245,damaged,electronics,173,1,17230.98,False,False,0
pay_9d24a240352e41,not_received,apparel,1001,0,2384.38,True,False,0
pay_dfd41d1382e946,fraud,electronics,192,2,20877.41,True,False,0
pay_72fbf3e1087445,fraud,apparel,1335,0,2621.86,False,False,0
pay_23b1cdcda9a842,damaged,apparel,358,0,1703.6,True,False,0
pay_162ee288cd2c4d,not_received,digital_services,1,4,3792.36,False,True,0
pay_46f3595c706740,fraud,electronics,1240,0,17373.92,True,False,0
pay_eb5f92c699714a,not_received,apparel,1043,0,2714.75,True,False,0
pay_677c605f2cff46,not_received,apparel,416,0,2768.71,True,False,0
pay_3bea29b633e74a,fraud,digital_services,1,5,2678.75,False,True,1
pay_c11fd1d142a64c,fraud,digital_services,1,3,2083.36,False,False,0
pay_1e720d7caa7f4f,damaged,electronics,724,0,28051.76,True,True,1
pay_d1c6983494754b,fraud,apparel,106,2,3658.55,True,False,0
pay_7d4af09a24574c,fraud,electronics,461,2,21594.27,True,False,0
pay_2643d95c36ed40,fraud,apparel,264,0,2733.37,True,False,0
pay_b4e3d7473c3c4b,fraud,digital_services,1018,0,2805.29,False,False,0
pay_b552791eaee845,not_received,digital_services,978,0,3430.92,True,False,0
pay_cb322c786d5448,fraud,apparel,8,5,2077.42,True,True,1
pay_7b5f4043599a44,fraud,apparel,358,0,2820.36,True,False,0
pay_96ff9d419e5f4d,damaged,apparel,1405,0,2034.37,True,False,0
pay_789363703af84b,fraud,apparel,1290,0,3540.62,True,False,0
pay_6205dbeae56043,fraud,electronics,705,0,30257.36,True,False,0
pay_8afccd1ca1e44e,not_received,apparel,65,0,1963.0,False,False,0
pay_024eb9a7c5f544,not_received,electronics,771,0,21185.88,True,False,0
pay_0e6af73d3d9c4c,damaged,electronics,777,0,31316.17,True,False,0
pay_afaf45934a8347,fraud,apparel,68,0,2949.41,True,False,0
pay_e609296a84464d,damaged,digital_services,193,0,3096.73,True,False,0
pay_0fb3498ad3e543,not_received,apparel,11,6,2854.16,False,True,0
pay_f0dcd22883774e,not_received,apparel,178,0,3177.5,True,False,0
pay_d56a97994bd444,fraud,digital_services,812,0,3029.66,True,False,0
pay_54248c55b8b943,fraud,electronics,117,0,21435.01,True,False,0
pay_0670b33eb1dc43,not_received,electronics,972,0,27475.52,True,False,0
pay_3fe80df3fec046,damaged,digital_services,1240,0,3252.83,False,False,0
pay_9b88a79c533c43,not_received,digital_services,710,0,2728.87,True,False,0
pay_55fa5d568bdb4d,fraud,apparel,5,3,2335.06,False,True,1
pay_d997c9901b2340,fraud,electronics,1189,0,23723.52,True,False,0
pay_25e02815ace040,not_received,digital_services,335,1,3287.93,True,False,0
pay_92a44d55aefe4d,not_received,apparel,268,0,3527.69,True,False,0
pay_5c32213002f842,fraud,electronics,1343,0,24322.67,False,False,0
pay_22cc1c3cd51047,fraud,electronics,369,0,31886.62,True,False,0
pay_4e5752f5ecbf42,not_received,digital_services,904,0,4472.7,True,False,0
pay_1fc4ba6170cf4a,not_received,electronics,381,0,29536.96,True,False,0
pay_0a9c1a48d8f647,not_received,electronics,1450,0,21404.54,True,False,0
pay_02bc9f87d39c4a,damaged,apparel,49,0,1623.53,True,False,0
pay_9028eb38c9434b,not_received,electronics,1445,1,17771.89,True,False,0
pay_98ce3c9a7f0d40,fraud,electronics,640,1,36285.36,True,False,0
pay_304effd8faf24b,not_received,electronics,254,0,19594.79,True,False,0
pay_ff8252f8497c44,damaged,electronics,472,0,33563.83,False,False,0
pay_298ea81b79fe48,damaged,digital_services,210,0,2179.03,True,False,0
pay_9a3cf90ca6a94d,damaged,apparel,173,0,4082.24,True,False,0
pay_efed88109f0748,fraud,electronics,899,1,25567.38,True,False,1
pay_8d56a5c420f54e,not_received,electronics,131,0,26412.02,False,False,0
pay_6f2b9a75734140,damaged,electronics,1376,0,31671.13,True,False,0
pay_8b6dba7ec08b41,not_received,electronics,970,0,24768.18,True,False,0
pay_ff8494e3122543,fraud,apparel,1278,0,304.78,True,False,0
pay_339363d010684c,damaged,electronics,173,0,18282.11,True,False,0
pay_9a7b5657a9a14e,not_received,apparel,380,1,1107.09,True,False,0
pay_1e65e4aafb1d45,fraud,digital_services,1417,0,3089.51,False,False,0
pay_931affa0e1834d,fraud,electronics,778,0,22122.0,True,False,0
pay_115faaf4f69d45,not_received,electronics,1206,1,22657.33,False,False,0
pay_7cd63257050e42,not_received,digital_services,1361,0,3468.79,True,False,0
pay_2b2ad1df0b0c47,fraud,digital_services,648,0,5407.34,True,False,0
pay_e6233d701bb742,not_received,digital_services,8,2,2244.44,False,True,0
pay_034411baeed74b,not_received,apparel,805,0,2669.15,True,False,0
pay_9510703cffe248,not_received,digital_services,486,1,3301.05,True,False,0
pay_aa5c01cfeb9540,fraud,digital_services,810,0,3451.19,False,False,0
pay_62189c2f9edc49,not_received,apparel,300,0,4617.98,True,False,0
pay_2a99dfb5842344,fraud,apparel,338,0,2526.12,False,False,0
pay_e87a5cb070e24d,fraud,electronics,1041,0,27932.44,True,False,0
pay_4ea97c33414d48,fraud,apparel,290,0,3629.68,True,False,0
pay_4041797da97b4b,damaged,electronics,539,0,16918.56,True,False,0
pay_29cdbbd0dc2749,fraud,electronics,554,0,24264.42,True,False,0
pay_0695ba68b0354b,fraud,electronics,352,1,19458.65,True,False,0
pay_ae3117ddeb5f43,fraud,electronics,48,0,10191.62,True,False,0
pay_ff2c341462ca42,not_received,apparel,1468,0,1277.99,True,False,0
pay_eb3fd8c322a547,damaged,apparel,1149,0,4228.2,True,False,0
pay_54a0aabc532049,damaged,electronics,850,0,30640.97,True,False,0
pay_8c6ed86a286447,fraud,apparel,607,2,4611.92,True,False,0
pay_9f024bcc39764c,fraud,apparel,150,0,742.96,False,False,0
pay_21f9f8c0ff9a43,fraud,apparel,1261,0,2082.21,True,False,0
pay_57d12a6e182b40,not_received,electronics,1423,0,22717.07,True,False,0
pay_941c6184c34f49,fraud,digital_services,1437,0,4333.67,False,False,0
pay_f89895820b7441,fraud,apparel,1314,0,2798.23,True,False,0
pay_7138bfec662740,not_received,digital_services,387,0,3015.72,True,False,0
pay_182b2e5f548d40,fraud,electronics,1467,0,26780.51,True,False,0
pay_82928f78fba642,fraud,electronics,78,0,27047.59,True,False,0
pay_f11c3f870c204d,fraud,electronics,87,0,19718.64,True,False,0
pay_2b716e64e28643,fraud,electronics,1455,0,22930.09,False,False,0
pay_8a63051f1e4241,not_received,electronics,1473,0,21549.39,True,False,0
pay_a54bf3f52c4b45,damaged,digital_services,134,0,2467.68,True,True,1
pay_ac71efa249c342,fraud,apparel,835,0,1168.01,True,True,1
pay_13040bead7ce48,fraud,electronics,953,0,26018.9,True,False,0
pay_c3920e62580c44,damaged,apparel,190,0,2503.25,True,False,0
pay_ebe8c94785bc47,damaged,electronics,927,0,19969.25,False,False,0
pay_b7ab6d4426184b,fraud,electronics,1213,2,18199.86,True,False,0
pay_a1c8cea7756847,not_received,apparel,553,0,737.03,True,False,0
pay_3fb6be32d29448,fraud,apparel,592,0,3226.41,True,False,0
pay_8aba75e6b9e241,not_received,apparel,675,0,2859.72,True,False,0
pay_90c5340b4d554d,damaged,electronics,1068,0,25462.28,True,False,0
pay_97915dbb4d0e4e,not_received,electronics,1277,0,20998.93,True,False,0
pay_3ba593a75f0844,not_received,digital_services,330,0,2298.99,True,False,0
pay_d2984fc0784f44,fraud,digital_services,842,0,1758.97,True,False,0
pay_7aa937243f9344,not_received,electronics,6,6,17635.61,False,True,1
pay_cf7a0e810f624b,not_received,apparel,807,0,3277.04,True,False,0
pay_e7da600d500544,not_received,electronics,9,2,27391.01,False,False,0
pay_65b34c13497941,fraud,electronics,11,3,25772.81,False,True,0
pay_329e068c3f2e47,not_received,apparel,908,0,4226.44,True,False,0
pay_a59588ead4e346,not_received,apparel,1321,0,1613.21,True,False,0
pay_40f28e641de549,fraud,digital_services,514,0,1325.0,True,False,0
pay_d3a419d7d0a649,fraud,apparel,320,0,3481.6,False,False,0
pay_e5412edc94f347,fraud,apparel,801,0,4658.13,True,False,0
pay_d29291ee489d4f,not_received,electronics,8,5,22599.05,False,True,0
pay_8df7ec5d5b6f44,not_received,apparel,2,3,3585.6,False,True,0
pay_4b8c0689830740,damaged,digital_services,444,0,1943.86,True,False,0
pay_2be28c9ee00147,fraud,apparel,1457,0,3388.78,True,False,0
pay_76d09e24ce394f,damaged,electronics,397,1,28749.57,True,False,0
pay_92dad854666247,not_received,digital_services,358,0,2421.96,True,False,0
pay_50a886ea8c3a44,fraud,electronics,1048,0,21341.17,False,True,0
pay_7f1a9107d1194e,fraud,apparel,10,2,850.39,False,False,0
pay_85a18d7804c54a,fraud,electronics,962,0,24070.67,True,False,0
pay_819d4745dee84a,damaged,electronics,1368,0,27439.66,True,False,0
pay_7ce75780eaa647,fraud,electronics,1030,0,25382.68,True,False,0
pay_494e7db8a45b47,fraud,apparel,693,0,2761.33,False,False,0
pay_c9fa2cfffa8248,fraud,apparel,1142,0,4022.01,True,False,0
pay_65cec820ba734c,damaged,apparel,344,0,2294.26,True,False,0
pay_266a39d11da54e,fraud,apparel,11,3,1521.68,False,True,0
pay_780cd1a8161f40,fraud,apparel,1126,0,3549.22,True,False,0
pay_e6449ed7d66242,not_received,digital_services,186,0,3582.96,False,False,0
pay_1e98379e284e40,not_received,digital_services,359,0,2339.41,True,False,0
pay_2a9ef565078447,not_received,electronics,115,0,26009.65,True,False,0
pay_172b29c9c3224e,not_received,electronics,1482,0,36291.09,True,False,0
pay_6d0db087d43c4a,damaged,apparel,937,0,3039.28,True,False,0
pay_e39e37e144624b,damaged,electronics,659,0,29352.48,True,False,0
pay_5f17343fdace41,not_received,digital_services,1317,0,560.04,False,False,0
pay_3513cc199c384d,fraud,electronics,985,0,26263.66,True,False,0
pay_bc9ca7920c3b45,not_received,apparel,992,0,2785.62,False,False,0
pay_ed00bd8894eb4c,fraud,electronics,444,0,22949.73,True,True,1
pay_d8444fd9cc5e41,fraud,apparel,1479,0,4248.69,True,True,1
pay_4fe286333f584d,damaged,electronics,79,1,23955.43,True,False,0
pay_52af35a17da944,damaged,apparel,1213,0,4238.62,True,False,0
pay_56d6998b169245,not_received,digital_services,528,0,5377.63,True,False,0
pay_89a7f387ff8841,damaged,electronics,189,0,25625.0,True,False,0
pay_9f4651171ada41,damaged,electronics,1085,0,20384.17,True,False,0
pay_613177a885ee47,not_received,apparel,6,2,1745.59,False,True,0
pay_c8c81e8ee5f744,not_received,apparel,317,0,3456.09,False,False,0
pay_abdd128f0ef945,not_received,electronics,134,0,21718.37,True,False,0
pay_70587ccc07ae4a,fraud,digital_services,41,2,3838.62,True,False,0
pay_8e93d814b9954b,fraud,electronics,1330,0,20835.34,False,False,0
pay_e0c3f066685241,not_received,electronics,679,0,24656.37,True,False,0
pay_b7f0a35e2d4440,fraud,apparel,1190,0,2514.38,True,False,0
pay_86b87d2349364d,fraud,electronics,425,0,28237.33,True,False,0
pay_874446e4d9e441,fraud,apparel,754,0,3467.71,True,False,0
pay_c3c6f9be581b48,fraud,electronics,5,5,20179.43,False,True,0
pay_7872676bfa6042,damaged,digital_services,1220,0,4113.52,True,False,0
pay_6f66e4b71d0445,not_received,apparel,482,0,3117.56,True,False,0
pay_cc1f8feb252e4e,not_received,apparel,11,4,760.93,False,True,0
pay_41602d2bb62f43,damaged,electronics,1289,0,26945.5,True,False,0
pay_a68e7f6c85754b,damaged,electronics,356,0,29403.25,True,False,0
pay_b3856d8cf2cf4b,not_received,apparel,902,0,3573.58,True,False,0
pay_64f15e9ac56841,damaged,electronics,4,4,26595.84,False,True,1
pay_23d3caabf8de42,not_received,electronics,392,0,13703.32,True,False,0
pay_a93ebdc3b0d641,fraud,apparel,1004,0,3545.74,True,False,0
pay_d4fb67ee66ad44,fraud,electronics,316,0,21600.21,True,False,0
pay_5c321efd4bb745,not_received,apparel,303,0,3910.52,True,False,0
pay_b348ca80935649,not_received,digital_services,37,1,2071.51,True,True,1
pay_72a49e26eb5d48,not_received,apparel,11,2,2124.41,False,True,0
pay_0d1f4f9ccb204f,not_received,digital_services,192,0,2375.8,True,False,0
pay_54ad25a0bb0049,fraud,digital_services,11,3,3333.52,False,True,0
pay_a3d9098ea3ae4f,fraud,electronics,65,0,19992.7,True,False,0
pay_795f3a71052c48,not_received,electronics,1130,0,23054.16,True,False,0
pay_3a9d2103faf44b,fraud,apparel,1222,0,2410.49,False,False,0
pay_2bd4a391598e42,not_received,apparel,1286,0,3773.92,True,False,0
pay_e69d63c54c5049,not_received,electronics,1433,2,20456.16,True,False,0
pay_fb84ecaa025740,not_received,electronics,5,6,15541.31,False,True,1
pay_af901491bc394c,fraud,apparel,884,0,4931.87,False,False,0
pay_e026e0fa40a343,not_received,apparel,282,0,4386.64,True,False,0
pay_23a4ef9b1cdb4a,damaged,electronics,11,5,20445.43,False,False,0
pay_43a908e9712347,damaged,apparel,180,0,2233.9,True,False,0
pay_d1067a3a920544,damaged,digital_services,203,0,3879.99,True,False,0
pay_3148edaddea848,not_received,apparel,797,0,4071.51,False,False,0
pay_7b8ecd54ba5648,fraud,electronics,537,0,33075.84,True,False,0
pay_f94409a9951442,not_received,electronics,1166,0,23572.1,True,False,0
pay_1a2a5362173441,damaged,apparel,929,0,4206.76,False,True,1
pay_2e9318a1186440,fraud,digital_services,71,0,3282.81,True,False,0
pay_01b22ff59a4040,fraud,digital_services,9,6,3665.66,False,False,0
pay_4a8f1fe7cc5143,fraud,apparel,535,0,1555.42,False,False,0
pay_7e80ecdaeef045,not_received,electronics,4,4,38296.56,False,True,1
pay_b604ad18013b4b,not_received,apparel,1346,0,2294.55,False,False,0
pay_8bbfa18221944c,fraud,digital_services,961,0,3175.07,True,False,0
pay_4e5a80f83a8c49,damaged,digital_services,12,3,3350.21,False,True,1
pay_1d3bd4d45a6b43,not_received,apparel,253,0,1986.88,True,False,0
pay_b261ad8a1c5e43,fraud,apparel,1,3,2141.04,False,True,0
pay_604f01d39a3041,fraud,apparel,854,0,3340.68,True,False,0
pay_e90538d2a4d04c,fraud,digital_services,1068,0,2314.71,True,False,0
pay_4c28cdae4b6e4c,not_received,apparel,659,0,3024.53,True,False,0
pay_a295be36a02c44,fraud,electronics,138,0,20626.08,True,False,0
pay_af757b1c2e1f4f,not_received,apparel,586,0,2085.26,True,False,0
pay_a93e573972b249,not_received,digital_services,595,0,3745.6,True,False,0
pay_3f9967134d6d47,not_received,apparel,1311,0,1865.23,True,False,0
pay_b2588457ea204d,fraud,apparel,981,1,2442.18,True,False,0
pay_bf2f2980a68d4b,not_received,apparel,453,0,3225.92,True,False,0
pay_9a3675effd4c48,damaged,apparel,1,5,2733.02,False,True,1
pay_0f173a9f69ec45,fraud,electronics,414,0,25828.36,True,False,0
pay_7694710f956043,fraud,apparel,1069,0,2812.28,True,False,0
pay_2b528ac6738040,not_received,apparel,291,0,3401.2,True,False,0
pay_36a450d2294b4c,not_received,digital_services,869,0,2944.46,True,False,0
pay_4c6de32037ba43,fraud,digital_services,1261,0,2909.25,True,False,0
pay_80bed4a811a94e,not_received,apparel,389,0,2934.41,True,False,0
pay_40d3c2a2a30b44,not_received,digital_services,6,6,2808.39,False,True,0
pay_e056dface91c4b,damaged,electronics,105,0,18663.65,True,False,0
pay_7569922b673849,fraud,apparel,514,0,2982.21,True,True,0
pay_5d4b9209b90544,not_received,electronics,461,0,24088.28,False,False,0
pay_bd0939f37e2649,fraud,electronics,543,0,30711.21,True,True,1
pay_0d6431abdd6f41,not_received,digital_services,773,0,1590.61,True,False,0
pay_9343fa6f212843,not_received,digital_services,12,4,5134.63,False,True,0
pay_eae70636655a40,fraud,apparel,168,0,4001.06,True,False,0
pay_a2bd854722f04a,damaged,electronics,9,3,18261.65,False,True,0
pay_c47d02f9b3194d,fraud,apparel,1151,0,2228.75,True,False,0
pay_b861f2fcc48746,not_received,digital_services,7,6,3055.96,False,True,0
pay_8c3a09987f3843,fraud,electronics,775,0,22790.96,True,False,0
pay_3b9c09dc1a7245,not_received,electronics,664,0,16077.53,True,False,0
pay_b4f1caaa547245,fraud,apparel,1181,0,1468.73,True,False,0
pay_6c1c9871ca534d,damaged,digital_services,616,0,3112.93,True,False,0
pay_c858d6c6c53347,damaged,electronics,896,0,23725.01,True,False,0
pay_a84dfb1ddbfa48,damaged,digital_services,11,6,3965.75,False,True,1
pay_ac19244ea2a746,fraud,apparel,37,0,3935.39,False,False,0
pay_4ec8e842dee24b,not_received,electronics,679,0,26590.77,True,False,0
pay_fe4b8d0a7a4f4e,fraud,apparel,125,0,3706.92,True,False,0
pay_bdecbca366fd42,damaged,apparel,380,0,2362.35,True,False,0
pay_4c733c8d4f3543,not_received,electronics,13,3,29613.52,True,False,0
pay_dc5b16f9cd5347,not_received,apparel,1312,0,3251.62,True,False,0
pay_b88eecdce07d46,not_received,apparel,6,3,1524.74,False,True,1
pay_6fcdb8958ba44c,fraud,electronics,571,0,25885.61,True,False,0
pay_a7b11633791e4f,not_received,apparel,11,5,3162.26,False,True,0
pay_846e6096f91e4a,fraud,electronics,716,0,22503.28,True,False,0
pay_ff84263f0e9445,damaged,electronics,2,5,28097.07,False,True,1
pay_71d3d31383394d,damaged,electronics,608,0,21406.14,True,False,0
pay_c6745c4e2ee349,not_received,apparel,276,0,1989.78,True,False,0
pay_0b282501234141,damaged,electronics,1366,0,15206.75,True,False,0
pay_6fac29551f644f,fraud,electronics,263,0,23020.09,True,False,0
pay_0a30b143e60a4e,damaged,electronics,946,0,19503.38,True,False,0
pay_6e3ed637605c40,fraud,apparel,1478,0,3911.08,True,False,0
pay_b79968f8c7414c,not_received,apparel,104,0,3215.52,True,False,0
pay_8c5b0279e2d74c,not_received,electronics,744,0,27773.65,True,False,0
pay_5f268b8fbc6849,fraud,digital_services,1013,0,4779.68,True,False,0
pay_6467404257d349,fraud,apparel,325,0,3928.44,True,False,0
pay_2b63ea69acf74e,fraud,apparel,1130,0,666.61,False,False,0
pay_5e0c6404fda245,damaged,apparel,277,1,4845.73,True,False,0
pay_6362c0ee7c2a42,fraud,electronics,1298,0,20841.29,True,False,0
pay_a3c3bfd1a10647,not_received,digital_services,103,0,3478.0,True,False,0
pay_8181595aee3641,not_received,electronics,387,0,23864.07,True,False,0
pay_f48d6d817b3c45,fraud,apparel,1169,0,3112.2,True,False,0
pay_ea9ca38612bf47,not_received,apparel,2,2,2644.5,False,True,0
pay_8501e286570a4c,not_received,digital_services,97,0,3122.22,True,False,0
pay_6c292e78749a48,fraud,electronics,118,0,32598.84,True,False,0
pay_16b37570db0847,not_received,apparel,2,2,2281.71,False,False,0
pay_8f29e34f90d247,fraud,apparel,435,0,4066.55,True,False,0
pay_151d19c6bb164a,fraud,electronics,52,0,26364.5,True,False,0
pay_826a2d806afb42,not_received,electronics,1461,2,27063.15,True,False,0
pay_aa62578d68d14f,not_received,electronics,999,0,16290.72,True,False,0
pay_519edda21c534c,damaged,electronics,5,2,19125.47,False,True,1
pay_cc4e9aca90e642,damaged,electronics,552,0,17655.4,True,False,0
pay_1c8c705f8cd74a,not_received,apparel,857,0,4145.24,True,False,0
pay_ee956c78f9da48,fraud,apparel,1087,0,2512.41,True,False,0
pay_b40b21eff97b43,fraud,digital_services,1325,0,4316.27,True,False,0
pay_ec4c02bae20344,fraud,apparel,183,0,2370.52,True,False,0
pay_6d7278bc4def4d,not_received,electronics,784,0,22651.33,True,False,0
pay_3be83f6b84d246,damaged,digital_services,968,2,4284.43,True,False,0
pay_b79ff438a8d14a,fraud,digital_services,944,0,4582.73,True,False,0
pay_a87a807729154c,fraud,apparel,953,0,1701.34,True,False,0
pay_6349f14cf92842,not_received,electronics,1485,0,24661.25,True,False,0
pay_d576443a0a5241,fraud,digital_services,387,0,1189.62,True,False,0
pay_fae72c9332984e,not_received,electronics,977,0,28481.42,True,False,0
pay_aa9335ecb31648,not_received,electronics,780,1,19062.84,True,True,1
pay_fb92350799b549,not_received,apparel,366,0,1315.43,True,False,0
pay_ca68669f85d642,fraud,apparel,79,2,1339.48,True,False,0
pay_5e63137f4fdf41,damaged,electronics,1351,1,15021.06,True,False,0
pay_9205a568142848,fraud,apparel,110,0,2485.59,True,False,0
pay_36878abc50f448,damaged,apparel,595,0,3590.97,True,False,0
pay_80c56810b88a42,fraud,digital_services,357,0,3452.32,True,False,0
pay_0a9b88bfd17445,damaged,electronics,116,0,23572.43,True,False,0
pay_83d3821551b341,not_received,electronics,795,0,27072.93,True,False,0
pay_d6bcdea70c874c,fraud,apparel,1356,0,4155.17,False,False,0
pay_2b44c691ba164d,damaged,digital_services,1335,0,3718.84,True,False,0
pay_9cbdece066624d,not_received,electronics,519,0,22321.12,True,False,0
pay_8c141523f35641,fraud,apparel,1136,0,2450.72,True,False,0
pay_1484047c66154a,fraud,electronics,447,0,18183.57,True,False,0
pay_beeda67b3c7f45,not_received,electronics,411,0,23705.69,True,False,0
pay_1f5da6c813594f,not_received,digital_services,8,5,2721.57,False,True,0
pay_95193e9bb75a42,not_received,electronics,798,1,27030.14,True,False,0
pay_0d27c53c2b054c,not_received,apparel,12,6,1460.1,False,True,0
pay_062dd14e451d46,not_received,electronics,633,0,18788.17,False,False,0
pay_b9229fc005ea49,not_received,electronics,453,0,12885.83,True,False,0
pay_409c46161d4546,not_received,digital_services,13,2,1347.27,False,True,0
pay_8ed46109a74c49,fraud,apparel,633,0,2632.65,True,False,0
pay_900be2d48adc4e,damaged,apparel,602,0,2486.28,True,False,0
pay_6f650667ca4947,fraud,apparel,449,0,3578.8,False,False,0
pay_9302c2715e7949,fraud,electronics,1455,0,29750.05,True,False,0
pay_e0689b21737d4c,not_received,apparel,1413,0,3220.49,True,True,1
pay_2d399890a9c74e,not_received,electronics,1440,1,17664.67,True,False,0
pay_7b0380ca28b94a,fraud,digital_services,712,0,3560.67,True,False,0
pay_25e71e6d12c64e,fraud,apparel,331,0,3232.49,True,False,0
pay_4797f5cc76f448,not_received,electronics,569,0,19379.01,True,False,0
pay_aaa219fbfb5e42,damaged,digital_services,3,2,2833.05,False,False,0
pay_7203c1b2411940,not_received,apparel,1105,1,4248.8,False,True,1
pay_c8985135d5274d,not_received,apparel,620,0,1465.19,True,False,0
pay_f99378fc40a041,fraud,electronics,41,0,27563.31,False,False,0
pay_aad9ee64ccb84e,fraud,digital_services,381,0,1121.73,False,False,0
pay_94928447398f40,fraud,digital_services,54,0,3878.02,True,False,0
pay_31eff41ce2dc4a,fraud,apparel,1305,0,3264.75,True,False,0
pay_523badd0026a4e,not_received,apparel,705,0,3472.9,True,False,0
pay_950b1b1effb34d,fraud,electronics,690,0,33196.98,False,False,0
pay_6eefb585802f4f,fraud,electronics,284,0,24102.31,True,False,0
pay_1532789d1ce94d,not_received,apparel,13,2,3611.65,False,False,0
pay_2945c8f3b4b64f,damaged,electronics,5,5,28296.55,False,False,0
pay_10d88fd025e342,damaged,digital_services,1003,0,969.84,True,False,0
pay_245ce541e0f54f,not_received,electronics,476,0,21840.32,True,False,0
pay_82721f83e5074d,fraud,apparel,1336,0,4964.57,True,False,0
pay_25ffa50a518d40,not_received,electronics,1071,2,25275.8,True,False,0
pay_95e98ba7538443,fraud,electronics,1490,0,21996.87,True,False,0
pay_83b9a2c77dce4d,not_received,apparel,783,0,100.0,True,True,1
pay_c3465c9baf0342,not_received,apparel,533,0,3936.95,True,False,0
pay_7aea48d371ca46,not_received,apparel,212,0,2724.37,True,False,0
pay_cdf241039b854f,damaged,electronics,1279,0,27258.84,True,False,0
pay_7208691f2ada41,not_received,electronics,488,0,20207.28,True,False,0
pay_0a4d50fa87a24b,not_received,digital_services,674,0,4536.67,True,False,0
pay_d8758d9274d34a,fraud,apparel,834,0,1357.99,True,False,0
pay_ce6d94ecea7247,damaged,apparel,337,0,2939.59,True,True,1
pay_dd658316a0f147,fraud,electronics,260,0,26479.32,True,False,0
pay_1763863ec9fa45,damaged,apparel,255,0,4232.69,True,False,0
pay_56fd19c3f1bd4b,fraud,electronics,1369,0,29644.88,True,False,0
pay_9b5fa4069d754e,fraud,apparel,310,0,1869.93,True,False,0
pay_4c839ae3f94b49,damaged,electronics,4,4,26684.82,False,True,1
pay_4165a9da528044,fraud,electronics,812,0,24164.18,True,False,0
pay_ecd69776861e47,damaged,apparel,542,0,2566.78,True,False,0
pay_ee8e5dcfbbdf48,fraud,electronics,707,0,27133.66,True,False,0
pay_ce265e41bdbd4f,damaged,apparel,1188,0,2246.94,False,False,0
pay_72f9bd57dcdd43,not_received,apparel,865,0,4637.39,True,False,0
pay_beb24d68032147,not_received,digital_services,423,1,3764.35,True,False,0
pay_9c60fab7223e42,fraud,electronics,1253,1,30540.85,True,False,0
pay_0f660ba0f07e48,fraud,electronics,438,0,23853.82,True,False,0
pay_6a34555007f249,damaged,apparel,381,0,4187.81,True,False,0
pay_170e648d7d6e49,fraud,electronics,7,5,25100.89,False,True,1
pay_84d37844727448,fraud,electronics,899,0,33780.43,True,False,0
pay_f65d2c0d873746,not_received,apparel,1208,0,4588.45,True,False,0
pay_d1799c9bac5942,not_received,apparel,685,0,4203.32,True,False,0
pay_cdc76b07ba2143,fraud,digital_services,272,0,4517.86,True,False,0
pay_b1701283b94b4f,fraud,digital_services,377,0,3379.18,True,False,0
pay_76b832fa703645,fraud,apparel,986,1,2706.85,False,False,0
pay_3e9e2e96ce934e,damaged,electronics,6,3,26690.85,False,True,1
pay_58864a728b334b,fraud,apparel,925,0,1867.62,True,False,0
pay_f3211668cd2548,damaged,apparel,451,0,1857.47,True,False,0
pay_c8c74a12b27042,fraud,apparel,9,2,1080.84,False,True,0
pay_ba99cfb8502740,fraud,digital_services,840,1,3297.27,True,False,0
pay_1f6b231ef1de48,not_received,apparel,797,0,4654.86,False,False,0
pay_b38261e8bdf043,fraud,apparel,7,2,3263.87,False,True,1
pay_debb0fb2593546,not_received,electronics,751,0,15706.33,True,False,0
pay_cb3e657b7b4f49,damaged,digital_services,1177,0,2238.07,True,False,0
pay_75ba2af4fe3948,fraud,apparel,9,6,3687.62,False,True,1
pay_9d0baa438a2443,not_received,electronics,93,0,20916.63,True,False,0
pay_b0eead1f9b4043,fraud,electronics,1276,0,26933.12,True,False,0
pay_e4683df575e14c,fraud,electronics,988,1,15348.19,True,False,1
pay_17d285d4b70643,fraud,electronics,1017,0,17882.59,True,False,0
pay_b15b46e47cbd42,damaged,apparel,78,0,4385.5,True,False,0
pay_92ef5d5e5e7746,fraud,electronics,3,2,27407.29,False,True,0
pay_4b3c44c6025648,damaged,digital_services,534,2,2324.83,True,False,0
pay_250f5db2d2d24c,not_received,digital_services,1391,2,4197.14,True,False,0
pay_cb8194fe9fa64c,fraud,electronics,1,3,26519.71,False,False,0
pay_bc33301a1bdd4f,not_received,electronics,660,0,32377.26,True,True,1
pay_4238414123a441,damaged,electronics,1427,0,34740.2,True,False,0
pay_4cbc300cf1fb45,not_received,electronics,10,5,12576.99,False,True,0
pay_ed379bc5ce2348,not_received,electronics,11,6,26986.22,False,True,0
pay_b49ece1ffe2945,damaged,apparel,809,0,2670.11,True,False,0
pay_2bac88398fc34a,fraud,digital_services,727,2,4073.34,False,False,0
pay_c1e26d9cc98c45,damaged,digital_services,181,2,1021.29,True,False,0
pay_556489036e2c45,damaged,digital_services,371,0,3321.27,True,False,0
pay_b224cb1d785449,not_received,apparel,1311,0,4531.51,True,False,0
pay_552b9f753d6b49,damaged,digital_services,245,0,4280.06,True,False,1
pay_377ddefaf40546,not_received,apparel,293,1,3987.01,True,False,0
pay_333ae2363bca48,not_received,electronics,130,0,26918.67,False,False,0
pay_5756976e28c84b,not_received,apparel,158,0,2553.66,True,False,0
pay_c56836eacec546,fraud,digital_services,794,0,3709.44,True,False,0
pay_983b9ed0e89f49,not_received,electronics,331,0,18773.25,True,False,0
pay_9037a79df06444,fraud,electronics,289,0,10670.23,True,False,0
pay_14cccc47fd1843,not_received,electronics,613,0,32355.9,True,False,0
pay_57be821ef3fc4c,fraud,electronics,573,0,19314.71,False,False,0
pay_6519c0925ec443,fraud,electronics,813,0,23780.91,True,False,0
pay_08a715d07ff44d,fraud,electronics,60,0,24411.19,True,False,0
pay_19f67e61491849,damaged,digital_services,162,0,3592.26,True,False,0
pay_1a8a94a641e142,fraud,digital_services,968,0,1304.14,True,False,0
pay_2bb2a5d8b76e41,not_received,digital_services,682,0,3397.57,True,False,0
pay_77c4fc201f5641,fraud,electronics,5,6,29577.76,False,True,1
pay_7905b5bebaf449,not_received,electronics,936,0,21687.35,False,False,0
pay_2c2fab166ecd4f,fraud,electronics,736,0,26002.22,True,False,0
pay_daa6cb2d71524a,fraud,digital_services,13,5,3000.37,False,True,0
pay_487b119394cc40,not_received,electronics,673,1,16611.71,False,False,0
pay_8ac9da464ff147,not_received,apparel,5,6,4718.79,False,True,0
pay_a100664d573149,fraud,electronics,523,0,20107.33,True,False,0
pay_b7975a3f5de749,not_received,electronics,1203,0,15748.1,True,False,1
pay_84c5698db86340,damaged,electronics,343,0,24809.73,False,False,0
pay_551b8beddfd244,fraud,apparel,985,0,2379.01,True,False,0
pay_7387ad1d511a43,fraud,electronics,383,1,33367.42,True,False,0
pay_b6ea2a58ab3a47,not_received,electronics,1284,0,27593.24,True,False,0
pay_4451a2866b654b,fraud,electronics,6,3,35181.36,False,True,0
pay_5e2eb1067bae47,damaged,apparel,7,6,2263.82,False,True,1
pay_559dd23639fb47,not_received,apparel,622,0,2898.04,True,True,1
pay_60e1f84f631344,not_received,digital_services,10,6,1831.28,False,True,1
pay_a5e1a7b95e9e44,not_received,apparel,11,2,2341.31,False,True,0
pay_c601be29e48149,not_received,electronics,940,0,22007.96,True,False,0
pay_2ccb94e0653c47,fraud,apparel,445,2,2357.87,True,False,0
pay_937984b3f97d4f,damaged,apparel,1234,0,3505.84,True,False,0
pay_b889f97e496d4b,not_received,apparel,1114,0,3665.8,True,False,0
pay_58d20092241142,fraud,digital_services,8,5,2097.41,False,True,0
pay_98216209fa6a47,not_received,digital_services,1031,0,2541.54,True,False,0
pay_10eac7f94abc48,fraud,electronics,1065,0,17443.54,False,False,0
pay_544b9cf67b1c49,fraud,electronics,680,0,30287.9,False,False,0
pay_e894c32e97954b,not_received,digital_services,811,0,3257.48,True,False,0
pay_8b43aa4d23204e,not_received,electronics,1068,0,23847.81,True,True,1
pay_72979ad9e3624e,not_received,apparel,298,2,3041.67,True,False,0
pay_560c7e69809349,fraud,digital_services,319,0,3536.87,True,False,0
pay_2cb45e183fcf4b,not_received,apparel,1314,0,4803.22,False,False,0
pay_d18b732ddee349,fraud,apparel,11,4,2601.8,False,True,0
pay_55e47f83cf4e40,not_received,apparel,1053,0,2260.03,True,False,0
pay_46fb0133c42f4c,not_received,electronics,762,0,27282.26,True,False,0
pay_87501a7c617f4b,not_received,apparel,72,0,3418.03,True,False,0
pay_d98b159daa604b,damaged,electronics,510,0,22049.95,True,False,0
pay_9a520b64f9d346,damaged,electronics,1333,0,23509.5,True,False,0
pay_155b429c520644,damaged,apparel,457,0,4203.36,True,False,0
pay_1d43bdfbe95342,damaged,apparel,846,0,3561.42,True,False,0
pay_1867c5d921954d,not_received,apparel,1018,0,1226.4,True,False,0
pay_6ea6a737e9304c,damaged,digital_services,11,4,2012.12,False,True,1
pay_bf0f27b1ad2f43,damaged,electronics,287,0,16677.14,True,True,1
pay_0dc26688465449,not_received,apparel,319,0,764.15,True,False,0
pay_b7133a62a74e4f,fraud,electronics,476,2,17336.15,True,False,0
pay_1cb84ee8534d49,fraud,apparel,755,0,2298.08,False,False,0
pay_2d81d411166c4e,damaged,digital_services,608,0,2366.7,True,False,0
pay_a859bba55cfe43,not_received,electronics,2,4,22970.03,False,False,0
pay_b8644ae2a26b42,damaged,apparel,935,0,4614.88,False,False,0
pay_777a3cae769f43,fraud,apparel,428,0,3235.99,True,False,0
pay_f3dbae667c164e,fraud,apparel,489,0,4190.23,True,False,0
pay_5beaa5ca947640,not_received,apparel,5,3,4142.88,False,False,0
pay_1dea6c61c90e4f,damaged,apparel,7,2,3689.43,False,True,1
pay_94170300b7fc45,fraud,electronics,1104,0,23053.19,True,False,0
pay_1321d835108d4e,damaged,apparel,1400,0,1986.26,True,False,0
pay_4b2bd17fb69249,not_received,apparel,1457,0,3756.74,True,False,0
pay_66a642e2caac40,fraud,apparel,1400,0,2607.95,True,False,0
pay_24fb2bbafcc441,fraud,electronics,171,0,26652.82,True,False,0
pay_5c062085ca6b4e,fraud,electronics,682,2,26658.21,False,True,0
pay_9d17a206f81946,fraud,electronics,8,5,30308.06,False,True,0
pay_ec1d448c44c04a,not_received,electronics,1265,0,25808.16,False,False,0
pay_a76d13bd191249,fraud,electronics,457,0,28846.77,True,False,0
pay_9eef7f018ec348,fraud,digital_services,1277,0,4170.05,True,False,0
pay_1a65ae68316449,damaged,digital_services,1,6,2761.03,False,True,1
pay_eece2a41328f44,not_received,digital_services,1375,0,1299.56,True,False,0
pay_0601a7c22a0e40,not_received,digital_services,1263,0,3005.36,True,False,0
pay_208681e2389f48,fraud,electronics,217,0,29895.81,True,False,0
pay_e9f7e462d76d45,damaged,apparel,1470,0,2881.05,True,False,0
pay_a9d47491254c4e,damaged,digital_services,1406,0,1391.1,False,False,0
pay_7654a5d5470748,not_received,apparel,1356,0,2318.09,True,False,0
pay_4533de2c067040,damaged,electronics,791,0,28442.1,True,False,0
pay_a3b8a54e98364a,damaged,apparel,9,3,4006.99,False,True,1
pay_27f3ab2e290d49,not_received,electronics,32,2,20610.04,True,False,0
pay_831714d224684f,not_received,electronics,729,0,25918.15,True,False,0
pay_3076087e43214c,fraud,apparel,1140,0,4335.54,True,False,0
pay_893ecda166f548,fraud,digital_services,951,0,4504.35,True,False,0
pay_86f266390a2345,fraud,apparel,5,6,5826.73,False,True,1
pay_0ef2a03bcf3d47,fraud,electronics,1262,1,26282.78,True,False,0
pay_00084abf67b74d,fraud,apparel,6,6,100.0,False,True,0
pay_74c84743393848,damaged,digital_services,189,0,3491.1,True,False,0
pay_9af25429fb3844,fraud,electronics,1343,0,36310.69,True,False,0
pay_6a4ff27c2b5c45,damaged,apparel,900,0,3347.14,True,False,0
pay_f9d9a958276249,not_received,electronics,12,3,29200.89,False,True,0
pay_bd6c4593031948,fraud,apparel,530,0,3416.32,True,False,0
pay_8e7f9e28b7bd4e,not_received,electronics,323,0,31607.01,False,False,0
pay_0d8359856ffb47,fraud,digital_services,3,6,1702.03,False,False,0
pay_5fb47949c82d4c,damaged,electronics,1,5,30827.55,False,True,1
pay_75ca8f433d7941,damaged,electronics,1339,0,24784.7,True,False,0
pay_774fd6bf8dea47,fraud,electronics,210,0,25221.41,True,False,0
pay_a42b004e6c0d4f,damaged,apparel,499,0,1613.89,True,False,0
pay_bca3de06a9064e,not_received,apparel,530,0,3152.05,True,False,0
pay_9473039e319545,fraud,electronics,1252,0,20357.18,True,False,0
pay_cccdff2f30f147,not_received,electronics,1366,0,17522.34,False,False,0
pay_bf798f885af247,not_received,apparel,830,0,2823.52,True,False,0
pay_f4a2ea5302b642,fraud,apparel,974,0,2472.93,True,False,0
pay_ada21d45b4a846,not_received,digital_services,795,1,1852.68,False,False,0
pay_315d0314f9314b,fraud,apparel,1244,2,1312.19,False,False,0
pay_38fce13d68bc47,not_received,apparel,163,0,3287.42,True,False,0
pay_0d44ffbf2ae54e,fraud,electronics,475,0,23127.45,True,False,0
pay_0609aaaa5b5e4e,damaged,apparel,1148,0,4443.09,False,False,0
pay_ae0c8b1404ae49,not_received,digital_services,1171,0,2755.67,True,False,0
pay_d8f2195c056c46,fraud,electronics,1200,0,25056.7,True,False,0
pay_5e64900120ac4a,fraud,apparel,931,0,2890.32,True,False,0
pay_9176bcb3ba4c41,fraud,apparel,1061,0,1515.39,True,False,0
pay_c43820e4ce1a46,not_received,apparel,1443,0,3986.77,False,False,0
pay_d24b067aea3448,fraud,apparel,140,0,1479.14,True,False,0
pay_c0c8e762eb9e4f,damaged,electronics,246,2,18948.03,False,False,0
pay_db33e20da3314f,damaged,electronics,912,0,23804.1,True,False,1
pay_7c17268651b341,not_received,electronics,1299,0,30275.75,True,False,0
pay_d89fc9e166c348,fraud,digital_services,11,5,3384.6,False,True,0
pay_7b33021bb2644a,fraud,digital_services,179,0,2866.0,True,False,0
pay_76b8fce998034d,not_received,electronics,627,0,21643.05,False,False,0
pay_0f1f68b1034a46,not_received,electronics,1109,0,23979.09,True,False,0
pay_b509084ae79f40,not_received,electronics,815,0,24890.04,False,False,0
pay_b8b3f8cab89d40,not_received,electronics,7,2,26362.32,False,False,0
pay_c9b309a874fc47,fraud,electronics,922,0,24286.99,True,False,0
pay_289c65d14dd24f,damaged,electronics,1280,1,17984.52,False,False,0
pay_f803f6f66deb42,fraud,apparel,1248,0,4781.86,True,False,0
pay_4abe12df2a704b,not_received,apparel,1398,1,2461.39,True,False,0
pay_3e60dfd6bf854e,not_received,electronics,1092,0,31486.28,True,False,0
pay_f2670980d2114b,fraud,apparel,118,0,4857.54,True,False,0
pay_6e033552a22e45,not_received,apparel,7,4,3344.04,False,True,1
pay_17d976db74664d,damaged,electronics,1038,0,30534.7,True,False,0
pay_d97efb1bf4e046,not_received,apparel,1387,0,3662.59,False,False,0
pay_488130476d6b45,fraud,electronics,585,0,25813.63,True,False,0
pay_9e5dcce089bd4a,fraud,electronics,261,0,23000.88,True,False,0
pay_084b24dbe04248,fraud,electronics,825,1,6092.49,True,False,0
pay_e3724e7e4b8449,fraud,digital_services,315,0,2918.88,True,False,0
pay_7f85862b323344,damaged,apparel,12,5,2775.73,False,True,1
pay_0942ed82e54a4d,not_received,apparel,6,3,4016.79,False,False,0
pay_e077e0a8478244,fraud,digital_services,1039,0,3930.37,False,False,0
pay_95429e09fb7a45,damaged,electronics,1419,0,22534.61,True,False,0
pay_69005d100cdf4b,not_received,digital_services,861,1,3195.55,True,False,0
pay_9eec55d1f99444,fraud,apparel,1489,0,1819.6,False,False,0
pay_0d6efb0e15c742,fraud,apparel,514,0,3927.47,True,False,0
pay_ca95c8c51ef141,fraud,apparel,1126,0,3097.63,True,False,0
pay_a988bc7f0b8f4e,damaged,apparel,994,0,4325.01,True,False,0
pay_e2261684f53f4a,not_received,digital_services,851,0,3762.06,True,False,0
pay_b71010b5e7c242,damaged,digital_services,206,0,2146.51,True,False,0
pay_6bc4fd63dedb48,fraud,electronics,1037,0,24697.84,True,False,0
pay_07552718f0cd4c,damaged,electronics,1060,0,32661.66,True,False,0
pay_f3b9eea6e64142,fraud,electronics,1035,0,24325.75,True,False,0
pay_fe7fe1e0726d48,damaged,electronics,969,0,23118.64,False,False,0
pay_4a68c1b205184a,damaged,electronics,857,0,37352.35,False,False,0
pay_150653dbc4454c,fraud,electronics,286,1,29674.18,True,False,0
pay_48b072912c7443,not_received,electronics,592,1,26232.19,True,False,0
pay_ca3d0ec4d4c845,not_received,apparel,4,5,3205.92,False,True,0
pay_be617bd60c0d44,damaged,digital_services,607,1,3363.82,False,False,0
pay_713a7e934f0c4f,fraud,electronics,398,0,19448.26,False,False,0
pay_69d61cf3e88046,not_received,electronics,993,0,27140.3,True,False,0
pay_8cdb33f24ca246,damaged,electronics,1127,0,22854.11,True,False,0
pay_08f1f4b4a89f41,not_received,digital_services,4,4,2182.73,False,True,0
pay_852f5f971cd440,fraud,apparel,216,0,2149.88,True,False,0
pay_09b1efee31c048,damaged,digital_services,1279,0,3725.89,True,False,0
pay_e4b3626ea15446,fraud,digital_services,731,0,2819.51,True,False,0
pay_f46eeb28f9394f,not_received,digital_services,776,0,2939.79,False,False,0
pay_f994b2985c0b41,fraud,electronics,92,1,27352.63,True,False,0
pay_6a3654d0893742,fraud,apparel,13,5,3492.85,False,True,1
pay_98fe6604230147,not_received,digital_services,1458,0,3681.51,True,False,0
pay_7c9ec378ecbd4e,not_received,electronics,1460,0,23855.41,False,False,0
pay_6cf7805a291145,not_received,apparel,919,0,2057.85,True,False,0
pay_ecde70760b0442,not_received,electronics,257,1,24330.84,True,False,0
pay_1944f2406b1e4a,fraud,electronics,44,0,25118.76,True,False,0
pay_7205cfd0218d4d,fraud,digital_services,158,2,1689.0,True,False,0
pay_d64e9d757a4d4b,not_received,apparel,1147,1,3696.41,True,False,0
pay_7ce947a2f56349,fraud,apparel,785,1,4770.51,True,False,0
pay_e0ac7f56022b47,not_received,apparel,1456,0,3054.06,True,False,0
pay_9736e474f4ba46,not_received,apparel,2,6,3591.38,False,True,1
pay_782ee860971f42,damaged,apparel,1141,0,3741.49,True,False,0
pay_a77764578e5e42,not_received,digital_services,867,0,2087.43,True,False,0
pay_0055fe2e422347,fraud,digital_services,1063,0,3509.77,True,False,0
pay_e974f44ad7254b,damaged,apparel,1,5,3097.25,False,True,1
pay_3096ea0587d048,damaged,apparel,716,1,3882.07,True,False,0
pay_9f019d583dd540,not_received,electronics,980,0,26484.39,False,False,0
pay_e93dee9fd91245,damaged,electronics,559,0,23666.6,True,False,0
pay_9a05bb2b66b447,not_received,electronics,551,0,29301.23,False,False,0
pay_710a476679074f,not_received,electronics,1145,0,21890.51,True,False,0
pay_1ea5e5d77cd04d,fraud,electronics,472,1,20979.08,True,False,0
pay_b2c17c5ed4584f,not_received,electronics,1343,0,32839.89,True,False,0
pay_e75339dbdc904a,fraud,electronics,327,0,24096.07,True,False,0
pay_ec983760cdf945,fraud,apparel,4,2,2250.28,False,True,0
pay_aeeb0127e0a14c,fraud,electronics,420,0,23238.34,True,False,0
pay_20609c9b12f945,fraud,apparel,812,0,3887.84,True,False,0
pay_d5a5a1668cae42,fraud,electronics,1028,0,26463.64,True,False,0
pay_ea525a47d8724f,not_received,apparel,960,0,3149.98,True,False,0
pay_eea6c8a7c2e541,fraud,digital_services,850,0,5767.08,True,False,0
pay_ca4ff1eb790246,damaged,electronics,1054,0,30466.88,True,False,0
pay_31874105f5a34d,fraud,digital_services,1451,1,2391.61,True,False,0
pay_3014bcd482a748,not_received,apparel,4,3,3542.85,False,True,1
pay_f88ffecd7d0447,fraud,electronics,1158,0,23059.03,False,False,0
pay_6eeba5af67dd43,fraud,electronics,6,2,25144.15,False,True,0
pay_e7355cfdd3c94c,fraud,digital_services,1271,0,2845.32,False,False,0
pay_1b8b0d151a7540,not_received,apparel,435,1,3917.27,True,False,0
pay_a9608fc176a249,not_received,electronics,1009,0,31972.59,True,False,0
pay_f13e45847eaa48,fraud,digital_services,321,0,2881.09,True,False,0
pay_22e840cfbdfb44,fraud,apparel,12,5,2809.64,False,True,1
pay_c2701f9bad0447,fraud,apparel,1291,0,1884.02,True,False,0
pay_9ecff62ac5f147,damaged,digital_services,429,0,2928.3,True,False,0
pay_6034a04a64b04d,not_received,apparel,1244,0,3231.8,True,False,0
pay_4f2d250657eb4f,fraud,electronics,1315,0,25288.82,True,False,0
pay_c3e931a18f2446,fraud,apparel,179,1,5405.69,True,False,0
pay_a49f5b1391de4c,damaged,digital_services,6,5,3292.42,False,True,1
pay_b3981f7fd4154e,fraud,electronics,877,0,17099.93,True,False,0
pay_d86410447c0f42,not_received,electronics,984,0,21480.88,True,False,0
pay_475ff3a815674a,fraud,electronics,709,0,30182.17,True,False,0
pay_41100bdd8c904a,not_received,electronics,1362,0,33266.74,True,False,0
pay_2f775eb4fea248,damaged,electronics,376,0,28803.85,True,True,1
pay_5d80e46b20c844,damaged,digital_services,145,0,3580.89,True,True,1
pay_1b838de78b4e4a,not_received,digital_services,901,0,4039.86,True,False,0
pay_d28618994ec845,not_received,electronics,220,0,33121.24,True,False,0
pay_951b0f82d32a47,not_received,apparel,7,5,971.6,False,True,0
pay_9ec9b986bf2b4f,fraud,apparel,378,2,3152.26,True,False,0
pay_f4e25f645dfc4b,damaged,electronics,13,6,27571.01,False,False,0
pay_4822a860971844,not_received,electronics,523,0,32054.33,True,False,0
pay_ac62160ff89342,not_received,electronics,2,4,19185.49,False,True,0
pay_3c715df6b8d148,fraud,apparel,1214,0,2712.84,True,False,0
pay_9cd1f1a929d747,not_received,electronics,135,0,16057.6,False,False,0
pay_b1e0fe56c0cf4f,damaged,electronics,442,0,34147.27,True,False,0
pay_8e915c5c566246,not_received,electronics,619,0,29274.34,True,True,1
pay_0cc5d1a8e0c64b,fraud,digital_services,407,0,4616.84,False,False,0
pay_4e60bd82497f41,fraud,apparel,1105,0,2547.57,True,False,0
pay_57ea734eff5e43,fraud,apparel,5,5,2342.7,False,True,0
pay_922f044f88c94f,damaged,digital_services,280,0,3544.15,True,False,0
pay_1c4b42c9449a47,damaged,electronics,9,3,22892.54,False,True,1
pay_90e6682b8e1848,damaged,apparel,912,0,4260.89,False,False,0
pay_ca8a16d8c5754f,not_received,electronics,580,0,35442.1,True,False,0
pay_67520a185bb34b,not_received,electronics,1116,0,22896.34,True,False,0
pay_12844debc1a245,not_received,digital_services,1046,0,1482.8,True,False,0
pay_9b7093e139bc4c,not_received,apparel,797,0,3836.26,True,False,0
pay_50b284afcc1044,not_received,electronics,120,1,21404.96,True,False,0
pay_d3501c7d4bf04e,not_received,electronics,232,0,20543.07,True,False,0
pay_3418a124e9214e,not_received,electronics,576,0,34686.55,False,False,0
pay_cb2b9935c85241,fraud,apparel,1071,0,3427.97,True,False,0
pay_4dd9ab55a84b46,fraud,electronics,304,0,27407.54,True,False,0
pay_89babea286364a,damaged,apparel,1223,0,3746.43,True,False,0
pay_88ad8fe40f4e46,damaged,digital_services,1304,0,1745.71,True,False,0
pay_c4ae1d1e9efa41,not_received,electronics,5,6,33353.58,False,True,0
pay_ecb4eb81e93e48,fraud,digital_services,889,0,3324.47,True,False,0
pay_da9a6db81b4b45,damaged,electronics,1183,0,29910.99,False,False,0
pay_aaf4e7b41a9e46,not_received,apparel,459,0,3762.97,True,False,0
pay_43ee4c981a354b,not_received,apparel,1275,0,2788.43,True,False,0
pay_56efa8ab26934e,not_received,apparel,864,0,2434.75,False,False,0
pay_54967b55ee414e,not_received,electronics,283,0,22728.15,True,False,0
pay_5ccd8ab046e846,not_received,digital_services,812,0,3198.31,True,False,0
pay_f4657d5802724d,damaged,electronics,227,1,23376.92,False,True,1
pay_2f596964aaa444,fraud,apparel,1291,0,4193.82,False,False,0
pay_f2df69e5fdbd44,fraud,electronics,1477,0,19508.84,False,False,0
pay_38671f65b2c24d,fraud,apparel,89,0,4010.87,True,False,0
pay_3cdb7830596a47,fraud,apparel,545,0,4567.82,False,False,0
pay_f88f4a10a28240,fraud,apparel,690,0,2810.62,True,False,0
pay_ae7ca3ad01d044,fraud,electronics,1497,0,23567.02,True,False,0
pay_170b7c53f0ef48,fraud,apparel,68,0,3458.59,True,False,0
pay_b8967fd7768a45,fraud,electronics,1309,0,27436.83,False,False,0
pay_9f8cadb198244a,fraud,electronics,608,0,21299.38,True,False,0
pay_1cbbd714d57b40,fraud,apparel,1335,0,2298.2,True,False,0
pay_72162a78800e4e,not_received,apparel,487,0,3251.31,False,False,0
pay_3d14c4c18d4347,not_received,electronics,401,0,27399.19,True,False,0
pay_bc08c188fc7f4b,fraud,apparel,1378,2,2493.87,True,False,0
pay_1b885da5fa014e,not_received,apparel,1050,0,2994.4,False,False,0
pay_071b0ed158cd4b,damaged,electronics,343,0,26756.12,True,False,0
pay_a1a4e175d8404f,damaged,apparel,811,0,1953.54,True,False,0
pay_ce64406dcd5642,fraud,digital_services,1,2,2940.43,False,True,0
pay_710a3e18e14e45,not_received,apparel,1190,0,424.36,False,False,0
pay_8dd4537a37f54e,fraud,apparel,131,0,3386.24,True,False,0
pay_a71578281e4b4d,fraud,electronics,1229,1,33110.26,False,False,0
pay_61729ba8821341,fraud,apparel,9,2,3285.06,False,False,0
pay_869232daa1d54c,fraud,apparel,454,0,3347.23,True,False,0
pay_9edc366d5ed049,not_received,apparel,584,0,2438.26,True,False,0
pay_2732df1902394d,not_received,digital_services,1120,0,2958.45,True,False,0
pay_bb2a2517abbd43,not_received,electronics,1315,1,27407.55,True,False,0
pay_3c51f2a5088c40,fraud,electronics,1031,0,29896.33,True,False,0
pay_da9631eea9f14a,fraud,electronics,107,0,21420.73,False,True,1
pay_284f18449b574d,fraud,apparel,45,0,3317.2,False,False,0
pay_7628d6ec964349,fraud,digital_services,6,4,1971.79,False,True,1
pay_d1a2513c734546,damaged,apparel,1353,0,2741.29,True,False,0
pay_775fc7b34f8a4c,not_received,electronics,1175,0,31580.15,True,False,0
pay_27583113d27545,damaged,apparel,1437,0,4260.1,True,False,0
pay_3b02a0803f164c,not_received,electronics,1294,0,31675.52,False,False,0
pay_e02f8f5d7a5241,not_received,electronics,1080,1,24116.4,False,False,0
pay_ca8a7f25c23944,fraud,electronics,11,4,27475.11,False,True,1
pay_140b8d767a4e49,not_received,apparel,1109,0,3298.43,True,False,0
pay_3f85d369ac604f,not_received,apparel,1000,0,3707.14,True,False,0
pay_bad6e281d6614f,damaged,electronics,130,0,26390.94,True,False,0
pay_46adb80d0dd444,not_received,apparel,968,2,4325.94,True,False,0
pay_81946e11cf6a44,fraud,digital_services,728,0,2161.16,False,False,0
pay_f3a0f8bc58844d,not_received,electronics,240,1,20799.42,True,False,0
pay_66b97b5a550746,damaged,apparel,914,0,3273.43,True,False,0
pay_656a8f630bd843,not_received,apparel,1403,0,2691.45,True,False,0
pay_fea651b96b6040,not_received,digital_services,1147,0,2972.6,False,True,0
pay_5ef98e02641e4c,fraud,apparel,1493,0,3374.87,True,False,0
pay_cded6d6b32db46,not_received,apparel,805,0,3848.84,True,False,0
pay_6d909b7ff3764e,fraud,apparel,530,0,3478.83,True,False,0
pay_70dae63d6a0d4c,fraud,electronics,826,1,27643.42,True,False,0
pay_779a468e012c4e,not_received,apparel,939,0,2390.47,True,False,0
pay_743fdcbb4db54e,fraud,apparel,783,0,2144.91,True,False,0
pay_1d732e5fe51b43,not_received,apparel,769,0,4064.45,True,False,1
pay_dd9f8286834b40,damaged,electronics,1,4,28244.62,False,True,1
pay_e1ad026a870a46,fraud,electronics,516,1,24110.47,True,False,0
pay_be06b0934b4048,not_received,electronics,10,6,32731.55,False,True,0
pay_b1514a08c9964f,not_received,apparel,1193,0,4436.45,True,False,0
pay_40e2c7f8c44b4c,fraud,digital_services,491,0,3271.36,True,False,0
pay_4927c21ca21045,not_received,electronics,12,5,27981.18,False,True,1
pay_e8ba5662a08e44,not_received,electronics,1225,0,21323.16,True,False,0
pay_0c5508e302ba47,not_received,digital_services,13,5,2276.94,False,True,1
pay_958178cfb95646,damaged,apparel,712,1,2599.33,True,False,0
pay_988b49724cbf4b,not_received,digital_services,653,0,2986.62,False,True,0
pay_2883e36dae5b4d,damaged,electronics,5,3,26137.73,False,True,1
pay_e744d9c7497a4d,not_received,digital_services,1317,0,5116.35,True,False,0
pay_daceccf236d942,fraud,digital_services,1245,0,1993.87,True,False,0
pay_a64dcdb3f00945,not_received,electronics,1002,0,27299.34,True,False,0
pay_71163b0b158b41,fraud,electronics,742,0,16355.35,True,False,0
pay_37f01349a68346,not_received,electronics,453,0,21061.31,True,False,0
pay_58e43633d3ec46,not_received,electronics,1127,0,17380.4,True,False,0
pay_4c460b6cd3a445,not_received,digital_services,1,5,2963.67,False,True,1
pay_7f7dbdda2f614f,fraud,electronics,8,4,21938.49,False,True,1
pay_288c6111b23d48,not_received,apparel,121,0,2528.39,True,True,1
pay_8934780d964d4c,fraud,digital_services,1455,0,3447.36,True,False,0
pay_7401d2594ccd46,not_received,electronics,13,2,35681.92,False,True,0
pay_9e31b76f28824c,not_received,apparel,1125,0,4273.4,True,False,0
pay_2211acaf74ca41,damaged,electronics,774,0,21160.37,True,False,0
pay_44e0f71d92994e,fraud,electronics,261,0,26944.25,False,False,0
pay_0bdc72e7f8ba4a,not_received,digital_services,165,0,2797.97,True,False,1
pay_3d88a4ec84df47,not_received,electronics,1,4,34083.68,False,True,0
pay_369bfb289cb24c,damaged,electronics,65,0,28105.56,True,False,0
pay_1fff8c50e0cc4c,not_received,apparel,50,0,2432.81,True,True,1
pay_ee723fa1ec4e4d,fraud,apparel,4,3,5663.39,False,True,1
pay_9cec4cd16f8541,not_received,apparel,288,0,3858.56,True,False,0
pay_e0cf6234ddc849,not_received,digital_services,629,0,3188.73,True,False,0
pay_359a2652c6c34e,not_received,electronics,45,0,19385.25,False,False,0
pay_d4755a219df444,damaged,apparel,752,0,5116.14,True,False,0
pay_b6f4a99e4b4646,fraud,digital_services,596,0,1916.57,False,True,1
pay_fff2c9e164b44f,damaged,electronics,691,0,24663.99,True,False,0
pay_1d7c48bab6d847,fraud,apparel,7,3,2167.09,False,True,1
pay_ec9db202cb2a44,damaged,electronics,425,0,28454.26,False,False,0
pay_39080d340d7641,damaged,electronics,1017,2,28944.55,True,False,0
pay_6f0418ce74a44f,not_received,apparel,485,1,3081.95,True,False,0
pay_fcd61c3344a749,not_received,apparel,5,5,3371.25,False,False,0
pay_0f06fd3218684c,fraud,digital_services,6,2,2333.51,False,True,0
pay_3b299ac77a7a41,fraud,apparel,993,0,3276.63,True,False,0
pay_6ef935420a394b,fraud,digital_services,1437,0,3645.07,True,False,0
pay_89f24c8aeeb041,fraud,electronics,589,0,24785.74,True,False,0
pay_01914def11f647,not_received,electronics,1482,0,22992.64,True,False,0
pay_40c1ae5be03a46,fraud,digital_services,1315,0,1128.64,True,False,0
pay_3f5098502d9f43,damaged,digital_services,1413,2,4278.79,True,False,0
pay_5c952584961349,not_received,electronics,428,0,25029.03,True,False,0
pay_783cde7f464643,not_received,apparel,315,0,4663.91,True,False,0
pay_bb97234f34de47,not_received,electronics,1009,0,25495.65,False,False,0
pay_b1f05435c5ef4e,fraud,apparel,824,0,2926.35,True,False,0
pay_7322f82a822748,fraud,digital_services,1464,1,2580.63,True,False,0
pay_12942950aa104b,fraud,apparel,255,0,1792.01,True,True,1
pay_ab3267e9962041,not_received,electronics,1278,2,23101.13,True,False,0
pay_94da123406ad4b,not_received,electronics,1170,0,32433.37,True,False,0
pay_e4ff121ac9a24f,fraud,electronics,486,1,23710.89,False,False,0
pay_25f9a5e6d26647,damaged,apparel,613,0,1279.58,False,True,1
pay_6935f85a0d4b4f,fraud,apparel,747,0,3113.21,True,False,0
pay_5c03875120d34e,not_received,digital_services,11,3,2489.45,False,True,0
pay_3bce975a33e249,not_received,digital_services,615,0,2147.91,True,False,0
pay_d23a66e8358d43,not_received,electronics,545,1,18750.68,False,False,0
pay_f83e70595e544b,damaged,apparel,1007,0,3245.89,True,False,0
pay_3b0357bc531f4c,not_received,apparel,70,0,4600.96,True,False,0
pay_8ecf06bc623f48,not_received,electronics,1143,0,21068.23,True,False,0
pay_5a291d544d2c4a,fraud,electronics,3,3,26452.41,False,True,1
pay_9d873ce3121a47,damaged,digital_services,427,0,2673.44,True,False,0
pay_10a2eee8431841,not_received,apparel,442,0,3037.64,True,False,0
pay_42d30ccb07e449,fraud,apparel,272,1,2787.26,False,False,0
pay_1e9cf5cdf4fa49,not_received,apparel,4,6,1079.85,False,True,0
pay_af4e7ccd81984b,fraud,electronics,834,0,17796.93,True,False,0
pay_f182aacf0a4e48,fraud,apparel,10,4,2001.85,False,False,0
pay_85250f449aae47,damaged,digital_services,1167,0,2582.03,False,False,0
pay_024604ce43e642,not_received,electronics,913,0,27048.14,False,False,0
pay_70176152448a46,fraud,electronics,179,1,20017.8,True,False,0
pay_fc50d394fbf545,not_received,apparel,256,0,2226.73,True,False,0
pay_42ab53a628da4b,damaged,electronics,1174,0,19604.33,True,False,0
pay_e51e5f1a14244c,fraud,apparel,7,4,2068.78,False,True,0
pay_a92ffc8657114d,not_received,electronics,1196,0,12566.7,True,False,0
pay_bc89697ff8e445,not_received,apparel,218,0,2806.37,True,False,0
pay_7b03eeaa763f44,fraud,apparel,420,0,3415.84,True,False,0
pay_2ae3f68c057544,not_received,electronics,1280,0,20024.61,True,False,0
pay_ffd9a9134e2946,fraud,electronics,632,0,15690.8,True,False,0
pay_45abbd91d8fa4b,not_received,electronics,1161,0,30143.62,True,False,0
pay_6b4edfdf957942,damaged,electronics,199,0,25396.53,True,False,0
pay_7a63ad14387e4a,fraud,apparel,767,0,3037.01,True,False,0
pay_6743276c87934f,damaged,electronics,1078,0,29511.83,True,False,0
pay_c916b3e3503441,not_received,apparel,1057,0,5178.92,True,False,0
pay_b6b9333a8a9044,fraud,apparel,1119,0,2819.59,True,False,0
pay_387b128a08da45,not_received,electronics,7,4,24415.27,False,False,0
pay_20663974c77240,fraud,apparel,260,1,3866.94,True,False,0
pay_d5592883d46644,damaged,apparel,1386,1,4147.97,True,False,0
pay_5cbcd003af884d,not_received,electronics,1303,0,24948.3,True,False,0
pay_fb663634fb1846,not_received,apparel,1176,0,2424.18,True,False,0
pay_abded6f950c64c,not_received,electronics,3,6,23658.5,False,True,0
pay_f0e10c7910bf43,not_received,electronics,1215,0,24383.16,True,False,0
pay_fda5d9aeb32644,damaged,electronics,183,1,28169.77,True,False,0
pay_59c78d1e71ab4a,not_received,electronics,1028,1,26254.83,True,False,0
pay_9eb106b6c6ab4c,damaged,apparel,341,0,2496.89,True,False,0
pay_7c59568d35664c,not_received,apparel,1399,1,2620.67,True,False,0
pay_2235c87c5bbe4b,fraud,electronics,481,0,30770.03,True,False,0
pay_a3689e3a1c4841,damaged,apparel,277,0,3048.38,True,False,0
pay_766a710b6d994c,not_received,apparel,1,5,2522.25,False,False,0
pay_d13ee23c2de941,not_received,electronics,1256,0,23480.08,True,False,0
pay_3c8a639bc3cf42,damaged,digital_services,1440,0,3548.17,False,False,0
pay_e55837ddaa8e44,fraud,electronics,1431,0,36032.28,False,False,0
pay_fb14b4ff65db40,not_received,digital_services,1189,0,2717.61,True,False,0
pay_f65ddfae46e247,fraud,electronics,13,5,20515.15,True,True,1
pay_f80864a51c4a42,not_received,apparel,887,0,3887.99,True,False,0
pay_1611cebb6b6748,damaged,digital_services,1307,0,2539.14,False,False,0
pay_6d28a2036c294b,damaged,apparel,674,0,2558.85,True,False,0
pay_22670709c5db40,not_received,electronics,215,0,25560.57,True,False,0
pay_4ea4e274ef2841,not_received,apparel,1003,1,2545.2,True,True,1
pay_297c97dead8f41,damaged,electronics,41,0,20374.04,True,False,0
pay_105400d8671c4b,not_received,apparel,1308,0,3030.6,True,False,0
pay_51cfa58bbe0344,fraud,apparel,224,0,2091.15,True,False,0
pay_ea5ee685d2cc4e,not_received,apparel,123,0,1404.98,True,False,0
pay_cf9b029ca4784e,damaged,electronics,49,0,29709.75,True,False,0
pay_d9929ae440b24b,damaged,apparel,416,0,3287.62,False,True,1
pay_c1a98f9529a944,not_received,electronics,10,4,28619.53,False,True,0
pay_7a6b49636f2447,damaged,electronics,1035,0,26795.74,True,False,0
pay_89c6fdaaa92f47,fraud,apparel,687,1,4147.96,True,False,0
pay_b886163da9bb4a,fraud,apparel,616,0,4164.7,True,False,0
pay_a5fcf08600e340,damaged,apparel,1463,0,3625.53,True,False,0
pay_49c348dd67d843,fraud,electronics,36,0,30049.87,True,False,0
pay_522a221676a544,fraud,digital_services,1,4,2790.18,False,False,0
pay_298d2f28c6a541,not_received,apparel,800,0,2212.97,True,False,0
pay_a8a7cea81cd34e,not_received,electronics,926,0,30402.06,True,False,0
pay_e2f3759fe86445,not_received,digital_services,786,1,3313.72,False,False,0
pay_506fbdbec6c946,fraud,digital_services,558,0,2750.43,True,False,0
pay_ea09cf63bd1a43,damaged,electronics,1449,0,29841.41,True,False,0
pay_800b661d2bea41,damaged,apparel,398,0,3165.48,True,False,0
pay_b57e790edd6a4d,fraud,apparel,3,5,682.1,False,True,0
pay_b889ff3d29074d,not_received,electronics,7,2,32117.31,False,True,0
pay_274be4d8675b40,not_received,electronics,495,0,29479.04,True,False,0
pay_6da15d91b23748,not_received,apparel,279,1,3764.57,True,False,0
pay_abadf7f5061245,fraud,electronics,952,0,25448.34,False,True,1
pay_ee7d62a4371a4b,not_received,digital_services,646,0,473.34,True,False,0
pay_a290b70e6c174f,fraud,electronics,155,1,22957.36,False,False,0
pay_3f5b09d54e5f44,fraud,digital_services,340,0,3556.08,True,False,0
pay_b5d7b2d1850e4a,not_received,digital_services,841,0,3827.02,True,False,0
pay_86bda89578e645,not_received,apparel,258,0,3429.57,True,False,0
pay_0bdef0c56fea4d,not_received,electronics,226,0,29855.29,False,False,0
pay_c019cd8336ac4e,not_received,apparel,892,0,3924.53,True,False,0
pay_fa2b7e9988da49,fraud,apparel,1372,0,4791.61,True,False,0
pay_9d97d89687ec46,not_received,apparel,1282,1,3731.46,True,False,0
pay_0a743daea0744f,fraud,electronics,320,0,30309.3,True,False,0
pay_43106c504f3442,not_received,digital_services,48,1,1070.65,True,False,0
pay_cacb65947a3d47,not_received,electronics,249,0,24915.28,True,False,0
pay_a842d25f629940,not_received,apparel,31,0,2726.37,True,False,0
pay_6765106c701341,not_received,digital_services,209,0,3083.65,True,False,0
pay_e1d21dff149a4c,not_received,apparel,1457,0,2056.91,True,False,0
pay_ac2ce887c76642,damaged,electronics,911,0,22467.17,True,False,0
pay_059837268a504a,not_received,electronics,1040,0,28540.66,True,False,0
pay_c7e6c3e81aa24f,not_received,apparel,216,0,4230.43,True,False,0
pay_c0bbc07159f044,damaged,electronics,3,4,24988.85,False,True,1
pay_f882bf34962d47,not_received,electronics,293,1,28020.42,False,False,0
pay_e8a257c65f9947,not_received,electronics,1093,2,20066.54,True,False,0
pay_5986862cbc384c,fraud,apparel,59,1,1979.66,True,False,0
pay_9c0d5c54636044,fraud,electronics,12,5,24265.62,False,True,0
pay_e486e165b9a84b,not_received,digital_services,12,2,2746.33,False,True,0
pay_310c224442e648,not_received,apparel,657,0,3212.71,True,False,0
pay_f734320bf30444,not_received,apparel,12,6,4339.74,False,True,0
pay_6561b024668a4f,damaged,electronics,302,0,26733.41,False,False,0
pay_ff64936e3bf944,fraud,digital_services,863,0,2925.5,True,False,0
pay_cdf94b27d3a744,not_received,electronics,1026,0,18987.74,True,True,1
pay_6c5d208d8fab47,not_received,electronics,665,0,31368.44,True,False,0
pay_6715a469a32248,not_received,electronics,1076,1,24185.14,True,False,0
pay_12ebf8e4986d47,damaged,electronics,156,0,22425.47,True,False,0
pay_0d0a86605e854c,fraud,apparel,312,1,2221.85,True,False,0
pay_69c71731673040,fraud,apparel,726,0,3805.35,True,False,0
pay_7aa3d6a7fb6048,not_received,electronics,48,0,29134.86,True,False,0
pay_f4cd346c28da4e,not_received,apparel,1225,0,1400.41,True,True,1
pay_e52bd8f613794d,not_received,apparel,151,0,2793.22,True,False,0
pay_927e7ab536674e,damaged,digital_services,5,3,2570.69,False,False,0
pay_d56f6c461dd549,fraud,electronics,317,0,20792.03,True,False,0
pay_ab97a9f38fae4b,not_received,electronics,830,0,30999.47,True,False,0
pay_bb92a82e5d214e,not_received,electronics,1224,0,23303.32,True,False,0
pay_b8202d69f18d44,damaged,electronics,282,0,28681.47,True,False,0
pay_80a5671b5c5143,damaged,apparel,9,3,3888.61,False,True,1
pay_ff376d94eb5347,not_received,apparel,2,6,2487.29,False,True,1
pay_a0bb4d85539e4f,not_received,electronics,895,0,24965.65,False,False,0
pay_6df371547c134a,fraud,apparel,1238,0,2134.46,True,False,0
pay_d64b2dec7bc844,fraud,electronics,11,6,26813.56,False,True,0
pay_689e1e59ff3746,not_received,electronics,987,0,18662.6,True,False,0
pay_56da8de1aa1c4e,not_received,electronics,1349,2,31617.76,True,False,0
pay_691c291aa35044,not_received,apparel,905,2,2836.95,True,False,0
pay_9259b4ff41e947,not_received,apparel,1099,0,2157.95,True,True,1
pay_31a225ba45c548,not_received,apparel,1159,2,3372.49,True,False,0
pay_9e938e7916e849,not_received,digital_services,1281,0,2040.85,True,False,0
pay_4bdcbaeebdf742,fraud,apparel,1169,0,2478.0,True,False,0
pay_a3361140550743,fraud,electronics,594,0,31582.89,True,False,0
pay_1c167a4ee92441,fraud,electronics,570,0,31968.23,True,False,0
pay_6257a1306a414c,damaged,digital_services,1304,0,3265.45,True,False,0
pay_79b9a349474343,fraud,apparel,462,0,2729.27,False,False,0
pay_65ceb13502194a,damaged,apparel,82,1,2496.48,True,False,0
pay_b7f75723866c48,fraud,apparel,678,0,2150.35,False,False,0
pay_92ec4687502745,not_received,electronics,870,0,27607.0,False,False,0
pay_59a96aa6c57049,damaged,digital_services,2,6,3479.32,False,True,1
pay_4d2975faa12b41,not_received,electronics,4,5,23939.8,False,True,0
pay_ba7a00dcfe444c,fraud,electronics,912,2,20700.69,False,False,0
pay_ed36664fba224e,fraud,electronics,1134,0,28024.2,True,False,0
pay_cd59748f580e4c,damaged,apparel,11,2,3544.76,False,True,1
pay_c8f0e539c3ca4e,not_received,apparel,356,0,2653.87,True,False,0
pay_9e1f4470cf2543,not_received,apparel,301,0,3805.45,True,False,0
pay_91c4cb16487e4b,not_received,apparel,8,2,4048.38,False,True,0
pay_9ceb6b49402b46,fraud,apparel,407,0,3306.13,True,False,0
pay_ec8814b3d9b746,fraud,electronics,452,0,32423.35,True,False,0
pay_4761897005e341,not_received,apparel,623,0,1331.34,True,False,0
pay_efa9c9da5ed349,not_received,apparel,598,2,1620.91,True,False,0
pay_5c9195cd7c8c4c,fraud,apparel,886,1,4317.67,True,False,0
pay_9b8817d735d345,not_received,apparel,9,4,3237.63,False,False,0
pay_b865b4195e9a4a,damaged,apparel,926,0,2946.54,True,False,0
pay_e62101a4daed41,damaged,electronics,139,0,28480.81,True,False,0
pay_84d8630634374a,fraud,apparel,666,0,3551.51,True,False,0
pay_50e9012e206e40,fraud,electronics,501,1,26282.98,True,False,0
pay_7f84806c955344,damaged,apparel,1035,0,3663.17,True,False,0
pay_ccdf7bff978c46,fraud,apparel,2,6,4914.29,False,True,1
pay_e8030ce288424a,fraud,electronics,616,0,14098.97,True,False,0
pay_e19697290f994f,damaged,apparel,593,0,3050.7,True,False,0
pay_5809c80f38ea40,fraud,digital_services,387,0,3793.61,True,True,1
pay_3dfffc07fa874b,not_received,electronics,638,0,29549.42,True,False,0
pay_117e86149bd847,not_received,digital_services,1303,0,3174.65,True,False,0
pay_f7a7d59a6d7240,damaged,digital_services,878,1,3063.52,True,False,0
pay_caeaa625b52748,fraud,apparel,982,0,3342.65,True,False,0
pay_60e2465c37814c,damaged,digital_services,1442,2,3566.68,False,False,0
pay_6c99b75ba1a741,not_received,apparel,1156,0,2398.61,True,False,0
pay_60e2a7fa86814d,not_received,apparel,307,0,3761.38,True,True,1
pay_cad8c94c797043,fraud,digital_services,1104,2,1782.19,True,False,0
pay_a52dd2406b924f,fraud,electronics,1435,0,23181.33,True,False,0
pay_ac3487bc709b49,not_received,electronics,748,0,16104.14,True,False,0
pay_fd2e2c8ebce349,not_received,electronics,9,5,18536.9,False,True,1
pay_be3d0ddd060a44,damaged,apparel,1,3,2833.91,False,False,0
pay_bdfbf063626c4d,not_received,electronics,1132,0,31346.26,True,False,0
pay_78573562acf342,not_received,electronics,1351,0,24940.11,True,False,0
pay_35564299bc9c46,not_received,digital_services,583,2,2139.14,True,False,0
pay_77c3de45128c49,not_received,apparel,1373,0,2483.51,True,False,0
pay_ec8baf818b6940,not_received,apparel,5,4,2194.89,False,True,1
pay_c1d815bd018347,fraud,electronics,1132,0,36193.69,True,True,0
pay_153e1e5af3b643,damaged,electronics,994,0,24272.38,True,False,0
pay_0dc6bd4d657041,not_received,electronics,560,0,22513.13,True,False,0
pay_ba5773409ff845,not_received,apparel,683,0,2927.03,True,False,0
pay_d3c68f44ff4a47,not_received,apparel,208,0,3789.1,True,False,0
pay_3070c8ecc5f545,not_received,apparel,752,1,3473.42,True,False,0
pay_2c770b418e6b4d,fraud,electronics,760,0,28608.08,True,False,0
pay_aefb635293d440,fraud,digital_services,338,2,4201.86,True,False,0
pay_f05811917fd340,damaged,electronics,852,0,25688.93,True,False,0
pay_98f66d69ec2c4d,fraud,electronics,1,3,18874.84,False,True,1
pay_6e968376833d4a,not_received,digital_services,52,0,4332.0,True,False,0
pay_e681206b76b34b,fraud,electronics,13,5,25648.64,False,False,0
pay_dbbf3d995bc441,fraud,apparel,118,0,3586.64,True,False,0
pay_a651b670b69643,fraud,electronics,1293,0,27426.4,True,False,0
pay_c40738a7564248,not_received,electronics,1289,0,37487.98,False,False,0
pay_136f2be0982647,not_received,apparel,202,0,2400.92,True,False,1
pay_07c7c623e35447,fraud,electronics,6,6,19154.24,False,False,0
pay_06c4ce91f58c47,fraud,electronics,738,0,23822.3,True,False,0
pay_5905b3b7f2a148,damaged,apparel,390,0,1992.98,True,False,0
pay_19088352f65d4d,not_received,electronics,1137,0,31194.49,True,False,0
pay_d23af7b0be6d4a,damaged,digital_services,242,0,2774.32,True,False,0
pay_8038dcd01f7146,damaged,digital_services,406,0,4249.52,False,False,0
pay_6f28ab625da54b,damaged,apparel,786,0,4077.56,False,False,0
pay_0c8d45ba115945,damaged,electronics,10,3,20508.8,False,True,1
pay_0955cebc819546,fraud,apparel,574,0,1230.73,True,False,0
pay_88079883760b43,damaged,apparel,1087,0,1491.22,True,False,0
pay_5d6abcc99a8541,damaged,electronics,620,0,25560.56,True,False,0
pay_18ac1db9e74b48,damaged,electronics,1400,0,28732.53,False,False,0
pay_5db8d075f9c441,fraud,digital_services,349,2,1630.29,False,False,0
pay_2c9b58ff681843,damaged,apparel,473,0,1349.09,True,False,0
pay_3d3d7cad19924c,not_received,apparel,294,2,4997.51,True,False,0
pay_1e20b23ec1e345,not_received,electronics,278,0,18913.38,True,False,0
pay_2f2a2e85bab449,fraud,apparel,294,0,4504.76,True,False,0
pay_991435559f214f,fraud,electronics,330,1,34866.82,True,False,0
pay_43326b5dbea44a,damaged,digital_services,1492,0,844.35,True,False,0
pay_fd76bf7cc8184f,not_received,electronics,786,0,22842.43,False,False,0
pay_8665c4bb4f294e,fraud,digital_services,527,0,4359.68,True,False,0
pay_4ca1759190e54d,damaged,electronics,1478,0,22183.51,True,True,1
pay_7194a0bb1cf043,fraud,apparel,604,0,3759.59,True,False,0
pay_88adaa83ff934a,not_received,digital_services,660,0,2499.67,True,False,0
pay_e8f91ae72b854f,fraud,electronics,1047,0,19398.28,True,False,0
pay_a29d0741378842,fraud,electronics,1430,0,27694.74,True,False,0
pay_466ca757031c49,fraud,digital_services,657,0,3597.3,True,False,0
pay_8b278ff0af8a4a,fraud,electronics,1245,0,23084.16,True,False,0
pay_734ee6b640c149,fraud,apparel,534,0,3396.82,True,False,0
pay_3ffb20de4d3340,not_received,electronics,217,0,25568.97,True,False,0
pay_e9926eb7d2db42,damaged,apparel,341,0,3373.45,True,False,0
pay_d61cf6b1d89e43,not_received,electronics,11,4,23659.44,False,True,1
pay_80b93dde3b034b,fraud,apparel,939,0,3000.85,True,False,0
pay_3d7fe49088c44d,fraud,electronics,1,2,22292.53,False,False,0
pay_11794bb7644b4f,damaged,apparel,1274,0,3880.89,True,False,0
pay_bbd31f731aa54e,damaged,electronics,965,0,29367.77,True,False,0
pay_416c66c44d9147,fraud,apparel,613,0,1825.06,False,False,0
pay_f180f7d43f824e,fraud,electronics,719,0,20976.33,True,False,0
pay_644d8ceebb524c,not_received,electronics,4,3,18814.92,False,False,0
pay_852c7c06a9f143,not_received,apparel,117,0,2945.25,True,False,0
pay_5136956b0a354f,not_received,electronics,473,0,28941.21,True,False,0
pay_19bdb184418e44,not_received,digital_services,1395,0,1258.98,True,False,0
pay_9540889b2d4d41,not_received,apparel,945,0,3786.22,True,False,0
pay_433cb2cef49843,damaged,apparel,1201,0,2457.25,True,False,0
pay_5ebb72a9791248,fraud,electronics,7,3,32448.99,False,True,0
pay_f3b5df73cca74c,damaged,apparel,157,0,3712.48,True,False,0
pay_7d95ad17b5be44,fraud,electronics,5,3,29112.33,False,True,1
pay_ab711e4648f940,not_received,digital_services,285,0,2670.38,True,False,0
pay_2a69da4f437947,not_received,electronics,662,0,32130.28,True,False,0
pay_12a2182a39f64e,not_received,electronics,1260,0,19974.58,False,False,0
pay_b7f894c1283a48,not_received,electronics,1075,0,25978.0,True,False,0
pay_84723d37f6fb4f,fraud,digital_services,4,2,3120.33,False,False,0
pay_1315f1f4139a4e,fraud,apparel,327,0,2269.07,False,False,0
pay_ca332051e57b4c,not_received,electronics,746,0,27468.49,True,False,0
pay_5ffb7fe5179a4c,not_received,digital_services,2,2,1854.96,False,True,0
pay_92a460a4b43a44,fraud,electronics,1146,0,24127.61,True,False,0
pay_b0077ef6b7714f,damaged,apparel,866,0,1622.45,True,False,0
pay_8dd233cc8ce947,fraud,apparel,928,0,5341.11,True,True,1
pay_ba714d2b2d6141,not_received,digital_services,157,0,3936.23,True,False,0
pay_78a70f2135994f,fraud,electronics,354,1,23062.56,True,False,0
pay_80478661d78c4d,not_received,apparel,538,0,2636.07,True,False,0
pay_d4d82cc4bf0945,fraud,apparel,405,0,2477.84,True,False,0
pay_04cf267c647d4a,not_received,electronics,1497,0,31939.94,False,False,0
pay_d85e87ab992f4c,fraud,electronics,564,2,22927.01,False,False,0
pay_bf0bec50eb834c,fraud,apparel,1294,0,4370.81,True,False,0
pay_e3d1598a359a43,not_received,apparel,468,2,1949.69,True,False,0
pay_010d1cc11a7a4f,not_received,apparel,846,0,3330.43,False,False,0
pay_d1dcf1b7e4a149,fraud,electronics,893,0,27668.45,True,False,0
pay_1e17b2f4f85a46,fraud,electronics,237,0,19059.83,True,False,0
pay_7f30e66c953e41,damaged,apparel,1118,1,3462.58,True,False,0
pay_bcd1429f629048,fraud,apparel,336,0,2542.52,True,False,0
pay_e9d8d3e3aa2d4f,damaged,digital_services,489,0,3452.9,True,False,0
pay_4be9cd9c1bfd49,not_received,apparel,874,0,2351.61,True,False,0
pay_cc6fbf7d5e8e4e,fraud,apparel,1045,0,2868.86,True,False,0
pay_dcb4e12029b341,not_received,electronics,6,3,24046.86,False,True,1
pay_be70ecb2487343,damaged,electronics,954,0,26211.03,True,False,0
pay_9f64ede5076744,fraud,apparel,557,0,4390.57,True,True,1
pay_bb50bdc104fc47,not_received,electronics,34,0,29525.0,False,False,0
pay_c654a592b77243,not_received,digital_services,200,0,1038.71,True,False,0
pay_7c14dc4f9c2c46,damaged,digital_services,522,0,2409.79,True,False,0
pay_a767e9932e584d,not_received,apparel,1110,0,2997.93,True,False,0
pay_68488a54339640,fraud,electronics,1150,0,32601.19,True,False,0
pay_5b1ea045fc0c47,fraud,apparel,817,0,1889.45,True,False,0
pay_77a73252469948,fraud,apparel,771,0,191.14,True,False,0
pay_fb5b3d3ea16147,fraud,apparel,543,0,3224.1,True,False,0
pay_cdc795f17f5849,fraud,electronics,169,1,25391.42,True,False,0
pay_b586fa9e7dd341,not_received,digital_services,1423,0,2880.14,True,False,0
pay_6bd0f14f7cb249,fraud,apparel,452,0,1246.0,True,False,1
pay_ca485ee3483a47,fraud,electronics,594,0,13161.28,True,False,0
pay_30313e0287d645,not_received,electronics,41,0,20868.65,True,False,0
pay_ed507f326df14b,fraud,apparel,703,0,1994.86,True,False,0
pay_33e6c5b41b7843,fraud,electronics,5,5,33123.98,False,True,1
pay_14830a7888244c,fraud,electronics,4,2,26477.53,False,True,0
pay_6c283d30d7ef4e,fraud,electronics,803,0,28173.34,True,False,0
pay_568957eaeb9943,damaged,digital_services,59,0,5452.34,True,False,0
pay_17747211fcd249,not_received,electronics,1139,0,23287.05,True,False,0
pay_14cd478c47414f,fraud,electronics,1474,1,29278.56,True,False,0
pay_c5f418eb530b4f,fraud,electronics,884,0,26984.54,True,False,0
pay_ad380ef1823544,fraud,apparel,237,1,3714.36,True,False,0
pay_60ba59ad0f4e44,not_received,apparel,311,0,2286.16,True,False,0
pay_62969bdb81ef45,not_received,digital_services,1485,0,2535.17,True,False,0
pay_ff0ebcee13ec46,not_received,apparel,4,5,3987.26,False,True,1
pay_996161fba6cc49,fraud,apparel,843,0,2942.95,True,False,0
pay_d7a1d73d511141,fraud,apparel,991,0,2482.08,True,False,0
pay_1b7b149cbe7b42,not_received,apparel,385,0,3823.4,True,False,0
pay_37242a23288a4f,damaged,electronics,942,0,16434.15,False,False,0
pay_1ac6222d9ff740,damaged,apparel,1033,0,4458.24,True,False,0
pay_a0452b3af13141,fraud,electronics,666,0,24716.08,True,False,0
pay_4b38a4d2c84744,not_received,digital_services,1121,0,4148.74,True,False,0
pay_9a2947cec7304e,not_received,apparel,1112,0,4000.34,True,False,0
pay_9c8d5de60beb40,damaged,apparel,12,5,2015.45,False,True,1
pay_5f1dd857f0404c,fraud,apparel,696,0,3510.27,True,True,1
pay_f43ab578273b48,not_received,apparel,508,0,2601.71,True,False,0
pay_48960d5c6bb54e,fraud,apparel,8,5,3049.06,True,False,0
pay_ba71b63981284c,not_received,apparel,517,0,4638.11,False,False,0
pay_48715a463a5146,fraud,electronics,9,3,26120.24,False,True,1
pay_2ae31ec4345b4a,not_received,electronics,188,1,20459.22,True,False,0
pay_abc0bd128ce444,damaged,electronics,1209,0,25309.52,True,False,0
pay_3b338f0ebd364d,fraud,electronics,1153,0,25441.8,True,False,0
pay_b4a488cc451a43,not_received,digital_services,311,0,1062.07,True,False,0
pay_158bf50b63a948,fraud,apparel,270,0,2486.15,True,False,0
pay_49e1179c01c249,not_received,electronics,554,0,25190.59,True,False,0
pay_791f5c21480f45,fraud,electronics,942,0,26755.09,True,False,1
pay_0b170378cfe046,fraud,apparel,326,1,4040.63,True,False,0
pay_def1b582f02149,damaged,apparel,1341,1,2601.98,True,False,1
pay_5d8459eac4ca43,fraud,apparel,9,5,1915.14,False,True,1
pay_70219eb3f5ed4b,not_received,apparel,651,0,3139.7,True,False,0
pay_5e22594e9b2145,damaged,digital_services,1430,0,3651.12,True,False,0
pay_fc8e3aaff3dc4e,damaged,electronics,1408,0,21270.32,True,False,0
pay_4f980559fd4c46,not_received,electronics,335,0,27051.69,True,False,0
pay_7cfc8540abfa4d,fraud,digital_services,1,3,3039.2,False,False,0
pay_854d9a4d388946,damaged,electronics,539,0,23131.83,True,False,0
pay_e1251e402e2043,fraud,electronics,1291,0,21613.01,True,False,0
pay_3674e470db3842,damaged,electronics,9,3,24524.53,False,True,1
pay_8aca175a5d6641,not_received,apparel,12,4,3811.49,False,True,0
pay_0a010c58f3d24f,not_received,electronics,636,0,26410.23,True,False,0
pay_4a890b5c43d348,fraud,digital_services,1325,0,2910.25,True,False,0
pay_09fb41e969bb44,not_received,digital_services,1422,0,2329.85,True,False,0
pay_2274283c667d43,damaged,digital_services,351,2,3639.7,False,False,0
pay_58cd771a0d5d4a,damaged,electronics,11,6,18915.1,False,True,1
pay_761db9c7530947,fraud,digital_services,115,0,3011.99,True,False,0
pay_b5253c2297bf45,damaged,apparel,619,0,2808.1,False,False,0
pay_926d6dfe85d947,fraud,electronics,10,5,20119.41,False,False,0
pay_d215ae8f888b4d,not_received,electronics,1122,1,23484.37,False,False,0
pay_1b8af6b9d2ac4e,not_received,apparel,1208,1,3920.06,True,False,0
pay_27ab2dffcece49,fraud,apparel,493,0,5222.38,True,False,0
pay_948422fd4b534d,fraud,electronics,1140,0,21572.43,True,False,0
pay_f29ecaa656cc40,not_received,apparel,1127,0,2164.17,False,False,0
pay_0e144e34cab346,fraud,digital_services,3,2,3517.67,True,False,0
pay_f340ff25bd3247,fraud,electronics,686,0,30232.83,True,False,0
pay_ef2f626f40324c,not_received,electronics,648,0,37186.04,True,False,0
pay_ab18ef230b8941,damaged,digital_services,1080,0,4005.76,True,False,0
pay_90633789040042,not_received,electronics,133,0,23095.51,True,False,0
pay_489857fc4bb34d,fraud,digital_services,984,0,3400.6,False,True,1
pay_2a7053025b754a,fraud,apparel,88,0,3160.61,True,False,0
pay_9c78d7ef9aed4d,not_received,electronics,108,1,25172.67,False,False,0
pay_b0768909a98543,not_received,electronics,181,0,31196.03,False,False,0
pay_0e75544d9cdd4c,not_received,electronics,979,2,13820.37,True,False,0
pay_bd4db60cfdeb46,damaged,electronics,1152,0,22627.49,True,False,0
pay_afb3c12a938746,not_received,apparel,170,0,3585.88,True,False,0
pay_09196dc5021948,fraud,apparel,939,0,3018.08,True,True,1
pay_0857d365428545,damaged,apparel,995,0,4664.18,False,False,0
pay_aa005e22c66f4f,not_received,apparel,1105,1,3155.66,True,False,0
pay_87a405bec60347,not_received,apparel,125,0,2506.09,True,False,0
pay_3bd0bdb1a2a94a,damaged,digital_services,242,0,3754.1,False,False,0
pay_508e0b45538d40,damaged,apparel,1211,0,2604.64,True,False,0
pay_e2ca841b13d244,not_received,digital_services,13,5,2701.19,True,True,1
pay_101cd236b6f945,fraud,electronics,755,0,17696.19,True,False,0
pay_ae9e9d19630945,damaged,apparel,944,0,2420.22,False,False,0
pay_ae2ccd2793a447,not_received,apparel,408,0,3977.72,True,False,0
pay_3159b935efd747,not_received,digital_services,3,2,2745.83,False,True,0
pay_a7c2c3561b0946,not_received,apparel,1356,0,3605.13,True,False,0
pay_a4311abd563742,not_received,electronics,735,0,17319.45,True,False,0
pay_50366caf17d742,damaged,electronics,798,0,30505.15,True,False,0
pay_50d4493c1ee84a,not_received,electronics,117,0,23461.97,True,False,0
pay_2f22e5210c0841,damaged,electronics,1233,2,34801.4,True,False,0
pay_595d3912667946,damaged,apparel,1034,2,3692.98,False,False,0
pay_e2dc53bdd70a4a,damaged,digital_services,10,5,2542.1,False,True,1
pay_d22998f2536b44,not_received,electronics,3,6,19704.38,True,True,1
pay_25855876e10a47,damaged,electronics,7,5,19278.04,False,True,1
pay_b1490e2ccef742,fraud,digital_services,1229,0,1450.53,True,False,0
pay_84dd1ea0651c46,fraud,electronics,10,3,23930.92,False,False,0
pay_8e81bcd63df241,damaged,digital_services,169,0,2830.63,True,False,1
pay_87d6cd61cf5648,not_received,electronics,500,0,26952.85,True,False,0
pay_c39f592a10d446,fraud,apparel,145,2,2727.9,True,False,0
pay_b041627350aa44,fraud,electronics,468,0,28715.77,True,False,0
pay_98d7d0077efc4f,fraud,digital_services,288,0,3751.44,False,True,1
pay_b395f31786934c,not_received,digital_services,1427,0,4363.01,True,False,0
pay_80438231ffd34c,not_received,digital_services,607,0,3323.39,True,False,0
pay_e852f168e9d049,fraud,electronics,675,0,31235.49,False,False,0
pay_bcf400f5eabf41,damaged,digital_services,795,0,4227.69,True,False,0
pay_9c1ea6a56a4d4d,fraud,digital_services,1459,1,3196.91,False,False,0
pay_ad41dab508ac43,not_received,apparel,524,0,4397.25,True,False,0
pay_c52a1e2345424c,not_received,apparel,1303,0,1859.61,True,False,0
pay_6684c3d63c3047,not_received,digital_services,102,0,2698.69,True,False,0
pay_a6aa0e27f01445,fraud,apparel,306,0,3446.17,True,False,0
pay_6e34144719884f,fraud,electronics,1474,0,26367.18,False,False,0
pay_ea4f83c0bc224e,damaged,digital_services,190,0,2750.86,True,False,0
pay_94a3715069a84e,fraud,apparel,663,2,2172.81,True,False,0
pay_0a224486e9ef43,damaged,digital_services,350,2,3168.13,True,False,0
pay_89804e30b3c340,not_received,apparel,1418,1,3412.52,True,False,0
pay_6e4151f7175544,not_received,electronics,356,0,25565.43,True,False,0
pay_14bf33023b3a48,not_received,apparel,1093,0,3265.67,True,False,0
pay_7fa14138aff14b,fraud,apparel,1372,0,1861.22,True,False,0
pay_451e712f0c464b,not_received,electronics,1001,0,28694.2,True,False,0
pay_a4070218619e4c,damaged,apparel,1213,0,3013.24,True,False,0
pay_e22bf32f2eef48,fraud,electronics,839,0,28771.49,True,True,1
pay_178ce1a3d1d542,not_received,apparel,465,0,3177.33,False,False,0
pay_f2bc3a89f72e47,not_received,digital_services,570,0,3270.62,True,False,0
pay_13964267fc684a,not_received,apparel,843,0,4270.9,True,False,0
pay_ab2f358d91c947,fraud,apparel,8,6,5616.0,False,True,0
pay_feb199de2fe54b,not_received,electronics,1152,0,26355.03,True,False,0
pay_8e34000b14e84a,damaged,apparel,990,0,3580.35,True,False,0
pay_a71d26567f194b,fraud,apparel,569,0,4787.97,True,False,0
pay_f5aabc6349454f,not_received,apparel,431,0,2846.22,True,False,0
pay_90a1caddc50d4a,not_received,digital_services,1291,0,3645.11,True,True,1
pay_226d32a50b8447,not_received,apparel,1333,0,4144.0,True,False,0
pay_cc1bd9033e0141,not_received,digital_services,976,0,1968.62,True,False,0
pay_00ffa7596efe42,not_received,digital_services,3,4,2372.81,False,True,0
pay_ce40e918ec9c42,fraud,electronics,700,0,30976.36,True,False,0
pay_6c2de981a35048,damaged,apparel,892,0,4126.57,True,False,0
pay_938b991cc5ad45,damaged,digital_services,521,0,4513.38,True,False,1
pay_cf66563f75d84e,fraud,digital_services,525,0,1630.21,True,True,1
pay_051ccf1f021f40,not_received,electronics,115,0,30830.52,False,False,0
pay_a511ea1fb46442,not_received,apparel,1210,0,3162.88,True,False,0
pay_de8562e5b10744,damaged,apparel,305,0,2065.95,True,False,0
pay_0a950433de7c42,damaged,electronics,479,0,28841.17,True,False,0
pay_0cc5e070f7834b,damaged,digital_services,13,3,2960.68,False,True,1
pay_644ba94d2b134d,fraud,digital_services,715,1,2522.94,True,False,0
pay_ea7d174978404e,damaged,apparel,3,5,4018.17,False,True,1
pay_a2db9b23a7f04d,damaged,electronics,9,2,26009.52,False,True,1
pay_8adac0e86b2f46,fraud,digital_services,1453,0,3802.1,True,False,0
pay_0203c1901dd84f,fraud,apparel,830,0,4574.06,True,False,0
pay_299fa4d0693d49,not_received,electronics,328,0,23995.49,True,False,0
pay_b65d8f7f64b646,not_received,electronics,136,0,21499.13,True,False,0
pay_004820d937c941,fraud,electronics,1265,0,30667.11,True,False,0
pay_61f5aa5e74fa4a,fraud,apparel,4,5,3052.99,False,True,1
pay_50fc9c8ee6304a,fraud,electronics,12,5,25038.57,False,True,1
pay_59e90e0bd2ca4c,not_received,electronics,300,1,23499.94,True,True,1
pay_7848b6ed53a945,fraud,digital_services,584,0,1857.95,True,False,0
pay_17f83bf06f2346,not_received,digital_services,7,2,1771.11,False,True,0
pay_cdc667d2481549,fraud,electronics,836,0,24450.65,True,False,0
pay_319da673e30f49,damaged,electronics,136,0,21449.04,False,False,0
pay_45fb1b1a7dcf4f,damaged,apparel,1352,0,2841.13,False,False,0
pay_7328203a5e214b,damaged,electronics,13,2,28001.57,False,True,1
pay_3eb2c9bf267d40,not_received,electronics,627,1,17030.65,True,False,0
pay_b498a72a812841,fraud,electronics,815,0,33890.7,True,False,0
pay_1402e29d2dde49,not_received,digital_services,1052,0,1223.19,True,False,1
pay_7b3b61dec32248,fraud,digital_services,1355,1,3177.38,True,False,0
pay_43608b3b284444,damaged,digital_services,1388,1,2822.46,True,False,1
pay_7079e7b054424e,fraud,apparel,12,6,1155.69,False,True,0
pay_335f6cc7f2b14d,not_received,apparel,1385,0,4043.66,True,False,0
pay_90db21406fe146,not_received,apparel,8,5,3951.91,False,True,0
pay_44f2f26239b944,damaged,apparel,218,1,4247.76,True,False,0
pay_b52b5ec0a4a846,not_received,apparel,1256,0,3200.65,True,False,0
pay_47cf5fd124d649,not_received,apparel,892,1,4383.51,True,False,0
pay_a655ef4de8b440,not_received,electronics,94,0,18988.15,True,False,0
pay_973125e9c5224b,not_received,electronics,438,2,28333.79,True,False,0
pay_3d3f93b988ef45,fraud,digital_services,528,2,2887.06,True,False,0
pay_561736d677394a,damaged,electronics,494,0,22374.17,True,False,0
pay_1366234fe5974b,not_received,electronics,612,0,20198.41,True,False,0
pay_817c14a3665046,fraud,apparel,461,0,2909.2,True,False,0
pay_a50b59c6c38848,damaged,electronics,12,3,25471.75,False,True,1
pay_e526cc6726a345,not_received,electronics,64,0,15934.58,True,False,0
pay_06adc804c7214f,damaged,electronics,1257,0,22321.01,True,False,0
pay_770996854d1c42,damaged,apparel,527,0,4285.0,True,False,0
pay_e0fb4807c43341,damaged,electronics,1028,0,23271.44,True,False,0
pay_2ea25fa5ca294a,fraud,apparel,875,0,2004.07,True,False,0
pay_75ac0789e62642,fraud,electronics,8,2,26941.39,False,False,0
pay_b8f25be0b1b74e,damaged,electronics,819,0,22619.37,True,False,0
pay_7998149bbc5f4e,damaged,digital_services,1469,0,895.89,True,False,0
pay_1243885bf1754f,not_received,apparel,1099,0,3676.61,True,False,0
pay_5757e6adf56743,not_received,apparel,426,0,3443.28,True,False,0
pay_f33dfdc0685346,fraud,electronics,318,0,19639.66,True,False,0
pay_b5fb0188339b4b,damaged,electronics,786,0,32897.44,True,False,0
pay_395cf06787924e,fraud,digital_services,1310,0,1490.72,True,False,0
pay_9be715d5a85040,fraud,electronics,633,2,20486.16,True,False,0
pay_66b881849cf446,not_received,digital_services,96,0,4470.63,True,False,0
pay_1e9e89a33ad14c,fraud,apparel,1133,1,3042.11,False,True,0
pay_357405058ae244,damaged,apparel,1487,0,3273.09,True,False,0
pay_6ff2f4f139d947,fraud,apparel,155,0,3022.78,True,False,0
pay_5bbca5b03bc548,fraud,apparel,2,2,3251.57,False,False,0
pay_5ad5254ca2b542,not_received,electronics,521,0,25737.16,True,False,0
pay_9fcf150ce8c54c,not_received,apparel,1063,0,2223.17,True,False,0
pay_542488e6251f48,fraud,digital_services,414,0,4159.62,True,True,1
pay_cea9853af2084e,not_received,electronics,292,0,27868.13,False,False,0
pay_5ad9cc07ef3c46,not_received,electronics,1419,0,23856.93,True,False,0
pay_1b991bb380a142,damaged,electronics,987,0,22866.08,True,False,0
pay_46704aa84de44d,fraud,apparel,97,0,4055.16,True,False,0
pay_f0067eeea48c48,damaged,electronics,5,5,30485.42,False,True,1
pay_6f23056b63f549,not_received,digital_services,1398,0,2089.17,True,False,0
pay_9ace9f1e69eb44,fraud,apparel,6,4,2112.12,False,True,0
pay_7e355ff2a19f4e,fraud,digital_services,340,0,3837.12,True,False,0
pay_abf6dcdc99c24a,not_received,digital_services,9,4,2595.23,False,True,0
pay_f4c8839a73c848,fraud,electronics,1036,0,32570.13,True,False,0
pay_fc757be323c54a,fraud,electronics,896,0,28543.0,True,False,0
pay_c5e15ca3a98049,fraud,digital_services,1128,0,2722.58,True,False,0
pay_5cad1101cdbf4a,not_received,apparel,1129,1,3299.62,True,False,0
pay_c286ddb39a7b4e,not_received,electronics,276,0,19049.95,False,False,0
pay_65ef73ac0b984f,fraud,digital_services,580,2,2234.93,True,False,0
pay_f30c8afcd17147,not_received,apparel,109,0,3246.51,False,False,0
pay_999128d90bc540,not_received,electronics,390,0,16916.22,True,False,0
pay_28084d29dbb544,fraud,apparel,968,0,3361.82,True,False,0
pay_f6dea9a5518747,damaged,digital_services,551,0,3403.68,True,False,0
pay_7696ed612e284f,not_received,electronics,920,0,21189.22,True,False,1
pay_8689258399ad42,damaged,electronics,367,0,26917.38,False,False,0
pay_4ed5f8d4903d4d,fraud,electronics,58,0,20230.54,True,False,0
pay_27e23f9c5a8b4e,damaged,digital_services,1309,0,2075.01,True,False,0
pay_34d57c14b12e4a,not_received,apparel,796,0,4088.3,True,False,0
pay_787906debd5c4c,not_received,apparel,183,1,1957.42,True,False,0
pay_3d92fe98413c4e,not_received,apparel,571,0,2619.56,True,False,0
pay_5e0af87f470245,fraud,electronics,7,4,20964.86,False,True,1
pay_f7f1096767d04f,damaged,apparel,10,2,2268.89,True,True,1
pay_e65f59ecf20948,not_received,digital_services,524,0,3972.63,False,False,0
pay_5636ac6c380c4e,fraud,apparel,48,0,3137.4,True,False,0
pay_c003a1baeae84d,fraud,digital_services,12,2,1624.68,False,False,0
pay_b6c4744314f04c,fraud,apparel,526,0,3801.41,True,False,0
pay_22e51ba92d0049,not_received,electronics,1406,0,19349.61,True,False,0
pay_76028d33323f4a,not_received,apparel,1114,0,4264.96,False,True,1
pay_adf01ee8096b45,not_received,electronics,13,4,31609.88,False,False,0
pay_3deb710fb1d64a,fraud,apparel,1408,0,2433.8,True,False,0
pay_42423e49b65c4b,not_received,apparel,3,2,3694.09,False,True,0
pay_bebb1fe4e57147,not_received,digital_services,747,1,4316.28,True,False,0
pay_e297bf97bb0142,fraud,electronics,4,2,27894.2,False,False,0
pay_bc3c71ff718f47,fraud,digital_services,242,0,2341.69,True,False,0
pay_c12b837c75a843,fraud,digital_services,745,1,3742.27,True,False,0
pay_e5251ea359f64e,damaged,electronics,428,0,28303.97,False,False,0
pay_ab5bc44b2b1d42,not_received,digital_services,757,0,1535.1,True,False,0
pay_40d802293b0e4c,damaged,electronics,860,0,28508.96,True,False,0
pay_2dcdec13936442,fraud,electronics,1054,0,15458.13,True,False,0
pay_25f955e89d4746,damaged,digital_services,456,0,3060.17,True,False,0
pay_9f8a1ac485114c,not_received,electronics,427,0,23075.3,True,False,0
pay_03b4521fe26f42,not_received,apparel,159,0,1996.38,True,False,0
pay_302675884c1e46,fraud,apparel,12,2,4057.56,False,False,0
pay_f0c7f33083f043,not_received,electronics,40,0,29319.91,True,False,0
pay_ddb73554ee0645,damaged,apparel,49,0,2388.51,True,False,0
pay_4fdd4c18e7aa44,fraud,electronics,1368,0,27203.81,True,False,0
pay_51df491ec38447,fraud,electronics,46,0,22673.67,True,False,0
pay_636c3221adc949,not_received,digital_services,274,0,4302.26,True,False,0
pay_062efd23db2f40,damaged,digital_services,871,0,2315.08,True,False,0
pay_abef211f351643,not_received,apparel,818,0,2717.19,True,False,0
pay_91bb0050649142,fraud,electronics,9,6,20549.19,False,True,1
pay_dff2926564c649,not_received,apparel,1185,1,4360.4,True,False,0
pay_2fb28d433e794f,fraud,digital_services,245,1,3127.65,True,False,0
pay_e76177b20b7d46,damaged,electronics,723,0,17242.94,True,False,0
pay_687c3f0b21be40,not_received,electronics,12,5,23722.31,False,True,0
pay_53ee5ebafe5141,not_received,digital_services,9,2,3152.68,False,True,0
pay_d30e1c6f1ad54c,fraud,apparel,653,0,2740.68,True,False,0
pay_8ece5939c6e148,damaged,electronics,764,2,26744.0,True,False,0
pay_3f9b96d342024c,not_received,electronics,282,0,23423.62,True,False,1
pay_c38197dd14f84d,damaged,digital_services,743,0,2792.7,True,False,0
pay_5678a1d0fd5b42,not_received,apparel,1377,0,2087.65,True,False,0
pay_4d65e2b039ea41,damaged,electronics,1001,0,28343.84,True,False,0
pay_a9b70e55591d4b,damaged,digital_services,108,0,3656.26,False,False,0
pay_baafdda5de6246,fraud,digital_services,503,0,3169.97,True,True,1
pay_56063ceb130046,damaged,electronics,5,3,20504.81,False,True,1
pay_2a7f50c42ed14d,fraud,apparel,926,0,2864.59,True,False,0
pay_cdc6ac04bffe47,not_received,electronics,1112,0,20405.3,True,False,0
pay_e0d9baeeca9e40,damaged,apparel,1489,0,3697.4,True,False,0
pay_e091fd267c3848,fraud,electronics,1354,0,40322.4,True,False,0
pay_c8522f81e38c49,not_received,electronics,1327,0,30295.38,True,False,0
pay_087f8fee535c42,not_received,apparel,1308,1,3172.33,True,False,0
pay_e1e44f62a30b46,not_received,apparel,1359,2,1990.18,True,False,0
pay_3419be51896d49,damaged,electronics,1343,0,26443.88,True,False,0
pay_422a71159ccb48,not_received,electronics,83,0,28358.02,True,False,0
pay_f33a6ab67f814e,damaged,digital_services,1235,0,1581.74,True,False,0
pay_c382c0cda1e547,fraud,electronics,337,0,27169.11,True,False,0
pay_5c86db481fd14f,fraud,apparel,1467,0,1600.48,True,True,1
pay_fed2fa1583a143,not_received,electronics,929,0,16730.4,False,True,0
pay_fe23d608b6ab4e,not_received,apparel,1106,0,3283.54,True,False,0
pay_a0ff5b4105ee4f,fraud,electronics,12,5,26855.34,False,True,0
pay_2204d6bf9e5a42,not_received,electronics,1359,0,17112.28,True,False,0
pay_f931ea03d7a946,fraud,apparel,9,4,1330.05,False,True,0
pay_37e5015b15134f,not_received,electronics,119,1,26365.79,True,True,1
pay_abd994211d0b46,fraud,apparel,1444,0,2857.1,True,False,0
pay_200ce104c4054d,not_received,electronics,1098,0,25109.51,False,False,0
pay_aa9f48c945ff41,not_received,electronics,778,0,31754.01,True,False,0
pay_2c50d008061540,damaged,apparel,1039,0,2277.76,True,False,0
pay_939fc84955ab43,not_received,electronics,1040,0,22265.94,True,False,0
pay_e7d212ddb04349,not_received,electronics,1087,2,24299.59,True,False,0
pay_5045cb59ad1740,damaged,electronics,168,0,28872.45,True,False,0
pay_1ef569998b8e44,not_received,electronics,78,0,25356.37,True,False,0
pay_3a39c69f040d4f,fraud,electronics,453,0,15900.4,False,False,0
pay_ac42c3e500da44,damaged,electronics,976,0,21302.67,True,False,0
pay_d4b60390562e44,not_received,electronics,1380,1,20157.73,True,False,0
pay_72464da754db46,not_received,digital_services,1152,0,4740.76,True,False,0
pay_b92b0bbaa0944c,not_received,electronics,148,0,28385.62,True,True,1
pay_183b5a3c29374b,damaged,digital_services,261,1,5695.27,True,False,0
pay_8c0ae28535784c,damaged,digital_services,4,3,5290.6,False,True,1
pay_bb1332d0d34c49,damaged,electronics,1091,2,32560.25,True,False,0
pay_a34b5b47448f48,fraud,electronics,902,0,19801.87,True,False,0
pay_a9b09551d68942,not_received,electronics,846,0,26175.77,True,False,0
pay_5263793da55743,fraud,apparel,1182,0,3839.51,True,False,0
pay_d39cd71bc75e49,fraud,apparel,683,0,3651.34,True,False,0
pay_ce567a98589049,damaged,apparel,3,5,2835.74,False,True,1
pay_b69963ee23cb42,fraud,apparel,657,2,2073.71,True,False,0
pay_7585324e4cb441,not_received,electronics,51,0,19920.12,False,False,0
pay_1e8781b3d56442,not_received,digital_services,854,0,2168.5,True,False,0
pay_4ce612ba67fe44,not_received,electronics,370,0,16233.37,False,False,0
pay_555e59438da54f,fraud,digital_services,838,0,4282.82,True,False,0
pay_9481e609eb2d46,fraud,electronics,962,0,18741.4,False,False,0
pay_5b272aa9417140,not_received,electronics,879,0,22377.5,True,False,0
pay_5acaa1c2e01a46,fraud,digital_services,230,1,3862.73,True,False,0
pay_d83b83b5430249,damaged,apparel,1058,0,2035.56,True,False,0
pay_2e10293c528144,damaged,apparel,5,5,2826.72,False,True,1
pay_b25e9a4f35d74f,not_received,apparel,940,2,1624.73,True,False,0
pay_bfe261fe93f242,damaged,digital_services,119,1,4290.51,True,False,0
pay_4d5a2db3bfba48,fraud,digital_services,1338,1,2529.68,False,False,0
pay_c48c3189c58a45,not_received,apparel,1491,0,2326.35,True,False,0
pay_768e5b851d4849,fraud,electronics,198,0,26745.87,False,False,0
pay_e4da766d869f4a,not_received,apparel,754,0,2107.4,True,False,0
pay_4f5f16a8eb2841,not_received,digital_services,1257,0,2821.61,True,False,0
pay_3d7676a2123743,fraud,apparel,1088,2,4209.5,True,False,0
pay_1438845d25b04a,fraud,digital_services,1492,0,3710.27,True,False,0
pay_14ef83e6f94348,not_received,electronics,5,5,26370.01,False,False,0
pay_9fccccc36f204c,not_received,digital_services,13,3,1300.44,False,True,1
pay_b220a9dc204942,fraud,electronics,6,5,20646.87,False,True,1
pay_49dd0926df1e46,not_received,electronics,372,0,20276.93,True,True,1
pay_eb8db63e2d634e,not_received,apparel,1155,0,5685.05,True,False,0
pay_4a3189428e1746,not_received,apparel,1431,0,2640.63,True,False,0
pay_09ebc0838abc4e,not_received,electronics,760,1,27011.02,True,False,0
pay_ea21ae263fa044,fraud,digital_services,791,1,1214.58,True,False,0
pay_15714b4e60b649,not_received,digital_services,924,0,3597.12,False,False,0
pay_678ea89fe5d142,damaged,apparel,2,3,3595.25,False,True,1
pay_733edecd0b3e4c,not_received,electronics,13,5,25279.52,False,True,0
pay_d357191f1e0449,not_received,electronics,1127,0,22787.33,True,False,0
pay_f08464c707fe4a,not_received,apparel,310,0,3036.8,True,False,0
pay_002c25be629445,fraud,apparel,1323,0,2413.14,True,False,0
pay_4f4eee97bb4d47,not_received,electronics,9,5,31971.5,False,False,0
pay_23d0a75ee1b641,damaged,apparel,1467,0,3310.91,True,False,0
pay_49109a15654949,fraud,apparel,10,2,2927.89,False,True,1
pay_0ed1e07cd48c4b,damaged,apparel,374,1,2520.07,True,False,0
pay_8fb1e7cbe83b42,fraud,apparel,553,0,3908.59,False,False,0
pay_ee120a1aa2d846,not_received,apparel,181,0,4431.19,True,False,0
pay_2cc358bc96c342,damaged,electronics,355,0,10687.15,True,False,0
pay_f4ece19aa2f04c,damaged,electronics,614,1,26662.57,True,False,0
pay_6afbb52efbe241,damaged,digital_services,579,1,2146.82,True,False,0
pay_7300d1d13baf4e,damaged,electronics,884,1,26265.04,True,False,0
pay_2414c80fac6c47,not_received,digital_services,1379,2,4940.93,True,False,0
pay_6180bb24c60c48,not_received,electronics,1052,0,26240.03,True,False,0
pay_a207ea5b735a4d,fraud,apparel,5,6,4854.5,False,True,0
pay_54aa071d1e2246,fraud,electronics,1088,0,26414.91,True,False,0
pay_0b15d24eb4704f,not_received,digital_services,57,0,1633.43,True,False,0
pay_cda0f70b2d5e45,not_received,digital_services,1351,0,2373.36,True,False,0
pay_fecf9c39e1724b,not_received,electronics,753,1,25830.07,True,False,0
pay_83bdd840684f49,damaged,electronics,12,5,28275.16,False,True,1
pay_559f5e56d8c440,not_received,apparel,1331,0,2013.97,True,False,0
pay_3f34ad96332848,fraud,digital_services,208,0,1826.9,True,False,0
pay_e50b94a85cc544,not_received,apparel,1396,0,1923.2,True,False,0
pay_dfed90b345c54a,not_received,digital_services,662,0,3259.37,True,False,0
pay_0581241475744a,not_received,electronics,233,0,28659.33,True,True,1
pay_ee808dd1ca7c4d,damaged,apparel,972,0,2722.7,True,False,0
pay_36cb6c2e2c8e4f,not_received,apparel,659,1,2730.32,True,False,0
pay_bb10e04e73e644,damaged,electronics,452,0,28789.13,True,False,0
pay_c385bd083a4545,not_received,apparel,2,4,1930.85,False,False,0
pay_90e0207d7fce4e,not_received,digital_services,1209,0,3897.79,False,False,0
pay_9b2e2b6b2b384e,not_received,digital_services,481,0,3374.1,True,False,0
pay_dc6fe0df33d34f,fraud,electronics,460,0,23523.44,True,False,0
pay_3532ea54757b45,fraud,electronics,260,0,24606.5,True,True,1
pay_9aa549ce58a94f,fraud,apparel,1305,0,3578.46,True,False,0
pay_5a080b38692f42,not_received,electronics,1125,0,33675.64,False,False,0
pay_1fbc92cec74346,fraud,digital_services,275,0,3788.39,True,False,0
pay_a8d1170e77fe45,damaged,electronics,7,6,25806.82,False,True,1
pay_dc6501f4dbe04e,not_received,apparel,463,1,2368.56,True,False,0
pay_eb03b05e547346,not_received,electronics,846,0,21666.46,True,False,0
pay_5b00d1a6770346,fraud,apparel,489,0,3002.89,True,False,0
pay_0dde9018bb8f48,fraud,electronics,1243,0,16325.56,True,True,1
pay_961de1368c514e,fraud,electronics,1344,0,26212.62,False,False,0
pay_fe3c8000f83547,not_received,apparel,6,2,2815.01,False,True,0
pay_56c2be15c2f943,not_received,apparel,1314,0,2499.82,True,False,0
pay_5202b80e70944a,not_received,apparel,105,0,2665.18,True,False,0
pay_3c13b34853d043,not_received,electronics,247,0,28218.82,True,False,0
pay_b04930612c544b,not_received,electronics,1382,0,27863.23,True,False,0
pay_f5f57dff722c49,fraud,apparel,1222,1,1693.33,True,False,0
pay_f3d9910bb09342,not_received,digital_services,13,5,2234.44,False,True,0
pay_b3f4d0ef019844,not_received,electronics,1111,0,31175.71,True,False,0
pay_2e87f79636b741,not_received,electronics,1311,0,25202.12,True,False,0
pay_33d49a0f598345,fraud,electronics,207,0,27608.5,True,False,0
pay_d5d48c9ef91440,not_received,electronics,1139,0,19411.31,True,False,0
pay_cba8e65be86f4a,fraud,electronics,13,3,25362.33,False,False,0
pay_3e27af20542e4d,damaged,apparel,140,0,4718.32,True,False,0
pay_b0144d38143842,not_received,digital_services,1170,0,2833.12,False,False,0
pay_1fffd32cda2141,damaged,electronics,13,3,23546.51,False,True,1
pay_08784eac97e941,not_received,apparel,1461,0,3317.24,True,False,0
pay_8e87071798e140,fraud,apparel,632,0,2954.76,True,False,0
pay_833e316187de45,not_received,digital_services,318,0,1552.26,True,False,0
pay_fe223a5087024d,fraud,apparel,5,2,2356.95,False,False,0
pay_4591cb04d5b746,damaged,digital_services,491,0,3763.85,True,False,0
pay_6885adc94d8643,damaged,apparel,12,2,4158.48,False,False,0
pay_a96f6e2e059249,not_received,digital_services,6,5,3093.07,False,False,0
pay_ae15a36000bc45,not_received,electronics,6,2,28639.89,False,False,0
pay_171cf4bf24b74c,not_received,electronics,11,6,30793.0,False,True,1
pay_f633078c036a4a,damaged,digital_services,984,0,1661.6,True,False,0
pay_35203d6fabfa40,fraud,apparel,933,0,4218.44,True,False,0
pay_b9e0277b05c240,not_received,electronics,1188,0,24032.13,True,False,0
pay_7c5fa79e4d3a4b,not_received,digital_services,1015,0,3451.29,True,False,0
pay_bd74cc0f01f547,damaged,electronics,1458,1,33486.04,False,False,0
pay_3bc9e9b792ac49,damaged,electronics,9,6,26483.39,False,True,1
pay_c2e0d379ec144f,damaged,apparel,542,0,3126.64,True,True,1
pay_89f190bf8c6445,not_received,apparel,248,0,2869.97,True,False,0
pay_de8e3a6431a94a,fraud,apparel,889,0,3749.8,True,False,0
pay_e0b9961ccd114c,not_received,electronics,899,0,30107.7,True,False,0
pay_194e2578c5244b,not_received,digital_services,927,0,1697.84,False,False,0
pay_fd4a59ebaabf42,not_received,digital_services,1331,0,3096.31,True,False,0
pay_6c48053d16094f,fraud,electronics,4,6,32418.45,False,True,0
pay_b087581d3d4a46,not_received,electronics,747,0,22153.05,True,False,0
pay_ad3119d22d4545,fraud,electronics,1,6,34259.73,False,False,0
pay_3c69e6148f9047,damaged,digital_services,572,0,2883.83,True,False,0
pay_585988c3b3694d,fraud,digital_services,710,0,3273.4,True,True,1
pay_f488ea85c47448,not_received,apparel,13,4,4333.69,False,True,0
pay_223fa686dfe041,fraud,digital_services,1333,0,2965.46,True,False,0
pay_9b72eea9e19947,fraud,apparel,1068,1,3436.88,False,False,0
pay_85d91d8d128045,damaged,apparel,195,0,2976.4,True,False,0
pay_1610f6912dc349,fraud,electronics,1,3,29444.33,False,True,1
pay_2b51bdffa0c14b,fraud,electronics,274,0,19479.6,True,False,0
pay_5edfe9586efe4d,fraud,electronics,8,5,26634.25,False,True,0
pay_97c81e17862343,not_received,apparel,1045,0,3909.81,True,False,0
pay_7586ab7f9d1a4e,not_received,electronics,750,0,24659.87,True,False,0
pay_6d0da6b6301f4f,fraud,electronics,917,0,18606.4,True,False,0
pay_0f360fe03b3c42,not_received,electronics,145,0,20808.67,True,False,0
pay_19dbf468ecc54e,fraud,apparel,1020,0,3583.58,True,False,0
pay_85240aa514674e,damaged,digital_services,34,0,1087.17,True,False,0
pay_ccc26f353bb44b,damaged,digital_services,799,0,2737.0,True,False,0
pay_f1feec53afab41,damaged,apparel,543,0,5316.15,True,False,0
pay_c808853b1d9749,damaged,apparel,1015,0,3732.35,True,False,0
pay_52a18c2a8b6744,fraud,apparel,1090,0,3831.51,True,False,0
pay_3e9271bee5924b,fraud,electronics,12,2,20380.61,False,True,0
pay_c3792266f9ae4d,not_received,electronics,760,0,31703.12,True,False,0
pay_a5e38e8762a746,fraud,electronics,1127,0,24361.83,True,False,0
pay_5ec65b3e0e2248,fraud,apparel,128,0,2839.65,False,False,0
pay_f38d36a4a92e44,fraud,electronics,181,0,27394.73,False,False,0
pay_22d5ae5b08bb45,not_received,apparel,1077,0,2754.48,False,False,0
pay_86562fbe6d2d43,not_received,electronics,380,0,24997.95,True,False,0
pay_cbde5c35ac1048,fraud,electronics,1313,0,25865.64,True,False,0
pay_8a63683e505044,fraud,digital_services,69,0,4275.98,True,False,0
pay_beb7e879fc0c4f,not_received,electronics,1451,0,28716.75,False,False,0
pay_83a889ed17934f,fraud,apparel,1169,0,1589.92,True,False,0
pay_cb02edd07ade4d,damaged,electronics,56,0,21935.39,True,True,1
pay_4eebc8f47d3d41,fraud,electronics,675,0,28297.22,True,False,0
pay_ad7b727512e243,not_received,apparel,1323,0,3516.2,False,False,0
pay_8feefed63fd64b,not_received,apparel,13,4,2265.28,False,True,0
pay_b66e41bd6f2e4f,fraud,electronics,819,0,16115.7,False,False,0
pay_ad433a77a0e245,not_received,digital_services,462,0,2854.54,True,False,0
pay_f2ac31c688b34f,not_received,apparel,416,0,3012.45,True,False,0
pay_ed25f87e94564c,damaged,electronics,157,0,25443.99,True,False,0
pay_a3d8d332a5c94f,not_received,electronics,365,0,25256.38,True,False,0
pay_725350edd57848,fraud,apparel,998,1,1018.04,True,False,0
pay_4420644ce5a845,fraud,apparel,718,2,4159.79,True,False,0
pay_913f8da7158644,fraud,electronics,893,0,26983.8,True,False,0
pay_ae7c839ffe9e43,fraud,electronics,1279,1,23970.38,True,False,0
pay_8e8ab188dfe445,not_received,electronics,4,4,21757.66,False,True,1
pay_4c3ee3a2eaf947,damaged,electronics,760,0,27548.04,True,False,0
pay_556a2490e18443,not_received,electronics,1439,0,26310.12,True,False,0
pay_b0256a63d38f40,not_received,digital_services,563,1,2467.35,True,False,0
pay_b98eefab249c42,not_received,apparel,607,0,3445.45,True,False,0
pay_93428bc8038349,damaged,apparel,2,6,2293.3,False,True,1
pay_7af6a862121248,fraud,electronics,10,5,22266.52,False,True,0
pay_c9a81fcce24b49,not_received,electronics,148,0,23981.28,True,False,0
pay_7ac4ffcd71da4e,damaged,electronics,5,3,17619.59,False,True,1
pay_5b55d9bde1eb4d,fraud,apparel,580,0,1241.53,False,True,1
pay_9c3ee7f850ef4d,fraud,electronics,551,0,23981.73,True,False,0
pay_af7a23956cee49,damaged,electronics,1301,0,26378.98,True,False,0
pay_e0d8bef8602841,not_received,electronics,809,0,21032.53,True,False,0
pay_ce849395ea0245,fraud,digital_services,962,0,3329.66,True,False,0
pay_95eaf2400e6a43,not_received,apparel,1355,0,2616.26,True,False,0
pay_6b20528d4ac345,not_received,electronics,814,0,30470.94,True,False,0
pay_a4eb3a55592446,not_received,apparel,6,6,2416.68,False,True,0
pay_e5112d2f21604c,fraud,apparel,370,0,3760.66,True,False,0
pay_ccc8db22c4b944,fraud,electronics,216,0,24066.83,True,False,0
pay_ea5c9f360a884f,not_received,electronics,781,0,29110.24,True,False,0
pay_281e509c197746,not_received,digital_services,696,0,2920.35,True,False,0
pay_0f331edff8674e,damaged,electronics,458,0,24626.75,False,True,1
pay_a914fab35a9944,fraud,digital_services,582,0,2097.46,True,False,0
pay_2490eeb388844d,damaged,electronics,2,2,30004.28,False,True,1
pay_6755209e7b034e,fraud,apparel,418,0,2945.88,True,False,0
pay_7e872479eae942,not_received,electronics,1471,0,30284.17,True,False,0
pay_6343d1bbbef242,damaged,apparel,8,4,3293.58,False,True,1
pay_a406e373ac914f,not_received,digital_services,895,0,4260.47,True,False,0
pay_0a2afd132ec344,fraud,apparel,882,2,4957.68,False,False,0
pay_c275f8aad3bc4c,fraud,electronics,170,0,16549.17,True,False,0
pay_2481227edff541,not_received,electronics,630,0,28364.78,True,False,0
pay_0b30ddba2eaf4e,not_received,digital_services,811,0,3935.89,True,False,0
pay_012546ea210745,damaged,apparel,282,0,3027.33,True,True,1
pay_20815655c0a545,not_received,electronics,495,0,16112.11,True,False,0
pay_1d87986cc01849,damaged,digital_services,858,0,3536.15,True,False,0
pay_50d1c2c734634d,not_received,apparel,928,0,3057.03,True,False,0
pay_e0c8414b25064c,damaged,electronics,928,0,19690.9,False,False,0
pay_01cd8b4a6e1443,fraud,apparel,509,0,1858.5,True,False,0
pay_e1b6151eaa5d4f,damaged,apparel,559,0,3036.56,True,False,0
pay_5396f3da69a54b,fraud,digital_services,701,0,4714.33,True,False,0
pay_302e6adb73694a,damaged,electronics,841,1,26792.29,True,False,0
pay_aec733280ee943,fraud,digital_services,378,0,2495.88,True,True,1
pay_b9147d01681547,not_received,digital_services,1412,0,2158.5,True,False,0
pay_b2d0d515640f47,not_received,apparel,322,0,3914.6,True,False,0
pay_ee67eff70faf47,damaged,electronics,128,0,27736.25,True,False,0
pay_d4da7d94eba440,not_received,digital_services,5,2,3238.38,False,False,0
pay_327480ec473e40,fraud,apparel,1349,0,3137.09,True,False,1
pay_65357042ad0144,not_received,digital_services,4,4,2795.92,False,True,0
pay_9e2b7c17efb44f,fraud,electronics,3,5,20809.28,False,True,0
pay_53caefb753cc4c,fraud,digital_services,1024,0,2793.66,False,False,0
pay_805b69de0f4446,fraud,digital_services,261,0,3823.48,False,False,0
pay_063f59245cc445,fraud,digital_services,10,5,3609.61,False,True,0
pay_247402bf90b84d,not_received,electronics,484,0,18236.29,True,False,0
pay_4671624c9fa741,damaged,apparel,235,0,4103.36,True,False,0
pay_82019d63ab514e,damaged,electronics,1070,1,24663.2,True,False,0
pay_151d358537b04e,fraud,electronics,986,0,17897.35,False,False,0
pay_1f2e790a2f904c,fraud,electronics,775,0,28424.94,False,False,0
pay_e79377119bbd41,fraud,digital_services,5,3,4482.3,False,True,1
pay_063e220c0bd046,fraud,apparel,11,4,1809.12,True,True,1
pay_2db51c4500b14e,fraud,electronics,1251,1,29218.02,True,False,1
pay_8736590ff7d34c,fraud,digital_services,5,6,1890.18,False,True,1
pay_af980e8a15464d,not_received,apparel,1348,0,3038.0,True,False,0
pay_27294860ba314e,not_received,digital_services,1472,0,3834.15,True,False,0
pay_a50e696db9c944,not_received,digital_services,1247,1,1611.42,True,False,0
pay_8cb62d2f1a3c4f,fraud,apparel,1392,0,3529.61,True,False,0
pay_2dbc222141764c,not_received,electronics,1287,0,20457.18,True,False,0
pay_ad2be7c4ad6343,damaged,digital_services,1012,0,2776.54,True,False,0
pay_7b29949982ff40,fraud,electronics,1198,0,31128.1,True,False,0
pay_4c2dcb44846f43,fraud,apparel,806,0,4235.47,True,False,0
pay_4249683de4c242,fraud,digital_services,6,4,2663.3,False,True,0
pay_5b7f7cac557e48,fraud,electronics,12,3,35902.17,False,True,0
pay_dcc25338d2d349,not_received,apparel,6,2,2878.43,True,True,1
pay_d26dd8950ff745,fraud,electronics,2,2,27087.26,False,True,0
pay_0e1e671493bc47,not_received,electronics,541,0,24479.26,False,False,0
pay_5bc3361bdb324f,fraud,electronics,1494,0,21678.97,True,False,0
pay_b74c6edc258447,not_received,digital_services,249,0,3073.65,True,False,0
pay_cb1703e76b5649,fraud,electronics,1022,0,22264.44,True,False,0
pay_3d9098b2fb9f43,not_received,digital_services,947,0,3219.32,False,False,0
pay_b6892e0cee0f43,fraud,apparel,258,0,2599.07,True,False,0
pay_81638d56e4674c,fraud,apparel,1497,0,5082.94,False,False,0
pay_b060024ebb6b45,damaged,digital_services,187,0,3207.09,True,False,0
pay_5527213641d942,not_received,apparel,365,0,3699.05,True,False,0
pay_1323ddc8ce7e41,fraud,electronics,529,0,28323.72,False,False,0
pay_6199e318da8e46,not_received,electronics,768,0,21450.35,True,False,0
pay_94f6f05185f648,not_received,apparel,94,0,4649.62,False,False,0
pay_ff195419c7c340,not_received,apparel,3,4,2460.73,True,False,0
pay_05a9510e838442,not_received,electronics,13,2,23333.43,False,True,0
pay_5c4ef77a86664d,damaged,apparel,289,0,1753.47,True,False,0
pay_dfc4f481201941,fraud,apparel,295,0,1977.96,True,True,1
pay_438665a863dc4d,fraud,digital_services,1,6,2191.33,False,False,0
pay_576f05c43a8245,fraud,apparel,140,0,3107.21,True,False,0
pay_74da5618cb9143,not_received,digital_services,287,0,3935.06,True,False,0
pay_71bd8a72b1c14c,damaged,apparel,596,0,2702.2,True,False,0
pay_5977d0a65cae49,damaged,digital_services,609,0,2962.3,True,False,0
pay_3fbae143656144,not_received,apparel,453,1,4088.14,True,False,0
pay_a1e1d21548704f,damaged,apparel,677,0,2586.47,True,False,0
pay_e543d4e3400148,not_received,electronics,300,0,25121.0,False,False,0
pay_ccd8ff7917da46,not_received,apparel,1114,1,3733.73,True,False,0
pay_7161b3a5fcfe46,damaged,digital_services,1188,0,4207.87,True,False,0
pay_8734000b137c46,fraud,electronics,410,0,18541.95,True,False,0
pay_1cc8ddbde74e4d,not_received,electronics,2,4,30090.76,False,True,1
pay_567be1f4c6224b,not_received,digital_services,9,3,2986.36,False,True,1
pay_a7ebb0b42f5941,damaged,apparel,906,0,1342.25,True,False,0
pay_47728ff75e644c,damaged,electronics,693,0,28798.68,True,False,0
pay_f913b52281ef4c,damaged,apparel,13,2,2092.59,False,True,1
pay_5aa0c17c63a149,damaged,apparel,596,0,2893.28,True,False,0
pay_2f0039a01f4c4d,not_received,apparel,34,1,3205.32,True,False,0
pay_636f7455e34f4c,fraud,digital_services,548,0,3789.58,True,False,0
pay_efa09004e39940,fraud,electronics,12,2,19808.2,False,True,0
pay_9de6999996e747,not_received,apparel,1255,0,3032.34,True,False,0
pay_fbe69f4607b64c,not_received,digital_services,7,6,937.22,False,True,0
pay_72974c89a51740,not_received,digital_services,5,6,2126.47,False,False,0
pay_317f1667a15348,not_received,electronics,1056,0,19456.65,False,False,0
pay_cddaa5d0f4024b,damaged,electronics,8,4,26914.59,False,True,1
pay_7af58e1e842b41,fraud,apparel,5,2,1990.76,False,True,0
pay_475c4c22bd4e44,damaged,digital_services,594,0,1057.71,True,False,0
pay_992466c4d86647,damaged,apparel,860,0,3294.84,True,False,0
pay_d5f631a7e7c74b,not_received,apparel,467,0,3110.35,True,False,0
pay_19fcd56abd264a,not_received,digital_services,1125,0,3934.09,True,False,0
pay_283faef5beec49,not_received,apparel,1333,0,4470.94,True,False,0
pay_8d71380aeec74e,not_received,digital_services,1,5,2013.2,False,True,0
pay_a28a9df7c3cf4b,fraud,digital_services,931,0,4214.78,False,False,0
pay_dcaa8d7e086445,fraud,digital_services,1013,0,1342.51,False,False,0
pay_2b7b80b03e1041,fraud,digital_services,823,0,3569.32,False,False,0
pay_d4079d4537d74e,fraud,apparel,447,0,4447.4,True,False,0
pay_2611f7ffc13f43,fraud,electronics,73,1,24775.66,True,False,0
pay_e3996b95473b49,fraud,apparel,391,0,3475.79,True,False,0
pay_251a2d0de23141,not_received,digital_services,639,0,2345.13,True,True,1
pay_6fd0090996bc4e,damaged,digital_services,13,3,2415.48,False,True,1
pay_07079cfd3ee248,not_received,electronics,96,0,29632.94,True,False,0
pay_0f544ebbd70e44,damaged,electronics,2,5,22923.49,False,True,1
pay_f72b5b6ba75143,not_received,apparel,499,0,1799.47,False,True,0
pay_abcc75399ae045,not_received,apparel,504,1,3615.72,True,False,0
pay_0b8f66b851944d,not_received,electronics,245,0,33599.24,True,False,0
pay_42f6e24cabca4e,fraud,apparel,836,0,3880.76,True,False,0
pay_ddf94cae51034c,damaged,electronics,397,0,27166.27,True,False,0
pay_282829f31ffc45,damaged,apparel,1317,2,1682.21,False,False,0
pay_0c79bbfb502143,not_received,electronics,1249,0,22013.23,True,False,0
pay_ab2199c845b447,fraud,digital_services,449,0,2088.67,True,False,0
pay_38cfef5a9e844c,not_received,apparel,1123,0,3872.06,True,False,0
pay_1d77b531cc9a49,fraud,electronics,4,2,29478.71,False,False,0
pay_e2476e9dd0fd49,fraud,apparel,1187,0,3221.9,False,False,0
pay_071669658b274a,damaged,electronics,159,0,28948.33,True,False,0
pay_81e44d0f885042,not_received,digital_services,286,0,3172.18,True,False,0
pay_57f219e34bf44d,not_received,apparel,1371,0,4440.34,True,False,0
pay_a3f1b8ce7f6b40,damaged,apparel,570,0,4592.35,True,False,0
pay_40af4deff6f147,not_received,electronics,116,0,16139.83,False,False,0
pay_8181ef13142b45,not_received,electronics,11,6,18626.37,False,True,0
pay_2b123863269a41,fraud,apparel,1312,0,3186.67,True,False,0
pay_739093b8165441,fraud,electronics,1168,0,18892.98,True,False,0
pay_4cce358a531345,not_received,apparel,2,4,2206.32,False,True,0
pay_15045383edc743,not_received,apparel,1075,1,3418.1,True,True,1
pay_ddc0e8a59e2d4b,fraud,electronics,1432,0,28476.43,True,False,0
pay_74129103ca604d,fraud,electronics,37,0,22600.18,True,False,0
pay_740aadf8e8f84c,not_received,digital_services,51,0,3788.32,True,False,0
pay_5afd60e359cf48,not_received,digital_services,7,6,4437.4,False,True,0
pay_aeab1d70297a40,not_received,electronics,826,0,20385.96,True,False,0
pay_94336ba3bd2f45,not_received,electronics,109,0,22412.43,True,True,1
pay_b2d4aae98f9842,fraud,electronics,1343,0,30978.28,True,False,0
pay_9e5f7a17629e47,not_received,electronics,1496,1,26439.52,True,False,0
pay_0d9f09bf5b714d,damaged,digital_services,318,0,5044.93,True,False,0
pay_99e282831ace47,fraud,apparel,619,0,3373.59,True,False,0
pay_fb63a818d17740,not_received,digital_services,1037,0,1443.51,True,False,0
pay_6ef61d1f73e847,not_received,digital_services,9,4,1555.34,False,True,1
pay_239afbabffad4b,not_received,apparel,12,6,3409.44,False,True,1
pay_288515458c514f,fraud,apparel,1334,0,3578.15,True,False,0
pay_e9f8fdd9a06d41,damaged,digital_services,662,0,5820.95,True,False,0
pay_a81a8d8336a341,not_received,apparel,1193,0,2288.16,True,False,0
pay_b8bd789a4d1546,damaged,electronics,733,0,18036.96,True,False,0
pay_dd9f1a22333d45,fraud,apparel,48,0,1257.29,True,False,0
pay_9e88195a9f064e,not_received,apparel,78,0,2761.09,True,False,0
pay_8fb098bcbb584e,not_received,digital_services,1292,1,4600.46,True,False,0
pay_775192ebf49e40,fraud,apparel,432,0,3367.73,True,False,0
pay_f868554bdd8c4e,fraud,electronics,10,4,25684.51,False,True,1
pay_73ffaaeeba404f,not_received,electronics,760,0,26563.85,True,False,0
pay_0ce6427d08194d,fraud,digital_services,1332,0,3312.57,True,False,0
pay_46a6cc2ee43846,not_received,digital_services,597,0,2651.97,False,False,0
pay_9cd8e438c79741,fraud,apparel,732,0,2777.13,True,False,0
pay_297e1d962be547,fraud,electronics,3,3,26148.87,False,True,1
pay_d4af687b6ee74d,not_received,electronics,896,1,26428.68,True,False,0
pay_80754bb8be8b43,fraud,apparel,1,6,3441.25,False,True,1
pay_ff8c3cb58fcc4e,damaged,digital_services,435,0,4885.57,True,False,0
pay_33a02d39b31d4a,damaged,digital_services,1393,0,3077.06,False,False,0
pay_dce8eb1ae1b44c,not_received,digital_services,164,0,446.44,True,False,0
pay_88dbeb75e1ae40,damaged,apparel,681,0,1189.98,True,False,0
pay_7e17af35b4cc44,damaged,digital_services,108,1,4464.52,False,False,0
pay_c29629c559b948,fraud,electronics,378,1,21027.6,True,False,0
pay_a8201b40507148,damaged,electronics,781,0,19573.9,False,False,0
pay_cf2036ad90aa47,fraud,digital_services,11,3,3683.27,False,True,0
pay_a0d3eb829bba45,not_received,electronics,1460,0,21370.04,True,False,0
pay_15f9a506ccfe44,not_received,apparel,682,0,3306.43,True,False,0
pay_9dc16539911c4a,not_received,apparel,382,0,2137.76,True,False,0
pay_597ae833bd0d4b,fraud,electronics,930,0,24883.77,True,False,0
pay_d87673ac0acb4e,fraud,electronics,2,3,27239.22,False,True,0
pay_089866865e6247,not_received,electronics,3,6,19672.83,False,True,1
pay_c4cf94c905a64e,fraud,apparel,898,0,4540.67,True,False,0
pay_c9d0c70e152a48,not_received,electronics,422,1,17605.09,True,False,0
pay_41bf2d5c666448,not_received,apparel,560,0,5576.9,True,False,0
pay_3a0e3368515842,fraud,apparel,1246,0,3798.76,True,True,1
pay_4f147aca93c44f,fraud,electronics,7,2,27435.72,False,True,0
pay_f562fab050ec4b,not_received,electronics,865,0,23389.27,True,False,0
pay_780ac072a3c345,not_received,electronics,2,4,16456.36,False,False,0
pay_fd32c409face4f,fraud,electronics,5,4,29301.78,False,True,0
pay_f7eea8f5c2eb44,fraud,apparel,1012,1,2898.56,True,True,1
pay_9e810b496c1040,fraud,digital_services,57,0,3183.18,True,False,0
pay_3d4958364a7341,fraud,electronics,547,2,29039.42,True,False,0
pay_955527f5300042,not_received,digital_services,7,2,2609.59,False,True,0
pay_852ce13a3ccd4a,not_received,apparel,824,0,2473.48,True,False,0
pay_b33f4603673e44,not_received,apparel,5,2,2290.0,False,True,0
pay_aae8e7dcb8a74a,damaged,digital_services,587,0,3333.93,True,False,0
pay_a5c2b3795dc649,fraud,apparel,1057,0,3920.47,False,False,0
pay_d75bc7d92f7d4c,not_received,electronics,372,0,25537.55,True,False,0
pay_2fd022f9c5a747,not_received,electronics,1467,0,26552.35,True,False,0
pay_dbb0125b105746,not_received,apparel,74,0,2111.67,False,False,0
pay_4c1e4d6662af4c,not_received,electronics,538,1,26228.38,True,False,0
pay_3660e48d753742,not_received,apparel,855,1,2573.49,True,False,0
pay_c4e8915c1b7648,not_received,apparel,603,0,2502.94,False,False,0
pay_e1b2856a18fa4a,fraud,electronics,595,0,20295.72,True,True,1
pay_6af22871c26741,not_received,apparel,1128,0,3757.89,True,False,0
pay_f578234c360b47,not_received,apparel,1467,0,2414.96,True,False,0
pay_db8c66c565be44,damaged,apparel,12,4,2433.98,False,True,1
pay_ec8976fc6efd45,not_received,electronics,470,0,27823.76,True,False,0
pay_06b5ea260c4c45,not_received,electronics,210,0,21555.72,True,False,0
pay_f850cb9670e54a,not_received,apparel,667,0,3707.47,True,False,0
pay_82baa9a9df3b4f,damaged,digital_services,1398,0,3686.79,True,False,0
pay_a10d32cdd74049,damaged,apparel,241,0,4065.22,True,False,1
pay_c3ea97ae429346,not_received,digital_services,4,5,2677.66,False,True,0
pay_de2ec944664b43,not_received,electronics,139,1,32996.37,True,False,1
pay_87ca053652c94b,fraud,digital_services,1438,0,2826.52,True,False,0
pay_9b82763cee6a4c,not_received,apparel,1353,0,4100.57,True,False,0
pay_7a1a1dbc266741,not_received,digital_services,1112,0,4702.02,False,True,1
pay_d2c5f4bd10e443,not_received,electronics,296,0,26856.96,True,False,0
pay_604bd0d770d34c,fraud,apparel,689,0,3021.66,True,False,0
pay_0f16a68e7e0a45,not_received,apparel,9,6,3264.17,False,True,1
pay_edc713c89a8c4f,fraud,apparel,729,2,3246.26,True,False,0
pay_7433e4e8aacd49,not_received,electronics,925,0,24929.39,False,True,1
pay_0c0e07710b2840,fraud,electronics,1225,0,20029.65,True,False,0
pay_258a00ae30d34f,not_received,apparel,876,1,5290.77,True,False,0
pay_ff359fc83cd943,fraud,digital_services,1243,0,3941.18,False,False,0
pay_2287e7467f764c,fraud,apparel,2,5,2952.49,False,True,0
pay_5cbee5c3783f4a,not_received,electronics,921,0,26007.14,True,False,0
pay_62c45506172a48,fraud,digital_services,213,0,1827.63,True,False,0
pay_5673376ab1de42,not_received,apparel,1000,0,1443.15,False,False,0
pay_8e65a6c4bc494c,damaged,electronics,1439,1,26497.64,True,False,0
pay_84588aaad17342,damaged,electronics,201,0,24710.19,False,False,0
pay_49b2168e92e94d,fraud,apparel,624,0,3100.92,False,False,0
pay_04e7b9719e004d,damaged,electronics,12,2,22367.68,False,True,1
pay_e03e57a15fa547,fraud,electronics,1140,1,20324.46,True,False,0
pay_51c753f0e96249,damaged,apparel,565,0,3878.43,True,False,0
pay_1d48fcaedf6749,not_received,electronics,3,2,25711.04,False,True,0
pay_5b0c17e17b0b49,fraud,electronics,1054,0,27526.48,True,True,1
pay_9f3d4b82214445,not_received,apparel,1092,0,4828.21,True,False,0
pay_7940c9cd6cf349,fraud,apparel,418,0,2867.44,True,False,0
pay_e12086f5283f4e,not_received,electronics,2,4,17064.73,True,True,1
pay_abde376e094e42,not_received,electronics,170,0,22557.61,True,True,1
pay_155bd4ef26f94b,not_received,apparel,805,0,4378.73,True,False,0
pay_21837f0f223842,not_received,electronics,8,6,18800.08,False,False,0
pay_882a2a6e799142,damaged,apparel,1358,0,4696.99,True,False,0
pay_1c6f0f9a98df46,damaged,digital_services,11,2,4731.27,False,False,0
pay_204ec925445c47,not_received,apparel,11,2,2341.67,False,True,0
pay_1a1246014d6d49,not_received,electronics,1137,0,30106.9,True,False,0
pay_c4e78df1793a4c,damaged,electronics,98,2,27135.71,True,False,0
pay_0cd3ee03604c45,damaged,electronics,996,0,23685.17,True,False,0
pay_9606d41972a047,fraud,electronics,6,4,24926.05,False,True,0
pay_b96968af8eac41,fraud,electronics,1219,0,27413.65,True,False,0
pay_307734f4ef894d,fraud,electronics,164,0,24136.5,True,False,0
pay_7b131311d99644,not_received,digital_services,104,0,2979.85,True,False,0
pay_515e812f926449,fraud,digital_services,232,0,3473.88,True,False,0
pay_bc1a3f0eecd840,not_received,apparel,318,0,2807.03,True,False,0
pay_75b4a62c86ff45,not_received,electronics,876,0,26768.45,True,False,0
pay_d1b6991febed46,not_received,digital_services,865,0,1450.92,True,False,0
pay_9055e3f402704d,not_received,electronics,4,2,30273.28,False,True,0
pay_e409d1c3b8be47,fraud,electronics,1447,0,29665.34,True,False,0
pay_f070be36183d4e,damaged,electronics,963,0,17835.28,True,False,0
pay_b0a2135b3ebc4f,damaged,apparel,965,0,2526.86,True,False,0
pay_6a70e00dc6214d,not_received,electronics,181,0,22384.74,True,False,0
pay_8fbe85b6e6fa4e,damaged,electronics,1183,0,27102.09,True,False,0
pay_4707d1472f1b48,fraud,electronics,52,0,31601.51,False,False,0
pay_70834b297d5d4a,not_received,digital_services,4,5,3908.4,False,False,0
pay_730f5e96d78343,fraud,electronics,71,2,19443.96,True,False,0
pay_0a82c057cca742,not_received,electronics,1456,0,23062.0,False,False,0
pay_9ec347cc22a846,fraud,apparel,1189,0,1223.12,True,False,0
pay_4530f7fa7d104b,not_received,electronics,311,0,21890.91,True,False,1
pay_defead93be4449,fraud,apparel,367,0,2217.27,True,False,0
pay_80fae5a8e42f4f,not_received,electronics,157,0,28702.41,True,False,0
pay_65d8d3577e964b,fraud,apparel,969,0,3822.2,True,False,0
pay_3aab7ab9de274f,damaged,apparel,1,3,3127.21,False,True,1
pay_50b48175efab4a,not_received,digital_services,1126,0,1309.43,True,False,0
pay_4e4f4836bcec43,fraud,electronics,1413,0,29968.22,True,False,0
pay_ec297190683f46,fraud,apparel,1473,1,2740.12,True,False,0
pay_e5a22318a73c43,damaged,digital_services,806,0,3084.38,True,False,0
pay_8750c84fcbb34e,fraud,apparel,126,0,2375.05,True,False,0
pay_7a12f586da3c4c,not_received,digital_services,539,0,2301.64,False,False,0
pay_53c46ae40db94b,not_received,digital_services,424,0,2252.8,True,False,0
pay_fbe54a745f8b4e,fraud,apparel,519,0,2062.63,True,False,1
pay_41e187e70dfd45,fraud,electronics,1222,0,25235.27,False,False,0
pay_53c4d756885c40,not_received,apparel,91,0,1843.71,True,False,0
pay_eea6a442a0a844,fraud,apparel,117,0,1985.46,True,False,0
pay_01f62c235ace48,fraud,apparel,437,0,4263.35,True,False,0
pay_5d2b87cb895842,fraud,apparel,7,4,2269.43,True,True,1
pay_1a61517afe214d,fraud,apparel,5,5,3053.42,False,True,1
pay_f06275dd896b4d,fraud,apparel,494,0,4541.19,True,False,0
pay_6ffc8506e4784c,damaged,apparel,10,4,3889.28,False,True,1
pay_1641b36ffc564a,not_received,electronics,714,0,34242.58,True,False,0
pay_da0fed462aa04c,not_received,digital_services,31,1,3112.84,True,False,0
pay_e434e5ccc29849,fraud,digital_services,223,0,2978.52,True,False,0
pay_2cc66abc6c6e46,fraud,apparel,747,0,4019.15,False,False,0
pay_41c57b0d1c3a48,damaged,electronics,306,0,14544.72,True,False,0
pay_1ba220b287464c,not_received,electronics,372,0,28607.52,True,False,0
pay_c2891fa5569b4f,fraud,electronics,691,0,28002.79,True,False,0
pay_446f79d2c19e49,not_received,electronics,129,0,27228.45,True,False,0
pay_eafce71a32a340,not_received,electronics,6,3,18194.86,False,True,1
pay_442560bfbb4548,damaged,electronics,317,0,36211.61,True,False,0
pay_1d37bede9fcd44,fraud,electronics,563,0,19699.73,True,False,0
pay_2e4da2b29a2d4d,not_received,apparel,98,0,4060.06,True,False,0
pay_e56d8cc56a4848,not_received,digital_services,5,4,3406.04,False,True,0
pay_5a27679dd03c43,damaged,electronics,786,0,25163.62,True,True,1
pay_c4fa2b37e19f43,damaged,apparel,1120,0,2040.41,True,True,1
pay_3143218fffd349,fraud,digital_services,309,0,1695.95,True,False,0
pay_bb4d6027f09940,not_received,digital_services,534,0,3398.04,True,False,0
pay_852cad24327541,not_received,electronics,377,0,26896.06,True,False,0
pay_dda329a4a3984c,not_received,electronics,1394,0,22330.69,True,False,0
pay_b3e1fbdc51cd4a,damaged,electronics,1005,0,32676.16,True,False,0
pay_752de0aa43014a,damaged,electronics,296,0,15290.02,True,False,0
pay_ab704236a3954e,fraud,apparel,6,3,2018.29,False,True,1
pay_983ec768e8744b,fraud,electronics,643,0,17389.52,True,True,1
pay_a563f8e02d264f,not_received,apparel,602,0,4588.98,True,False,0
pay_5527c5513d8847,fraud,electronics,623,0,29861.44,True,False,0
pay_0abfd73cad014e,fraud,apparel,201,0,2379.03,True,False,0
pay_9f8bcc677f304c,not_received,electronics,1063,0,24419.31,True,False,0
pay_d78a83f4cf4043,damaged,apparel,788,1,2765.83,True,False,0
pay_2bc1cafadaaf42,fraud,apparel,9,4,1177.65,False,False,0
pay_1da3bb8e284344,not_received,apparel,270,0,3889.2,False,False,0
pay_a55818215b4140,fraud,electronics,6,2,30885.14,False,True,0
pay_1d43ad6180e049,fraud,electronics,11,5,28640.72,True,True,1
pay_3af460bbc83c48,fraud,electronics,1001,0,29703.52,False,False,0
pay_ad214f577e4b49,fraud,apparel,1231,0,2274.43,True,False,0
pay_23e7a93091c042,damaged,electronics,1,6,27920.2,False,True,1
pay_55cfe91a67ac4e,damaged,apparel,1,6,2398.24,False,True,1
pay_cad63f8cb9ed47,not_received,electronics,639,0,22150.06,True,False,0
pay_b4db5293648744,fraud,electronics,553,0,26851.3,True,False,0
pay_9f5734031e8140,not_received,apparel,315,0,2406.21,True,False,0
pay_2fb3bde7bd104c,fraud,apparel,102,0,2564.89,True,False,0
pay_e99e6168df8049,fraud,electronics,1097,0,22694.56,True,False,0
pay_edc789e18e2147,not_received,apparel,7,2,2459.79,False,True,0
pay_bd9507042e1e43,not_received,apparel,476,2,3244.25,True,False,0
pay_b07486da51f346,fraud,electronics,1,6,33448.04,False,True,0
pay_03d870f3967443,fraud,electronics,1336,0,21936.34,True,False,0
pay_5c2b36787f5849,damaged,apparel,1022,0,3725.13,True,True,1
pay_66aa0502c4a54d,not_received,digital_services,324,0,3653.67,True,False,0
pay_405c965791564e,damaged,electronics,418,0,29932.5,True,True,1
pay_0d39261d81e34c,damaged,apparel,6,4,2839.91,False,True,1
pay_669f4319e46744,not_received,digital_services,542,0,2936.93,True,False,0
pay_4a9046f7d4824b,fraud,apparel,1105,0,4080.87,True,False,0
pay_747d4a38145548,not_received,electronics,805,0,14797.71,True,False,0
pay_20f951adadad48,fraud,apparel,1316,0,100.0,True,False,0
pay_6db37eb88bdd44,fraud,electronics,963,0,31496.75,False,False,0
pay_43ed5917b4794e,not_received,electronics,344,0,29810.08,False,False,0
pay_3dd2b51f4a204d,not_received,electronics,352,0,22990.2,True,False,0
pay_58d2da21187640,fraud,electronics,519,0,29314.11,False,False,0
pay_a03852b72c3a43,not_received,electronics,292,0,30868.48,True,False,0
pay_c874e46a2f3842,not_received,apparel,1434,0,2039.36,False,False,0
pay_91328b7e161d4e,fraud,digital_services,293,0,2831.88,False,False,0
pay_ea2f355d0f9d48,fraud,electronics,63,0,27886.67,True,True,1
pay_77330d42e4f748,fraud,electronics,839,0,37182.93,True,False,0
pay_0a3c45a3ef774c,fraud,apparel,1171,0,2031.73,True,False,0
pay_0702f969388644,not_received,apparel,765,0,3746.1,True,False,0
pay_9a9f22de31a345,not_received,apparel,1469,0,2835.13,True,False,0
pay_aea7f115ec7649,not_received,apparel,1035,0,2581.28,False,False,0
pay_a95d9cf4a75c4f,fraud,digital_services,632,0,3538.23,True,False,0
pay_f71fbb2574af47,fraud,electronics,3,3,22359.83,True,True,1
pay_de2cf0f83abf45,fraud,electronics,1426,0,33609.29,True,False,0
pay_03524e4d3f2346,fraud,electronics,6,4,21555.69,False,True,1
pay_e73fefa4ab5345,fraud,apparel,152,0,4106.43,True,False,0
pay_f199b2d0faf843,not_received,digital_services,935,0,2729.47,True,False,0
pay_2ad5ad0f29c34f,fraud,digital_services,1307,0,1598.12,True,False,0
pay_95b2e206a21d4c,not_received,digital_services,194,0,3776.76,True,False,0
pay_ef0162595ed041,not_received,electronics,1485,0,37750.47,False,False,0
pay_40a3363bac3849,not_received,apparel,810,2,1411.39,False,False,0
pay_e3dba308468a44,fraud,electronics,180,1,28071.34,False,False,0
pay_d724db8d8b4b48,damaged,digital_services,526,0,2692.32,True,False,0
pay_d4b227432f0645,damaged,electronics,342,0,24159.99,True,False,1
pay_b03c8143597948,fraud,electronics,1273,0,19777.34,True,False,0
pay_0bd759e2d85640,not_received,digital_services,263,1,3793.63,True,False,0
pay_b1d32a07b92041,damaged,apparel,679,1,1990.42,True,False,0
pay_435fbffd46b943,not_received,digital_services,879,0,2259.56,True,False,0
pay_41890441eabf49,fraud,electronics,1453,0,25772.74,True,False,0
pay_5f440b808b3f48,not_received,digital_services,1425,0,4495.41,True,False,0
pay_c11f18ff672f42,not_received,apparel,1216,0,1172.18,True,False,0
pay_2d82cd5928c84e,not_received,apparel,10,2,1944.56,False,True,0
pay_ca48ec73ef784e,damaged,apparel,1411,0,4709.52,True,False,0
pay_f991531254ac47,not_received,apparel,270,0,3575.58,True,False,0
pay_45cf61648c1545,fraud,apparel,1485,0,3365.13,True,False,0
pay_a0cc89488f5446,not_received,electronics,461,2,28349.25,True,False,0
pay_699f69f6080f4b,not_received,apparel,916,0,1361.39,True,False,0
pay_368eaf85b63c41,fraud,apparel,564,0,3227.15,True,False,0
pay_b2d3e3cabd314d,fraud,electronics,901,0,26020.39,True,False,0
pay_0cc8a246c3f94e,damaged,electronics,340,0,23602.05,True,False,0
pay_4e39c889e7eb42,not_received,apparel,1165,0,3741.31,True,False,0
pay_d3243e061be94d,fraud,electronics,1042,2,32774.34,True,False,0
pay_f9d64f63fe2f47,fraud,electronics,791,0,28981.56,True,False,0
pay_ac2e7d60941e4e,not_received,digital_services,52,0,1407.66,True,False,0
pay_ddb19f46697b45,not_received,electronics,975,0,25573.65,True,False,0
pay_1523cbc51eac44,fraud,electronics,1460,0,25568.73,False,False,0
pay_803f25df7de64c,not_received,apparel,211,1,4056.41,True,False,0
pay_ee2de3f333994f,fraud,apparel,11,5,3264.69,False,True,0
pay_bfed67b4fc8b41,fraud,electronics,458,0,25881.0,False,False,0
pay_323ccb989ab847,not_received,digital_services,356,0,1156.66,True,False,0
pay_6a1a8fb5667341,fraud,apparel,553,0,1580.05,True,False,0
pay_f53a0efd8ebd4f,damaged,electronics,788,0,19645.96,True,False,0
pay_2b3904bc85ac49,fraud,electronics,106,2,29359.86,True,False,0
pay_758e4ed805e046,not_received,apparel,387,0,4580.2,False,False,0
pay_f02472160ed345,fraud,electronics,5,5,22341.69,False,True,1
pay_fc34fdb869424c,fraud,digital_services,1259,0,3867.09,True,False,0
pay_19ed2eae9c3641,not_received,electronics,13,3,25422.44,False,True,1
pay_86145a9174344c,not_received,apparel,591,0,3125.66,True,False,0
pay_27b7c644c67b40,not_received,apparel,1240,0,1916.54,True,False,0
pay_4247d179d8754a,not_received,digital_services,996,2,3377.24,True,False,0
pay_b7c871acabb14c,not_received,electronics,985,0,22901.92,True,False,0
pay_6a9b5dfd9c654c,not_received,apparel,814,0,3971.32,True,False,0
pay_7b38c20dadb749,not_received,electronics,1419,0,23634.19,True,False,0
pay_3aff42eb891d44,not_received,digital_services,836,0,2394.98,True,False,0
pay_d063e5b64be147,not_received,apparel,1376,1,3306.12,True,False,0
pay_690c0be5acf048,damaged,electronics,1204,0,24806.57,False,False,0
pay_a064feab64c147,fraud,apparel,161,0,2777.42,True,False,0
pay_5483d56982f34a,not_received,electronics,154,0,22981.35,True,False,0
pay_d03d57e3ea634c,fraud,electronics,88,0,27137.92,True,False,0
pay_39ece9533aed4f,fraud,apparel,242,1,3410.49,True,False,0
pay_98437d8bcf9844,not_received,electronics,310,1,18648.01,True,False,0
pay_b291291ada1a41,damaged,digital_services,1442,0,3560.75,True,False,0
pay_f7c5a426fcda41,not_received,electronics,8,5,25042.59,False,True,1
pay_7358ad8744d64c,not_received,apparel,509,0,2469.65,True,False,0
pay_ffb654e97d6f4c,fraud,digital_services,770,0,3716.67,True,False,0
pay_ce33b9ff15474e,not_received,electronics,177,0,29716.98,False,False,0
pay_6a66f251d03648,damaged,electronics,168,0,31965.18,True,False,0
pay_ccc01764a58d49,fraud,electronics,5,5,31384.44,False,True,1
pay_46fc1d02731640,fraud,digital_services,129,0,3282.78,True,False,0
pay_ac534693503d46,not_received,digital_services,829,1,4967.04,True,False,0
pay_810a23eabe1441,not_received,electronics,1264,0,20950.68,False,False,0
pay_3d35b4e8937744,not_received,electronics,4,4,26724.26,False,True,1
pay_76cde7afde0045,not_received,digital_services,1417,0,2571.28,True,False,0
pay_6dadc03fa2b448,not_received,apparel,1226,0,3778.64,True,False,0
pay_eb68ce29f01c4e,fraud,apparel,1494,0,3595.67,True,False,0
pay_e1ff0a48f42949,not_received,apparel,879,1,3600.11,True,False,0
pay_478dff6f69bc4c,fraud,apparel,669,1,5184.93,True,False,0
pay_799feae1e7ad4d,fraud,digital_services,3,4,2442.39,False,False,0
pay_72922d0b488849,not_received,digital_services,658,1,2548.64,True,False,0
pay_3d7951ed077f44,damaged,digital_services,693,0,607.11,False,False,0
pay_436d5b7f8f1d42,not_received,digital_services,876,0,2092.25,True,False,0
pay_e40b462ec7be4c,not_received,electronics,1053,0,19667.82,True,False,0
pay_f2ccced778604d,fraud,electronics,971,0,31972.48,True,False,0
pay_ff1ee5ab1a394c,fraud,digital_services,266,0,1683.81,True,False,0
pay_66480b3a509849,fraud,electronics,1044,0,17390.61,True,False,0
pay_7c127773442f44,damaged,apparel,856,0,2777.57,True,False,0
pay_2117a3fa0c064c,damaged,digital_services,295,0,1709.63,True,False,0
pay_a3905f0eb9ce42,damaged,apparel,327,0,2735.68,False,False,0
pay_0ee02da79f254f,fraud,electronics,900,0,24372.42,True,True,1
pay_6df43cf43e8248,not_received,electronics,1159,0,31882.02,True,False,0
pay_6f9e73f933a24a,not_received,electronics,1444,0,20652.97,True,False,0
pay_016c79fae30446,not_received,apparel,414,0,4020.57,True,False,0
pay_152b91eb0cd24b,not_received,electronics,166,2,29475.08,True,False,0
pay_8a14fefafc0d4d,not_received,digital_services,199,0,2652.32,True,False,0
pay_c8e953ef0ed04b,fraud,electronics,4,5,23110.18,False,True,1
pay_d4bb73934a2149,fraud,apparel,1260,0,3879.3,True,False,0
pay_85b88bb98b3b4a,fraud,electronics,778,0,20126.84,True,False,0
pay_e76547c780a444,fraud,apparel,665,0,2638.3,False,True,0
pay_6d58444436244f,fraud,electronics,819,0,24745.72,True,False,0
pay_3f6de832fabb47,fraud,electronics,1140,0,22032.57,True,False,0
pay_7edf69f50fbd4d,fraud,apparel,288,0,1991.28,True,False,0
pay_2fcf2d698a5c45,not_received,digital_services,936,0,544.72,False,False,0
pay_094e5517dcdc45,damaged,electronics,853,0,27946.24,True,False,0
pay_72d45c33108a4e,damaged,electronics,1177,0,23095.9,True,False,0
pay_d6be4635896246,fraud,apparel,1243,0,3446.93,True,False,0
pay_bd33829cfb454c,fraud,digital_services,197,0,1943.36,False,False,0
pay_da01602aae5e45,fraud,electronics,491,0,30153.26,True,False,0
pay_d01fd747617a44,damaged,electronics,522,0,20897.98,True,False,0
pay_c198911460324c,not_received,electronics,941,1,26510.86,True,False,0
pay_58561e904fab46,fraud,electronics,1407,0,24154.5,True,False,0
pay_fcc7e0e61ba049,damaged,electronics,9,3,26705.6,False,True,1
pay_f37f39fe990f4e,fraud,electronics,4,4,25496.87,False,True,1
pay_9067ceac3d0142,damaged,apparel,680,0,3241.58,True,False,0
pay_a5043d86c8a24f,fraud,apparel,144,2,3954.31,True,False,0
pay_4846d99eda2e41,fraud,electronics,134,1,31798.14,False,False,0
pay_64a2ce62e1884b,not_received,apparel,792,0,2694.31,True,False,0
pay_c3aa99589a034e,damaged,electronics,13,4,27420.17,False,True,1
pay_0b3b057f066b42,damaged,electronics,219,0,25325.75,True,False,0
pay_957c50aed22b42,not_received,electronics,1030,0,11113.78,True,False,0
pay_f296265b866b42,fraud,electronics,1421,0,22089.01,True,False,0
pay_a15d4bf906aa42,not_received,digital_services,615,0,1973.77,True,False,0
pay_ea01d6a36af549,damaged,electronics,1443,0,25289.22,True,False,0
pay_89595cc57baf4a,not_received,apparel,1120,0,3435.98,True,False,0
pay_9cb38b01b91045,not_received,apparel,1008,0,3187.9,True,True,1
pay_0df4049fa6e446,not_received,apparel,826,0,4368.62,True,False,0
pay_3d0cc05856e84a,not_received,apparel,537,0,2406.99,True,False,0
pay_5d7e131b725f42,not_received,electronics,8,4,16248.22,False,True,1
pay_e2f0ab46677448,not_received,electronics,374,0,16709.11,True,False,0
pay_8a94ad69d33b4a,damaged,electronics,1043,0,23761.33,True,False,0
pay_716aaa294ebb42,not_received,apparel,899,0,2587.17,True,False,0
pay_e5787cc629de4e,not_received,apparel,1105,0,2474.03,True,False,0
pay_a2b8cc26ff5340,fraud,apparel,1,4,3240.13,False,True,0
pay_799983ee5dfe4a,fraud,electronics,809,0,33046.95,True,False,0
pay_cd0fcf02e2914b,damaged,digital_services,900,0,3143.22,True,False,0
pay_d7a3397c8ba945,fraud,electronics,1275,0,27280.13,True,False,0
pay_a336b044b17942,damaged,electronics,6,4,16002.9,False,False,0
pay_63e8829fb15e45,not_received,digital_services,1173,0,4249.9,True,False,0
pay_43265707c00d4e,not_received,electronics,1241,0,30268.77,True,False,0
pay_abd9f570cd2c4d,damaged,digital_services,7,5,2707.43,False,True,1
pay_fa8a8f363a2044,not_received,electronics,1414,0,25780.9,True,False,0
pay_bccf5467fa314a,damaged,electronics,126,0,20236.89,True,False,0
pay_08ab74f245bb48,fraud,electronics,955,0,27455.06,True,False,0
pay_bc7895a5d5554e,not_received,apparel,965,0,2950.48,False,False,0
pay_a5af701f4f2c4c,not_received,apparel,298,0,2703.54,True,False,0
pay_c13937c286e542,fraud,electronics,443,0,19507.42,False,False,0
pay_01cc7aa2d9ff4d,not_received,electronics,1303,0,27316.77,False,False,0
pay_5ccdfb44b55c40,not_received,electronics,817,0,18384.84,True,False,0
pay_f11da9299c4a4e,damaged,electronics,195,0,27895.57,True,False,0
pay_4d1a67ea9ab94e,fraud,digital_services,220,0,1693.0,False,False,0
pay_09b562ed8eab4c,not_received,electronics,402,1,20807.44,True,False,0
pay_0fcac4ea051748,fraud,apparel,1171,2,2400.61,True,False,0
pay_23c42beeece44b,not_received,electronics,52,0,27898.07,True,False,0
pay_10acae3c49a648,not_received,electronics,246,0,28949.14,True,False,0
pay_dc74d7ab3e0845,not_received,apparel,412,0,4369.16,True,False,0
pay_03fa42a5c4714f,not_received,digital_services,1192,1,3325.32,True,False,0
pay_d16450f6b0d247,fraud,digital_services,60,0,2480.16,True,False,0
pay_4fd9746d6e5a4a,fraud,apparel,1001,0,1779.12,True,False,0
pay_d5effc0b15ed40,fraud,electronics,582,0,29094.2,True,False,0
pay_45c27214024a4d,not_received,electronics,255,1,20437.08,True,False,0
pay_35924439b3704f,damaged,apparel,598,0,3923.1,True,False,0
pay_e3a19fdd64744e,fraud,electronics,11,2,22142.95,False,True,0
pay_88039532cac64c,fraud,digital_services,1261,1,3316.65,True,False,0
pay_d39ea1e476c246,not_received,apparel,11,4,2350.16,False,False,0
pay_8847078c0de146,not_received,digital_services,1409,0,3350.37,False,False,0
pay_a5b93043469b46,fraud,apparel,12,2,2791.42,True,True,1
pay_81580968706645,fraud,apparel,11,5,2839.86,False,True,1
pay_a58ab2c196464a,fraud,electronics,961,0,24460.27,True,False,0
pay_39ea9e1a68be49,fraud,apparel,234,0,1954.86,True,False,0
pay_cbbb45ddfcf94e,fraud,electronics,603,0,28843.12,False,False,0
pay_125c7c0c85b642,fraud,apparel,960,0,2756.59,False,False,0
pay_51abc8869cb644,not_received,apparel,1430,1,3291.61,True,False,0
pay_52512429ba304c,not_received,apparel,184,1,3704.35,True,False,0
pay_e7cb6861097244,fraud,apparel,605,0,1756.76,True,False,0
pay_e3eb581fb6e644,not_received,apparel,844,2,1896.19,True,False,0
pay_2e7cc749c7294c,not_received,electronics,1225,0,20137.77,True,False,0
pay_517695f5f86145,damaged,digital_services,100,0,4666.33,True,False,0
pay_1effd8d26f6042,fraud,electronics,1133,0,21536.06,True,False,0
pay_536b2da83a4949,not_received,digital_services,1119,0,2428.91,True,False,0
pay_c55710f6d21540,not_received,apparel,1096,0,1416.75,True,False,0
pay_1bba03be4b5a45,fraud,digital_services,598,0,2425.37,True,False,1
pay_5fc5f493007149,damaged,apparel,263,0,4251.53,True,False,0
pay_6e7d6a4199a14c,not_received,apparel,8,2,3649.48,True,True,1
pay_f6e5d2e950544a,not_received,electronics,887,0,27435.23,True,False,0
pay_55d16b8fa5fa42,fraud,apparel,559,0,4827.87,True,False,0
pay_5819cea24d9b48,fraud,electronics,433,1,19146.98,True,False,0
pay_dd16a1626fdd4a,not_received,apparel,1040,0,1625.46,True,False,0
pay_eb972c0fc1ce4e,fraud,electronics,1273,0,22855.55,False,False,0
pay_95a415f697054a,not_received,apparel,224,0,2466.23,False,False,0
pay_f584656b19a04a,fraud,electronics,7,5,31071.09,False,True,0
pay_197cb23835c340,not_received,electronics,598,1,19232.36,False,True,0
pay_a4b532d03d6b42,not_received,digital_services,385,1,1495.06,True,False,0
pay_34fe213401f24a,fraud,digital_services,1182,0,2478.52,True,False,0
pay_022ce19b439442,not_received,apparel,359,0,3259.48,True,False,0
pay_4419f2d7785f45,not_received,digital_services,137,1,2351.85,True,False,0
pay_7562b1f55ce642,fraud,electronics,1404,0,24319.54,False,False,0
pay_5ebd150b67824e,fraud,electronics,1009,1,17368.12,True,False,0
pay_b9b490fe00734a,fraud,electronics,1493,0,32024.11,False,True,1
pay_f09ec5bc02674b,fraud,electronics,1061,0,28446.64,True,False,0
pay_191ab8e05c3142,damaged,electronics,845,0,23092.55,True,True,1
pay_8323ad1c5a3d4c,not_received,apparel,10,4,3311.01,False,True,0
pay_2553201868c645,fraud,electronics,658,0,27235.2,True,False,0
pay_2c23256d28024a,fraud,electronics,733,0,30497.31,True,False,0
pay_3f6679f580a841,fraud,apparel,1124,0,2542.03,True,False,0
pay_2bbac97b3b864f,not_received,electronics,982,0,32719.3,True,False,0
pay_0d5b91ae800048,fraud,electronics,1488,0,21978.28,False,False,0
pay_56918e56644045,not_received,electronics,1280,0,25178.8,True,False,0
pay_9fb326ac369145,fraud,digital_services,520,0,3389.11,True,False,0
pay_9a7037ad029249,damaged,electronics,581,0,25723.08,True,False,0
pay_cb71ccf9061246,fraud,digital_services,1137,0,4011.8,True,False,0
pay_a8bb2620396841,not_received,apparel,9,3,3973.42,False,True,1
pay_3e159d88673a4d,not_received,electronics,732,0,20532.18,True,False,0
pay_902beb4675674b,not_received,electronics,9,3,19383.42,False,True,1
pay_65c6155722dc4c,not_received,apparel,1111,1,2882.51,True,False,0
pay_0286a928878649,not_received,digital_services,1430,1,3109.44,True,False,0
pay_2b5ab36d59df42,not_received,electronics,745,0,19707.76,True,False,0
pay_9c374e1d0b0949,not_received,electronics,135,0,28268.04,True,False,0
pay_f7659f4074704b,damaged,electronics,3,6,20315.72,False,True,0
pay_adf1b40b41c644,not_received,electronics,553,0,29893.64,True,False,0
pay_bc8314df15904c,damaged,digital_services,970,0,3530.03,True,False,0
pay_7bfee61e81614c,fraud,apparel,755,0,2347.51,False,False,0
pay_1e3093cf722c42,not_received,electronics,11,3,23661.8,False,True,1
pay_02f21ac9809b41,damaged,digital_services,846,0,3425.32,False,False,0
pay_8c6971a1b3dd4a,fraud,electronics,1355,0,21469.6,True,False,0
pay_b6525a96973246,damaged,apparel,1,5,3032.86,False,True,1
pay_22380751551147,fraud,apparel,1349,0,3098.76,True,False,0
pay_f45dbe0fe39341,damaged,electronics,188,0,20960.83,False,False,0
pay_476e1727dbaf42,not_received,electronics,49,0,19419.21,False,False,0
pay_30970f5c8df347,fraud,electronics,671,0,19751.31,True,False,0
pay_e0a56febb4bc4f,damaged,digital_services,6,6,1867.51,False,True,1
pay_4306f08d3fa840,fraud,apparel,3,2,1973.76,False,True,0
pay_a3fb878ec2934c,fraud,electronics,1131,0,25945.0,True,False,0
pay_f31b7b6a7d4e45,fraud,apparel,439,0,1493.67,True,False,0
pay_55bfa27fefe74a,not_received,apparel,1398,0,4226.28,True,False,0
pay_7ae6303ecdbe49,damaged,electronics,1155,0,19692.28,True,False,0
pay_586ee590bc0347,fraud,apparel,1090,1,3289.32,True,False,0
pay_ece08ca452a54d,not_received,apparel,1273,0,3579.07,True,False,0
pay_71163ae1081049,fraud,electronics,512,0,23185.94,True,False,0
pay_9d060985a5ba4d,not_received,digital_services,663,0,3900.49,True,False,0
pay_b044e9a64c3f40,fraud,apparel,228,0,2693.08,True,False,0
pay_79d2696f64a14f,fraud,electronics,479,0,21182.3,True,False,0
pay_2c23bbff8ba94c,fraud,digital_services,7,3,1252.59,False,True,0
pay_e8314e7e906e4d,not_received,electronics,9,6,25280.35,False,True,0
pay_2a868f9436d841,damaged,digital_services,156,0,2083.56,True,False,0
pay_365e9e74a93340,not_received,electronics,13,3,18701.63,False,True,1
pay_81bbbb51a2c343,fraud,apparel,529,0,3076.51,False,True,0
pay_1da54fe959dd44,not_received,apparel,701,2,2386.41,False,False,0
pay_b89216a77dbf4a,not_received,electronics,1327,0,20787.68,True,False,0
pay_a76e05aaa59a4a,fraud,electronics,91,0,24269.32,True,False,0
pay_bf5346674e524c,fraud,apparel,45,1,2516.3,True,False,0
pay_a5057d16924f45,fraud,apparel,821,0,1448.84,False,False,0
pay_c554794ea6724f,not_received,electronics,10,3,27726.79,False,True,1
pay_16309b2dfe4a4e,not_received,digital_services,974,0,3856.29,True,False,0
pay_44822f068ac64c,not_received,apparel,733,0,4154.31,True,False,0
pay_3b7fae51a38745,fraud,electronics,327,0,27841.95,True,False,0
pay_c16fcbe9871341,fraud,apparel,1044,0,3948.09,False,False,0
pay_a6b002a8b26541,damaged,apparel,117,0,3685.1,False,False,0
pay_24372b40934e46,fraud,digital_services,107,0,2908.37,True,False,0
pay_7c7cf30ee38a4b,damaged,electronics,13,6,19763.08,False,True,1
pay_3ae18b79d8014a,not_received,electronics,670,0,12082.69,True,True,1
pay_5d0031ea60e14e,fraud,electronics,631,0,23071.5,True,False,0
pay_ddc53e2ea8a54f,not_received,digital_services,1079,0,2702.31,False,False,0
pay_4842be6c377e4b,damaged,electronics,119,0,21776.54,True,False,0
pay_7713b0b338ee4f,not_received,electronics,1185,0,26178.29,True,False,0
pay_b4091ac1e73b46,damaged,apparel,9,4,2597.25,False,True,1
pay_dd86dbf36e3a44,fraud,electronics,1197,0,13581.16,True,False,0
pay_d8444ba3dce842,not_received,electronics,642,0,25433.21,True,False,0
pay_4c81084a2b2c43,damaged,apparel,2,2,2356.7,False,False,0
pay_3fd98b69c45040,damaged,electronics,1137,0,27079.83,False,False,0
pay_fe11c1bf5e9549,not_received,apparel,1134,0,2608.54,True,False,0
pay_abbb938b0a6f46,not_received,electronics,753,0,30502.71,True,False,0
pay_1fff34862cbf43,fraud,apparel,637,0,1228.42,True,False,0
pay_c940c547dd804b,fraud,electronics,157,1,26795.08,True,False,0
pay_d7ed09febe794b,fraud,apparel,1421,0,2371.57,False,False,0
pay_091695b1b22649,fraud,electronics,1320,0,24082.42,True,False,0
pay_49512903a1004f,fraud,electronics,603,0,20642.7,True,False,0
pay_aa147ab24b4b40,fraud,electronics,378,0,17095.39,True,True,0
pay_1088fb8d4b4245,damaged,apparel,1080,1,3910.44,True,False,0
pay_02e449290ee54a,not_received,electronics,626,0,26670.85,False,False,0
pay_8caf8dede09545,not_received,apparel,516,0,3255.96,True,False,0
pay_e00b33c866634d,damaged,apparel,58,0,2492.63,True,False,0
pay_9e1e8491a02444,fraud,apparel,1175,1,3539.89,False,False,0
pay_2d25d03a424941,not_received,electronics,1341,0,16343.93,True,False,0
pay_4a50b99ca7de44,not_received,apparel,198,0,3448.9,True,False,0
pay_d74e6c3c4fc845,fraud,digital_services,262,0,4666.88,True,False,0
pay_a324ab90e12841,not_received,electronics,410,0,24258.76,True,True,1
pay_8ca99545bb504d,fraud,electronics,937,0,20915.16,False,False,0
pay_5adf5e4fec1e4b,fraud,electronics,11,5,25145.98,False,True,1
pay_41e963b97ea240,fraud,apparel,309,2,3936.01,True,False,0
pay_a551889974bb4f,damaged,electronics,572,1,22472.68,False,False,0
pay_94ffd5929c724e,not_received,digital_services,778,0,3658.67,True,False,0
pay_91731d5a0db546,not_received,apparel,2,3,2686.84,True,True,1
pay_fb239a5647d44c,not_received,electronics,7,4,21133.3,False,True,1
pay_9ff9f036406549,fraud,digital_services,325,0,2806.43,False,False,0
pay_52cfa37d5ea542,not_received,electronics,1106,0,9484.94,True,True,1
pay_34df5fac1c7b4e,not_received,electronics,862,0,22676.46,False,False,0
pay_7caeff2b3c7b4b,fraud,electronics,4,4,28065.61,False,False,0
pay_fa5ff9ecfb4a43,not_received,electronics,10,4,24661.49,False,True,0
pay_044d704b8be546,fraud,apparel,268,0,3670.02,True,False,0
pay_83b4c70bd17041,fraud,electronics,650,0,25872.47,True,False,0
pay_629c0833cfeb4c,damaged,apparel,3,3,3461.83,False,True,1
pay_49f42a8494fe40,not_received,apparel,6,5,2708.79,False,True,0
pay_b9e0351ba33c4b,not_received,electronics,405,0,25465.65,True,False,0
pay_a4e81ece72ec4f,not_received,apparel,1309,0,3081.64,True,False,0
pay_54f02398eed94d,fraud,apparel,563,0,1125.84,True,False,0
pay_0bd9ac23b2b643,not_received,digital_services,9,6,2344.03,False,True,1
pay_edba6e37bc8a47,not_received,electronics,474,0,27396.44,False,False,0
pay_669efca4641143,not_received,electronics,1469,0,26176.61,True,False,0
pay_9966f34034a640,damaged,digital_services,5,4,1228.68,False,True,1
pay_88390542c2804e,damaged,electronics,1365,0,27026.21,False,False,0
pay_5876833591b347,not_received,electronics,1428,0,22535.69,True,True,1
pay_6b0cee43c6f641,damaged,apparel,880,1,2920.47,True,False,0
pay_77ac1d28ab3f42,not_received,electronics,790,0,20957.53,True,False,0
pay_4065b8240d1949,not_received,apparel,172,0,3176.8,True,False,0
pay_456692e38f2a4d,fraud,digital_services,656,0,3321.99,True,False,0
pay_70afde8e01e041,not_received,apparel,662,2,3487.05,True,False,0
pay_67d7bb3bb8ec4b,damaged,apparel,7,5,3644.47,False,True,1
pay_78271d11f06f4c,not_received,electronics,938,0,26445.65,True,False,0
pay_5b3dc059faff4d,not_received,apparel,693,0,2567.43,True,False,0
pay_f97cfebbfc8244,fraud,apparel,11,3,2645.19,False,False,0
pay_629cad9c6e8d43,fraud,electronics,372,0,23401.96,True,True,1
pay_70645a820a5a4c,fraud,electronics,131,0,27835.2,True,False,0
pay_83b432deba0841,fraud,apparel,634,0,3311.41,True,False,0
pay_2c8b245e8eb44e,not_received,electronics,685,0,24334.3,True,False,0
pay_901fd5a3956146,fraud,apparel,829,0,1004.13,True,False,0
pay_215bafa065df40,not_received,electronics,649,0,26552.94,True,False,0
pay_d18b07b04c0444,not_received,electronics,258,2,27973.92,False,False,0
pay_64749c13a0ab45,fraud,electronics,301,0,30769.89,True,False,0
pay_159c16fd4c8b47,fraud,digital_services,388,1,3959.53,True,False,0
pay_79ebe883229e45,damaged,apparel,1419,1,1658.59,True,False,0
pay_db48ca82decf4d,fraud,apparel,850,0,2765.23,True,False,0
pay_68071ecefd9245,fraud,electronics,3,2,28140.3,False,True,1
pay_42d8023f987c4f,damaged,electronics,472,0,18898.3,True,False,0
pay_f2d61a4c9fbc46,damaged,electronics,1113,0,24017.24,True,False,0
pay_b12fd4b326e34e,not_received,electronics,954,0,27176.64,False,False,0
pay_a2cae1b100a04b,fraud,apparel,62,0,3077.94,True,False,0
pay_ea118fe5108444,fraud,apparel,385,0,1308.9,True,False,0
pay_7676f175e9b349,damaged,electronics,277,0,19086.82,True,False,0
pay_8343b419ebf443,damaged,digital_services,445,0,3772.13,True,False,1
pay_2f4cc86fae2145,not_received,electronics,331,2,24339.65,False,False,0
pay_c0a1d06a43194d,fraud,apparel,1209,0,2713.5,False,False,0
pay_ad3729d8f2ef42,fraud,electronics,1232,0,20149.14,True,False,0
pay_b45efa0a76af4c,fraud,electronics,11,2,23588.64,False,True,1
pay_8b39eafd7d4747,not_received,apparel,771,1,3423.6,True,False,0
pay_8dfbc6dec3ab45,fraud,electronics,1335,0,26703.81,True,False,0
pay_2cb663ef63894a,damaged,electronics,205,1,27036.55,True,False,0
pay_2defdacaf4fb43,fraud,electronics,1367,0,27539.03,True,False,0
pay_b49a5b119d8048,not_received,electronics,7,6,27989.52,False,True,1
pay_dfa88908653d40,fraud,apparel,604,0,5210.7,True,False,0
pay_1bf8d31cd69f4d,not_received,apparel,332,0,2805.05,True,False,0
pay_b836b5d4e52b45,fraud,electronics,364,0,27124.38,True,False,0
pay_4db07253c2e04d,not_received,electronics,6,3,23142.88,False,True,0
pay_f6fe371bb88d48,not_received,digital_services,639,0,3173.74,True,False,0
pay_14e78c5c0e6c4b,fraud,electronics,1374,0,27606.54,True,False,0
pay_adb72e13b30f49,damaged,apparel,432,0,4193.26,True,False,0
pay_acb070cf63914a,not_received,digital_services,878,0,2793.44,True,True,1
pay_5dd7d9d19b4146,damaged,electronics,149,0,20844.28,True,False,0
pay_f63132ce01ba45,damaged,electronics,749,0,27516.58,False,False,0
pay_0c53778700304c,damaged,digital_services,83,0,2995.67,True,False,0
pay_53200724a31040,fraud,electronics,260,0,29400.51,True,False,1
pay_e3aba0ebf5f444,fraud,electronics,760,1,27873.91,True,False,0
pay_bab6f48e384d4d,damaged,apparel,7,2,2465.27,False,False,0
pay_d6118d3b05bd49,not_received,electronics,1429,0,32584.97,False,False,0
pay_6952926ffe3140,fraud,digital_services,1140,0,4417.36,True,False,0
pay_672fa0fc6aaa46,not_received,electronics,6,4,24859.53,False,True,1
pay_e448ee1cbabb47,fraud,apparel,568,0,4045.8,True,False,0
pay_32e6c098895449,not_received,apparel,85,0,2010.59,True,False,0
pay_9a097184c3fd4a,damaged,apparel,1481,0,1854.77,True,False,0
pay_bff9f06278424d,not_received,apparel,12,5,4539.05,False,True,1
pay_6ce3bec7319242,fraud,digital_services,1076,0,3085.09,False,False,0
pay_3bc5c52c77024f,not_received,digital_services,503,0,3043.3,True,False,0
pay_1dfd70e81def48,not_received,electronics,327,0,24165.85,True,False,0
pay_cb85cde47e9a4a,not_received,apparel,8,4,2062.41,False,False,0
pay_99960da9d88e45,fraud,electronics,1043,0,23033.87,False,False,0
pay_1a44c5451cad43,not_received,apparel,629,0,1939.13,True,False,0
pay_cbadb52e4c514e,not_received,electronics,253,0,32906.33,True,True,1
pay_e10b3fe3e95e4b,not_received,apparel,6,6,3971.62,False,False,0
pay_60880c35939b49,damaged,electronics,31,0,19308.84,True,False,0
pay_281f5ae6a3a74b,not_received,apparel,416,0,1458.61,True,False,0
pay_df4fb8a682cb4c,fraud,electronics,1156,1,18463.57,True,False,0
pay_60257b4bf4a441,not_received,digital_services,1025,0,3830.76,True,False,0
pay_82040b9849014f,not_received,apparel,1449,1,2487.83,True,False,0
pay_2baceedc96a34f,fraud,digital_services,1301,1,2900.4,True,True,1
pay_6d13010ef4384d,not_received,apparel,811,0,3073.13,True,False,0
pay_3b4d66680a1743,fraud,digital_services,1255,0,2387.57,True,False,0
pay_9bfe122a8c7c49,fraud,apparel,1427,0,2281.73,True,False,0
pay_0189cfff01eb47,damaged,apparel,707,0,3599.91,True,False,0
pay_3012d1a176cd44,damaged,electronics,13,4,26751.94,False,True,1
pay_fdb5d2e8a39b43,not_received,apparel,1171,1,2776.3,True,False,0
pay_45be691ea9d84b,not_received,electronics,1093,0,18771.54,True,False,0
pay_303b8e4e3c0e4d,damaged,electronics,7,4,29161.25,False,True,1
pay_aca3139a3f2847,damaged,apparel,1,5,3992.84,False,True,1
pay_d471336d65c949,not_received,electronics,1404,0,29723.33,True,False,0
pay_617841301c6944,not_received,electronics,1,5,23029.55,False,True,0
pay_1d85ed67e33844,not_received,electronics,291,0,14596.76,False,False,0
pay_12045c47d30240,fraud,electronics,1364,0,20795.52,True,False,0
pay_51071743971646,not_received,electronics,1203,0,35234.68,True,False,0
pay_a664be09511e4c,not_received,electronics,8,6,21016.67,False,True,0
pay_32c5b6d37bfa4c,damaged,electronics,1383,1,22955.06,False,False,0
pay_9e5b8a80ded140,damaged,apparel,588,1,3221.81,True,False,0
pay_3ef486fcc72845,fraud,electronics,248,0,23697.43,False,True,0
pay_4c3367e53cb34b,not_received,digital_services,935,0,1654.02,True,False,0
pay_9ec2eaab4a9349,fraud,digital_services,842,0,3190.17,False,False,0
pay_dc815eb73f5547,fraud,electronics,89,0,18647.1,True,False,0
pay_f8ed7f77f92248,damaged,electronics,784,0,14099.34,False,False,0
pay_140dd0a975b949,not_received,electronics,1326,0,30815.33,True,False,0
pay_49b113d772234b,not_received,digital_services,620,0,1605.38,True,False,0
pay_723aeb00b3dd45,fraud,apparel,9,4,1855.96,True,False,0
pay_147b4add814749,not_received,apparel,1009,0,4267.03,True,False,0
pay_46aae92d701d40,not_received,digital_services,1,5,4266.08,False,True,1
pay_d76a6a01344846,fraud,digital_services,4,5,2494.72,False,True,1
pay_70e32a0327ed47,fraud,digital_services,1435,0,3696.22,True,False,0
pay_d054c31fb3b048,fraud,apparel,749,0,4656.43,False,False,0
pay_14b205b9ead444,not_received,digital_services,1265,0,2892.5,True,False,1
pay_e01d8d31f2594c,damaged,digital_services,1208,0,2823.22,True,False,0
pay_76b5b0d5f36b44,damaged,electronics,2,2,32851.71,False,True,1
pay_7e3f93d082734b,damaged,digital_services,728,0,3396.61,True,True,1
pay_3087cadb973843,damaged,apparel,226,0,3014.53,True,False,0
pay_5f344856d8fc41,damaged,electronics,1279,0,14613.92,True,False,0
pay_38489fffa20a4f,not_received,apparel,1324,0,2353.19,True,False,0
pay_84a400356a0d41,not_received,apparel,1124,0,2860.41,True,False,0
pay_995559b758964a,not_received,electronics,160,0,22398.96,True,False,0
pay_c211e0267a4049,damaged,digital_services,3,4,2984.45,False,True,1
pay_4be9b5283db146,fraud,electronics,419,0,20443.56,True,False,0
pay_87aed919d38242,fraud,digital_services,120,0,1687.48,True,False,0
pay_e3606b67fe1045,damaged,electronics,478,2,23837.71,True,False,0
pay_52f7eda5665e44,fraud,electronics,782,0,18897.78,False,False,0
pay_eaeb518c49894c,damaged,digital_services,723,2,2017.21,True,False,0
pay_9c7aab82cfd341,not_received,electronics,191,0,25066.06,True,False,0
pay_1096ff7ae9f841,fraud,digital_services,1061,0,2824.36,True,False,0
pay_2091936b88e148,not_received,electronics,1164,0,23824.52,True,False,0
pay_e3f95028a74f46,damaged,digital_services,67,0,2476.06,False,False,0
pay_0fa472029fe948,fraud,electronics,808,0,35246.16,True,False,0
pay_b43fc2975aac4c,not_received,electronics,1126,0,33318.77,True,False,0
pay_b72525672daa4c,damaged,digital_services,312,0,3697.74,True,False,0
pay_f887c420dbbb4a,fraud,electronics,234,0,28177.79,True,False,0
pay_83065000f47e48,fraud,digital_services,10,2,1285.88,False,True,0
pay_c4a439cacf3644,fraud,digital_services,13,2,1033.28,False,False,0
pay_f09b23ff55c640,fraud,electronics,448,0,28040.88,True,False,0
pay_b8eff320641b44,fraud,apparel,372,0,2212.08,False,False,0
pay_5d743391b09e43,not_received,electronics,666,0,32963.71,True,False,0
pay_7ed0d8e80b5e47,fraud,electronics,953,1,21323.23,True,False,0
pay_02a1b4a7b4784b,damaged,electronics,804,0,29537.05,True,False,0
pay_b9e6f68dca0e46,fraud,apparel,892,0,2791.61,True,False,0
pay_1ad578da678546,not_received,digital_services,1216,0,3860.43,True,False,0
pay_a41de0ce89084f,not_received,electronics,499,0,27872.95,True,False,0
pay_4d98884317f34f,damaged,electronics,1261,0,31696.73,True,False,0
pay_cdc7fbc8976344,not_received,apparel,931,0,2555.68,True,False,0
pay_0863f04bf0f044,fraud,electronics,1,2,24120.44,False,True,0
pay_3f3f25c3987546,damaged,apparel,783,0,2720.45,True,False,0
pay_a4e28a6a26a34c,fraud,apparel,10,2,3213.07,False,False,0
pay_eda692af170743,fraud,digital_services,912,0,2093.89,True,False,0
pay_0a5a32235a8b4f,not_received,apparel,1407,0,2498.94,True,False,0
pay_f65255ec27b24c,not_received,electronics,504,0,26089.46,True,False,0
pay_35297fd191f741,fraud,apparel,531,0,3878.23,True,False,0
pay_04c439095d2146,not_received,digital_services,624,0,1977.75,True,False,0
pay_82dd8d9c4d4041,not_received,digital_services,13,6,371.93,False,True,1
pay_1bec8290a9ab4a,damaged,electronics,1,6,32060.39,False,True,1
pay_894d6e381b534e,fraud,apparel,264,2,2466.8,True,False,0
pay_5fa1a0d145c347,fraud,apparel,805,0,5732.45,True,False,0
pay_0ee75952b94545,not_received,electronics,338,0,29822.72,True,False,0
pay_8816d80a6ddf4a,fraud,electronics,508,0,26319.33,True,False,0
pay_77c62e5a93644e,not_received,apparel,296,0,3892.11,True,False,0
pay_237c52a4ef6c44,not_received,electronics,332,0,26788.68,False,False,0
pay_cfe1b9b6c7e944,not_received,electronics,1102,0,23528.0,True,False,0
pay_a28eac0edd3b4f,damaged,electronics,182,1,19677.66,False,False,0
pay_0ef6857f07b943,damaged,electronics,84,0,24124.23,True,False,0
pay_3f894519276e4f,not_received,electronics,1420,0,14954.8,True,True,1
pay_36ee12494e174e,damaged,apparel,400,1,1963.52,True,False,0
pay_f0b72212642842,fraud,digital_services,1160,0,3128.03,True,False,0
pay_a06351f777a943,not_received,apparel,695,0,3175.64,True,False,0
pay_f79f8005a54e41,not_received,electronics,703,0,26984.9,True,False,0
pay_6a7bfe301f214d,damaged,digital_services,159,0,1559.63,True,False,0
pay_fcf8b9566aec4a,not_received,electronics,813,0,24674.61,True,False,0
pay_9d8c7cc282b34b,not_received,electronics,60,1,23313.81,True,False,0
pay_d79dc1d7ac5245,damaged,electronics,115,0,26522.31,False,False,0
pay_aa6233cec1ce4f,not_received,apparel,829,0,2577.55,True,False,0
pay_60677c9bff9e45,not_received,apparel,227,0,2174.57,True,False,0
pay_e9993ef6288740,fraud,digital_services,868,2,2804.44,True,False,0
pay_bb913957484545,fraud,apparel,936,0,3613.43,False,False,0
pay_a3b5d6a906c649,damaged,apparel,1447,0,3491.73,True,False,0
pay_838bd6a4ebb646,not_received,electronics,80,2,24197.13,True,False,0
pay_a5c77de1024a4e,not_received,apparel,670,0,3991.94,True,False,0
pay_acb1747c034747,fraud,digital_services,12,3,3612.72,False,True,1
pay_d771061b62a34f,fraud,electronics,643,0,22166.07,True,False,0
pay_660a431362b747,fraud,electronics,196,0,21950.5,True,False,0
pay_dbc980de2bec46,not_received,electronics,5,4,17364.0,False,True,1
pay_2bac5ca8fa8c45,fraud,apparel,768,0,4388.56,True,False,0
pay_22e2e7ea259a49,fraud,apparel,5,6,2933.85,False,True,0
pay_547decea5dde47,not_received,apparel,775,0,3052.64,True,False,0
pay_2b418cbad7484a,not_received,apparel,1129,0,1750.06,True,False,0
pay_727e6e8af50045,fraud,apparel,1097,0,3994.53,True,False,0
pay_06f4e933eadd40,not_received,apparel,1434,0,3361.85,True,False,0
pay_9f0e51baeb2c46,damaged,digital_services,67,0,3032.77,True,False,0
pay_0499fae90ea945,not_received,digital_services,139,0,3017.48,True,False,0
pay_d158cd7d62f843,damaged,electronics,1151,0,24888.29,True,False,0
pay_6b4c6f4ec7f640,damaged,apparel,1462,0,3047.54,True,True,1
pay_bfb72891388c49,fraud,apparel,13,2,5035.21,False,True,0
pay_5284e9c88edf4e,fraud,electronics,349,2,24235.4,True,False,0
pay_d0eba23dba3640,not_received,digital_services,1416,0,3701.4,True,False,1
pay_10cf96f1da404e,not_received,electronics,279,0,25542.36,True,False,0
pay_d613b4e2450343,not_received,apparel,1057,0,2234.17,False,False,0
pay_0ccc7e79d76440,fraud,electronics,1499,0,25283.05,True,False,0
pay_2aeaaadbeef247,not_received,apparel,13,3,2812.01,False,True,1
pay_017778da08784e,fraud,electronics,1113,1,26727.22,True,False,0
pay_e9dd2427c1d841,damaged,electronics,1372,0,24149.99,True,False,0
pay_0c454f0ae8e44a,fraud,electronics,1,5,24684.24,False,True,0
pay_3803ee14da444d,damaged,electronics,1050,0,18974.47,True,False,0
pay_6081ecabb27c4d,fraud,digital_services,1030,1,2393.92,True,False,0
pay_30c3616b60b440,fraud,electronics,861,1,23841.04,True,False,0
pay_0fa19399b36240,fraud,apparel,427,1,4725.31,True,False,0
pay_40cbc2e6a78d4e,damaged,apparel,403,0,1290.95,True,False,0
pay_6e7c15b9b97a43,fraud,electronics,371,0,22213.83,False,False,0
pay_ea367ed82f994f,not_received,electronics,765,0,29436.73,True,False,0
pay_6f37a93b0d214e,damaged,electronics,381,0,36456.43,False,False,0
pay_2bd1f96b265046,not_received,apparel,873,0,3760.43,True,False,0
pay_242036f8de0944,fraud,digital_services,628,0,3533.56,True,False,0
pay_8f2583fdb95c49,damaged,digital_services,7,6,3355.7,False,False,0
pay_1ca7370d10bd42,damaged,digital_services,11,5,3205.74,False,True,1
pay_4b3c8add2bc54f,not_received,apparel,842,0,2329.03,False,False,0
pay_58dc705ea2c544,not_received,digital_services,38,0,3873.73,True,False,0
pay_eaa5d9fd243f4a,damaged,electronics,806,0,24533.38,False,False,0
pay_1c5fa55dc68a4d,damaged,apparel,622,0,823.96,True,False,1
pay_91ca02c99e6d45,not_received,electronics,624,2,29369.6,True,False,0
pay_248f006a2da941,damaged,electronics,83,0,29150.64,True,False,0
pay_75012a3701e24f,fraud,digital_services,1286,0,4104.01,True,False,0
pay_13324bbfac2641,fraud,electronics,415,0,27969.31,True,False,0
pay_498a556b98294c,fraud,apparel,269,0,2409.82,True,False,0
pay_8e8a7576891a49,fraud,apparel,334,0,1975.32,True,False,0
pay_2140e11522494c,not_received,electronics,119,0,27677.58,True,False,0
pay_3c557063e17643,not_received,electronics,523,0,23122.63,False,False,0
pay_6f7246acbe5545,fraud,electronics,681,0,31248.8,True,False,0
pay_3a9a5df5f5d340,not_received,digital_services,1287,0,3480.01,True,False,0
pay_4ea404c631dd40,fraud,apparel,247,0,5469.99,True,False,0
pay_11e00579d53a48,damaged,apparel,1001,1,2802.79,False,False,0
pay_77872dc3c7a042,damaged,electronics,2,5,31142.21,False,True,1
pay_987cf6c742f54d,fraud,electronics,887,0,27724.58,False,False,0
pay_ac0e272bec5249,damaged,electronics,372,1,23301.16,True,False,0
pay_400fe42e4a6b4d,fraud,apparel,663,0,3255.01,True,False,0
pay_073951a953e44e,not_received,electronics,6,6,23096.5,False,True,0
pay_59e8685c4a9f48,damaged,apparel,69,0,4217.84,True,False,0
pay_e2abb19eab1c43,fraud,apparel,249,0,3529.2,True,False,0
pay_da2f6b7449a44b,not_received,electronics,339,0,27657.49,True,False,0
pay_662d1d6d11dc48,fraud,apparel,659,0,3910.75,True,False,1
pay_31e07cec18d641,fraud,apparel,267,0,4110.48,True,False,0
pay_d360e7bf779e46,not_received,electronics,6,6,20410.16,False,True,1
pay_a5ed1b3a92fa4a,damaged,apparel,7,2,2410.39,False,False,0
pay_6d218a0b610440,not_received,apparel,754,0,4141.95,True,False,0
pay_84cdf17bbf3042,damaged,electronics,12,5,23436.44,False,False,0
pay_3bac3ff08b0e4e,damaged,electronics,813,0,31804.44,True,False,0
pay_839a1069d9804b,fraud,electronics,4,4,20281.81,True,True,1
pay_0e3a4b9a39774a,not_received,digital_services,173,0,3902.61,True,False,0
pay_a3c3745f389f4c,not_received,electronics,796,0,30248.93,True,False,0
pay_82a3e6ba9d0145,not_received,electronics,1209,0,30651.1,True,False,0
pay_5ca88de4883248,fraud,electronics,743,0,25890.4,True,False,0
pay_3985211ab41142,damaged,electronics,12,2,23728.69,False,True,1
pay_1b0ac29782c24e,not_received,electronics,1198,0,28715.11,True,False,0
pay_2a8a896d1cd746,not_received,apparel,973,2,4750.62,True,False,0
pay_b21688fc69d44f,not_received,electronics,49,0,18648.05,False,False,0
pay_f5080f14f77d49,fraud,digital_services,8,6,1467.7,True,True,1
pay_1e29f9feaf4842,not_received,digital_services,1108,1,2589.17,False,False,0
pay_5ddae21170bc48,damaged,apparel,567,0,1972.42,False,False,0
pay_5e89fe929a354e,damaged,digital_services,58,0,3260.34,False,False,0
pay_25755cb0687c42,fraud,apparel,13,4,3028.98,False,False,0
pay_463219de247841,not_received,apparel,433,0,5156.61,True,False,0
pay_744d5b4f69104d,not_received,electronics,570,0,26261.93,True,False,0
pay_780f7261573c48,fraud,electronics,154,0,35628.98,True,False,0
pay_a5f868fe699a4e,fraud,electronics,141,0,23916.61,True,False,0
pay_4813d3c897d949,not_received,electronics,1012,0,21567.17,True,False,0
pay_b858e200d26141,not_received,apparel,11,3,2013.1,False,True,0
pay_81fae68b11a740,fraud,electronics,6,6,16360.95,False,True,0
pay_39309486480d46,fraud,electronics,11,4,23058.05,False,True,1
pay_14aed310d88d4c,fraud,digital_services,157,1,3733.17,True,False,0
pay_e7267a0747e840,fraud,apparel,285,0,5520.79,True,False,0
pay_ca82e7b5aae941,not_received,apparel,430,0,4621.78,True,False,0
pay_90cbdc70948d4e,fraud,electronics,13,5,21208.03,False,True,1
pay_7651fa26efc240,fraud,digital_services,540,0,760.2,True,False,0
pay_ae5858d066af49,damaged,electronics,627,0,27905.15,True,False,0
pay_aeaf644c5ac74d,fraud,apparel,1319,1,2968.16,True,False,0
pay_7acfcc5029ce44,not_received,apparel,917,0,5137.9,True,False,0
pay_acc346b9359544,damaged,apparel,3,6,1477.45,True,True,1
pay_e6dde2dbc2c94d,not_received,digital_services,482,0,4867.42,True,False,0
pay_0a53879846344d,not_received,electronics,759,1,20051.37,True,False,0
pay_47161514dcd64e,not_received,digital_services,1167,1,2928.86,True,False,0
pay_c5ec25ff52fc45,fraud,apparel,1284,0,2383.25,True,False,0
pay_e67242f967434f,not_received,apparel,1348,1,4953.45,False,False,0
pay_f4fe818b22a34f,not_received,digital_services,203,0,1685.07,True,False,0
pay_b2395a907d6f4b,fraud,apparel,413,1,2889.35,True,False,0
pay_6bf00edb6b4644,not_received,apparel,1457,0,571.91,True,False,0
pay_75feb77ce7ad44,damaged,electronics,1443,0,30755.76,True,False,0
pay_92985d3a530d48,fraud,digital_services,943,0,4098.96,False,False,0
pay_5039829e8c5140,not_received,apparel,671,0,1894.83,True,False,0
pay_b1d0cf028b8241,not_received,digital_services,410,0,3402.61,True,False,0
pay_aa10ee51311e4d,damaged,digital_services,318,0,3051.16,True,False,0
pay_199173d2865344,damaged,electronics,13,3,34502.29,False,True,1
pay_4cce337b043c40,not_received,apparel,12,6,3123.65,False,True,0
pay_3bd190cf2f2b46,fraud,digital_services,1000,0,3158.46,True,False,0
pay_c139d93fb1ab41,fraud,apparel,1304,0,3167.5,True,False,0
pay_0c1df725d79548,fraud,apparel,307,0,2409.72,True,False,0
pay_1ab4c28da0914c,not_received,electronics,609,2,19953.24,True,False,0
pay_0d165d3d6f5d4c,not_received,electronics,818,0,29482.06,True,False,0
pay_03c44fdf2b7545,damaged,apparel,1122,0,3038.7,True,False,0
pay_88c6027602694b,not_received,apparel,1104,0,2764.49,True,False,0
pay_28881e25412042,not_received,apparel,1080,0,3152.6,True,False,0
pay_9e01ceca4a924a,not_received,electronics,531,0,21688.96,True,False,0
pay_ff5c45e1f76d41,fraud,apparel,943,0,2355.75,False,False,0
pay_ba6feb01d2ea4e,not_received,digital_services,1,4,4348.9,False,True,1
pay_fd69bc55538b4f,not_received,apparel,834,0,1187.01,False,False,0
pay_09f194088a4f49,damaged,digital_services,1419,1,1667.13,True,False,0
pay_06e632ab142d45,fraud,electronics,175,0,26346.87,True,False,0
pay_2a020008a9fb43,damaged,digital_services,818,0,3937.03,False,False,0
pay_dd7556ee32c84a,not_received,apparel,9,6,3257.1,False,True,0
pay_33ceb1049a204f,fraud,digital_services,1,4,2519.15,False,False,0
pay_d1f6bcdb25a44d,fraud,apparel,5,5,2278.33,False,True,0
pay_e51f2b8bd7a94e,fraud,electronics,11,2,17086.46,False,True,0
pay_afaab4e5015f4f,not_received,digital_services,296,0,4069.84,True,False,0
pay_61a91aabb5694b,fraud,apparel,1335,0,3069.58,True,False,0
pay_d3185294eaaf44,not_received,electronics,8,6,26909.41,False,True,0
pay_80df7d1d7fd849,damaged,electronics,1396,0,21638.35,True,False,0
pay_8c32512030414e,not_received,electronics,1189,0,33958.08,True,False,0
pay_d9652399510a4c,not_received,apparel,9,6,3552.25,False,True,1
pay_8bda83e4dfc24e,fraud,apparel,147,0,3675.57,True,False,0
pay_8e13db76a18843,not_received,apparel,823,0,3267.2,True,False,0
pay_3ac0cb48c8d34f,fraud,electronics,990,0,21474.21,True,False,0
pay_76be83651cf64d,damaged,apparel,522,2,1707.19,True,False,0
pay_feba16f876324f,fraud,electronics,9,3,22591.19,False,True,1
pay_955a4799780348,not_received,apparel,1397,2,3367.23,True,False,0
pay_e91dc944d60b49,not_received,digital_services,1350,0,3749.38,True,False,0
pay_1078577cb44944,not_received,digital_services,634,0,2522.93,True,False,0
pay_327455c179a14e,damaged,electronics,1064,0,21993.79,True,False,0
pay_6889ec8ca45a4f,fraud,apparel,571,0,2075.55,True,False,0
pay_c08de573219e4f,fraud,apparel,1388,0,1628.99,True,False,0
pay_6eabe2bf181b4f,not_received,electronics,1391,0,21002.92,True,True,1
pay_8d8aa3c912924d,not_received,digital_services,1206,0,2037.03,True,False,0
pay_04414d9ac71d48,not_received,apparel,524,0,6523.42,True,False,0
pay_c97b45b4f6734b,fraud,apparel,729,0,4314.57,True,False,0
pay_cc58087c8da64c,not_received,apparel,424,0,1371.64,True,False,0
pay_6a77b9fd78bd4c,damaged,electronics,720,0,27305.86,True,False,0
pay_04cb484527dc4a,not_received,electronics,275,0,33147.39,True,False,0
pay_d7644b9b809145,damaged,electronics,5,6,32816.37,False,True,1
pay_df8d265d273542,not_received,electronics,327,0,28458.86,True,False,0
pay_f3f78b15a46043,fraud,electronics,6,3,25048.56,False,False,0
pay_dffe7545ee274c,fraud,digital_services,3,6,3075.18,False,True,0
pay_fb3fd85733b44e,not_received,apparel,487,1,2057.09,True,False,0
pay_ccfe6ccab49f40,not_received,digital_services,623,0,3464.2,True,False,0
pay_48d702cd032b47,not_received,digital_services,428,0,3734.47,True,False,0
pay_c0ae37bbd99f45,not_received,apparel,204,0,2695.61,True,False,0
pay_1526eae277cf4f,damaged,electronics,767,0,26428.54,True,False,0
pay_a33c7d4aae0140,not_received,apparel,1437,0,2917.55,True,False,0
pay_b65f0bb7180048,not_received,electronics,298,0,13896.71,True,False,0
pay_fa38a378496c47,fraud,electronics,657,0,23938.89,True,False,0
pay_60b6ddae60a34a,not_received,apparel,180,0,3478.22,True,False,0
pay_7965dc08b36c4a,damaged,apparel,819,0,1548.6,True,False,0
pay_cdd720361e634e,fraud,electronics,1241,0,23351.83,True,False,0
pay_eecf38db0a0a49,damaged,electronics,1105,0,31852.09,True,False,0
pay_04e004c486144c,damaged,electronics,5,4,19888.2,False,False,0
pay_736fada7d3ca4f,not_received,apparel,4,5,4138.28,False,True,1
pay_54cec8af40b744,fraud,digital_services,96,0,1535.11,True,False,0
pay_5156a60ac70d4a,fraud,apparel,701,0,1931.16,True,False,0
pay_875b226c641e44,fraud,digital_services,12,6,5378.42,False,False,0
pay_bd1cc14f12f540,fraud,apparel,404,0,2804.45,False,False,0
pay_051dc6a50c824c,not_received,electronics,1073,0,28063.6,True,True,1
pay_fa4baa7cd42e48,fraud,apparel,303,0,3359.5,True,False,0
pay_2e543fd063c24a,not_received,electronics,1023,0,25326.34,True,False,0
pay_9a0a0691ecc647,fraud,electronics,879,0,29268.05,True,False,0
pay_1e0c5a6ddab94d,fraud,apparel,1311,2,3812.17,True,False,0
pay_ce869a402ff944,not_received,digital_services,42,1,2859.7,True,False,0
pay_aac02a867b8c43,damaged,apparel,1109,0,3451.68,True,False,0
pay_ae28d78a28d946,not_received,digital_services,793,0,2114.65,True,False,0
pay_ee6f0628a57944,not_received,apparel,402,0,3551.74,True,False,0
pay_8e1b9da9039f4e,not_received,electronics,1002,0,26107.94,True,False,0
pay_7c1d5cca78e044,not_received,apparel,844,0,3576.39,True,False,0
pay_268f6fee624f4f,damaged,digital_services,1496,0,3075.17,True,False,0
pay_516dc43af8c94d,fraud,apparel,503,0,3759.7,False,False,0
pay_c42bca20da2449,damaged,apparel,349,0,2734.02,True,False,0
pay_4a0c92dbb45b45,fraud,apparel,425,0,4942.05,True,False,0
pay_482681f334394e,damaged,apparel,425,0,3818.52,True,False,0
pay_e28c0f9bfc884d,fraud,electronics,13,3,26278.42,True,True,1
pay_d7cf0ba905e340,damaged,electronics,1460,0,32298.51,True,True,1
pay_687f185daece49,damaged,electronics,47,0,24018.66,True,True,1
pay_44c68417a87347,fraud,apparel,437,0,3912.6,True,False,0
pay_9bb5d2bb86b440,damaged,digital_services,588,0,3091.88,True,False,0
pay_70bb269b512d4c,fraud,digital_services,1016,0,2157.98,True,False,0
pay_607590ca8e0443,fraud,electronics,581,0,17862.55,True,False,0
pay_ea533eb8153d4b,not_received,apparel,608,0,2676.9,True,False,0
pay_74b51f430dd24f,damaged,apparel,656,0,3019.7,True,False,0
pay_2c3177d4a88e43,not_received,apparel,475,0,3090.75,False,False,0
pay_aaa5c8e480514b,not_received,apparel,1168,0,2316.54,True,False,0
pay_074c48a35d9c4a,not_received,electronics,1020,0,37097.3,True,False,0
pay_e26f55f9ff124c,damaged,digital_services,7,3,3485.23,False,True,1
pay_4980e42fac6749,not_received,digital_services,150,0,4330.85,True,False,0
pay_20d35a8e0c1944,fraud,electronics,633,0,26591.67,True,False,0
pay_9009f6526dcf4a,fraud,apparel,38,0,3507.15,True,False,0
pay_40987ff46a524a,fraud,electronics,575,0,29221.36,True,True,1
pay_ffdb82564ec24c,not_received,electronics,601,0,21574.19,False,False,0
pay_aa0eccd1e8d040,fraud,digital_services,1336,0,2762.05,True,False,0
pay_005d77bd7e174d,fraud,apparel,1497,0,1663.64,True,False,0
pay_2a6552a6979546,damaged,electronics,4,5,13730.92,False,True,0
pay_1c9d3a816d0a44,fraud,apparel,647,0,4008.95,True,False,0
pay_638890a8a86844,not_received,digital_services,12,3,3994.79,False,False,0
pay_f6a871fe76ff49,fraud,digital_services,491,0,2966.65,True,False,0
pay_230194e744c94d,fraud,electronics,9,4,25649.2,False,True,1
pay_e234dfd2c6f542,fraud,digital_services,837,0,3678.54,True,False,0
pay_92af5a0439e640,not_received,digital_services,1392,0,4058.39,True,False,0
pay_0f951ed87aea4f,damaged,apparel,617,0,4514.79,True,False,0
pay_b14c86b9fee843,fraud,apparel,13,5,1568.36,False,False,0
pay_241f1e6509624e,fraud,electronics,1495,0,28856.89,True,False,0
pay_d3d9f757aaeb40,not_received,electronics,602,0,33726.75,False,False,0
pay_9318eb65dfca41,not_received,apparel,7,5,788.1,True,False,0
pay_eba95b80575e48,not_received,digital_services,803,0,2631.35,True,False,0
pay_ac4b311d6eeb4a,damaged,digital_services,1067,0,2359.73,False,True,1
pay_3d4bcbc1535441,not_received,apparel,1018,0,4012.31,False,False,0
pay_a672288f816640,not_received,apparel,759,0,4038.5,True,False,0
pay_edbb61fca3e94f,damaged,apparel,703,0,4072.19,True,False,0
pay_4e74a6a126c145,not_received,apparel,65,0,4600.38,True,False,0
pay_5e8e4be1645a43,fraud,electronics,13,6,25529.24,False,True,0
pay_81f8ea96ca4d4c,fraud,electronics,3,3,32443.82,False,True,1
pay_72951cec906940,fraud,electronics,238,0,20419.98,True,False,0
pay_e76c6c749b4645,fraud,electronics,648,0,26718.15,False,False,0
pay_6806dc30a6b448,fraud,electronics,774,1,37100.92,True,False,0
pay_2d8ed2b3090345,fraud,apparel,700,0,3335.76,True,True,1
pay_ddc6e138a4df4b,damaged,electronics,1179,0,24442.94,False,False,0
pay_5ea9e32f524c4f,damaged,electronics,367,1,20230.2,True,False,0
pay_709517f7bb1f43,not_received,digital_services,1242,2,2513.6,True,False,0
pay_5fe0409c30e249,damaged,apparel,1207,0,1338.29,True,False,0
pay_58c935bcbeda44,fraud,apparel,1396,1,1562.33,True,False,0
pay_c06af3c74b5946,damaged,electronics,975,0,30457.84,True,False,0
pay_6950ea423fd442,not_received,apparel,7,4,2788.01,False,True,0
pay_b6772f28d78142,fraud,apparel,1000,0,2117.5,True,False,0
pay_1516b83d422644,fraud,apparel,1276,0,2913.32,True,False,0
pay_ef09d534265143,fraud,apparel,944,0,2444.9,True,False,0
pay_6c6462a808cf47,fraud,apparel,563,0,1179.68,True,False,0
pay_fb1048c3586541,fraud,digital_services,1222,0,1774.13,True,False,0
pay_3a8f76162d2b46,fraud,electronics,12,6,28443.71,False,True,1
pay_c443d0d12ad846,fraud,electronics,10,3,20653.97,False,False,0
pay_e53163e352e84f,fraud,apparel,1238,2,2808.07,True,False,0
pay_cdfb584dee5449,damaged,apparel,120,0,1173.22,True,True,1
pay_3fce52a65ede4e,fraud,electronics,1340,0,20525.72,True,False,0
pay_c677d17f648a48,fraud,digital_services,1326,0,4790.92,False,False,0
pay_a24bea4e1df243,not_received,apparel,8,2,2170.87,False,False,0
pay_0cd0ab78586646,damaged,apparel,1407,0,4778.3,True,False,0
pay_bfec2d9820ba4d,fraud,apparel,1408,0,2505.44,False,False,0
pay_004cad203dcd47,damaged,apparel,296,0,1030.09,True,False,0
pay_db4ce3b63a5745,fraud,digital_services,1265,0,2503.28,True,False,0
pay_6dcecf0735d942,fraud,electronics,89,0,24890.22,True,False,0
pay_ecc340409bd34f,fraud,electronics,545,0,25772.61,True,False,0
pay_259cdf7ca70544,not_received,electronics,1111,0,28044.14,True,False,0
pay_95f533ce5f2e49,fraud,digital_services,1440,1,2519.89,True,False,0
pay_45de60819c0b4d,not_received,apparel,1381,1,5527.54,True,False,0
pay_45b6fc7a22f145,fraud,digital_services,6,5,2797.36,False,False,0
pay_eb8e8e770d6042,not_received,digital_services,6,4,1854.62,False,True,1
pay_8d3253c82e924a,fraud,apparel,534,0,3185.78,False,False,0
pay_6cd5dd9c96ef4b,not_received,electronics,577,2,28854.74,True,False,0
pay_4d03f410f87540,not_received,electronics,1352,0,24740.79,True,False,0
pay_7b6f014f282540,not_received,electronics,11,3,33619.7,False,True,0
pay_0a67d255784846,fraud,digital_services,539,0,2435.76,False,False,0
pay_ac0e0894b11449,damaged,electronics,1058,0,24496.57,True,False,0
pay_951ab7007c1c4c,not_received,apparel,1295,0,3706.93,True,False,0
pay_c0def24da3d54b,fraud,electronics,1395,1,20400.66,True,False,0
pay_8bed48c58e6842,damaged,electronics,468,0,33211.49,True,False,0
pay_d6ba03df86ce4e,not_received,electronics,12,2,34271.66,False,False,0
pay_96c6151418ec49,not_received,apparel,81,0,3410.6,True,False,0
pay_16a527f5001c4c,fraud,electronics,257,0,28616.44,True,False,0
pay_7cfbd7ba13e543,not_received,apparel,1021,0,3496.08,True,False,0
pay_dacd25d1d52f47,fraud,apparel,602,0,2821.83,True,False,0
pay_60970b0c5d4843,not_received,digital_services,1,5,2259.88,False,True,1
pay_00e0e9806d1548,not_received,digital_services,630,0,4663.24,True,False,0
pay_4eca8650ad3c4d,not_received,apparel,1068,0,3666.01,True,False,0
pay_807cb050f5fe48,fraud,apparel,900,0,2706.63,True,False,0
pay_0f53257b56d344,damaged,electronics,722,0,21007.41,True,False,0
pay_5c6f81f66b854e,fraud,apparel,1471,0,3586.46,True,False,0
pay_83cd9e8658e146,not_received,apparel,3,4,3701.99,False,True,0
pay_287749ed79794d,not_received,electronics,685,0,32908.47,True,False,0
pay_22994c1f636c4c,not_received,apparel,332,0,3092.41,True,False,0
pay_f864a3e08aaf4a,fraud,electronics,93,0,21620.92,True,False,0
pay_8508f54509d04d,fraud,electronics,1033,0,20429.54,True,False,0
pay_ba351e359f5943,fraud,electronics,923,0,14143.85,True,False,0
pay_52ec6515c0a34e,not_received,digital_services,3,3,1518.91,False,True,0
pay_7c2109d97d5b41,fraud,electronics,527,0,12924.21,True,False,0
pay_b523b1ea1c3f4a,not_received,electronics,4,2,36675.45,False,True,0
pay_c59235d7a64440,not_received,digital_services,227,0,5003.15,True,False,0
pay_2a3d947d50c741,fraud,electronics,1291,0,28684.17,True,False,0
pay_fbb946a5ebff45,fraud,digital_services,9,3,3425.0,False,True,0
pay_3bcd83ae720f40,fraud,digital_services,2,5,4574.47,False,True,0
pay_21e0d604824c44,fraud,apparel,966,0,5318.77,True,False,0
pay_6eabd98b73164b,not_received,apparel,1098,0,5922.53,True,False,1
pay_545433f642724e,not_received,digital_services,1439,0,1938.21,True,False,0
pay_f6dd6a01e22f45,not_received,apparel,1102,0,5774.09,True,False,0
pay_c7ef8c48986244,fraud,electronics,176,0,18205.94,True,False,0
pay_d8af8ebb902c45,damaged,digital_services,3,6,1754.25,True,True,1
pay_789a81d154f14e,fraud,electronics,3,4,22095.37,False,True,0
pay_c1c9014505f848,fraud,electronics,1160,0,31481.05,True,False,0
pay_5f1de7cf283442,not_received,digital_services,1162,0,3363.18,True,False,0
pay_0d39aa8b42134f,damaged,electronics,430,0,28383.93,True,False,0
pay_2cbf84a908b241,fraud,apparel,723,0,3961.15,True,True,1
pay_df62fa6bb05048,not_received,apparel,3,3,3765.14,False,True,1
pay_b42047c7b0e64f,damaged,apparel,457,0,2234.08,True,False,0
pay_78857d3667dd44,not_received,electronics,88,0,19593.76,True,False,0
pay_7309b546ce5b45,fraud,apparel,526,0,2590.14,True,False,0
pay_001ab8265f474b,damaged,electronics,831,0,30865.23,True,False,0
pay_0998bae816e74a,not_received,electronics,428,1,31323.18,True,False,0
pay_e47ba07607164a,not_received,electronics,888,2,25976.26,True,False,0
pay_72bbc67048754d,not_received,electronics,704,0,23956.64,True,False,0
pay_b0844019d08a49,damaged,digital_services,240,0,1887.12,True,False,0
pay_5fe3c1c2694e48,not_received,apparel,1311,0,146.71,True,False,0
pay_e0391e37af1c4a,fraud,apparel,713,0,2367.08,True,False,0
pay_4154f727729c42,not_received,apparel,1073,0,2499.77,False,False,0
pay_b4f457eb2f2b42,fraud,digital_services,202,0,3527.58,True,False,0
pay_59a7111f462c4d,fraud,apparel,9,6,3976.36,False,True,0
pay_674ed542567c4a,not_received,apparel,730,0,1355.44,True,False,0
pay_566835a1ae2842,fraud,electronics,638,0,30144.32,True,False,0
pay_fa72c9f6de9b4a,not_received,apparel,469,0,2968.74,True,False,0
pay_6c7589247b494a,damaged,electronics,134,0,20495.83,True,False,0
pay_bec886f5297045,not_received,apparel,597,0,2953.43,True,False,0
pay_64f8301885e142,damaged,electronics,1439,0,21912.49,True,False,0
pay_4204526bbdc34c,fraud,apparel,655,0,3381.81,True,False,0
pay_70b67a1b8f084d,damaged,electronics,1,4,17587.26,False,True,1
pay_2f8af87d90e44d,damaged,apparel,948,0,3638.4,True,False,0
pay_e7a512ec8bc748,fraud,apparel,1107,0,3074.01,True,False,0
pay_3126b3f7f45a4f,fraud,electronics,8,6,14542.4,False,True,1
pay_b5e503b91ce547,fraud,electronics,354,2,25512.38,False,False,0
pay_0f1cc0fb2b0c42,damaged,electronics,50,0,31783.79,True,False,0
pay_aee1a04707a449,damaged,apparel,1035,0,4431.79,True,False,0
pay_f036a144292e42,fraud,apparel,6,5,4039.56,False,True,0
pay_dca84ed634cc48,not_received,apparel,749,0,4759.58,False,False,0
pay_e4ef881e4ad14f,fraud,apparel,1187,0,2670.37,True,False,0
pay_998ecbb0400146,not_received,apparel,1368,0,2979.58,True,False,0
pay_9b010265159941,damaged,apparel,904,0,3582.09,True,False,0
pay_23aff8956a6542,fraud,electronics,1143,0,19955.36,True,False,0
pay_0b05c345ab7a45,damaged,apparel,1024,0,4374.48,True,False,0
pay_b91193a06e7641,damaged,electronics,308,0,24386.16,False,False,0
pay_612a353bb77d4f,damaged,apparel,595,1,2787.15,True,False,0
pay_f918da26019d43,fraud,apparel,142,0,4173.98,True,False,0
pay_7601d8feaacd4f,fraud,apparel,5,4,4271.92,False,True,1
pay_e479aa91bb6640,fraud,electronics,1351,0,21935.87,True,False,0
pay_45daa7ff4aa347,not_received,electronics,151,0,14581.69,True,False,0
pay_04a57a81a2fa4f,not_received,electronics,4,3,29798.34,False,True,1
pay_4abdfd527ebf48,fraud,apparel,3,2,884.17,False,True,0
pay_757b4aa13e964b,not_received,apparel,1337,0,3294.24,True,False,0
pay_b593dff94bf140,fraud,electronics,1323,1,16080.07,True,False,0
pay_aaa7e32047744e,fraud,apparel,763,0,2863.25,True,False,1
pay_279910e68bb949,not_received,electronics,661,1,31048.61,True,False,0
pay_64c799e20ea64a,fraud,apparel,768,1,4720.31,False,False,0
pay_259cf84a8f0643,fraud,apparel,1356,0,4392.11,True,False,0
pay_a4aa5fabdc7d49,fraud,apparel,1362,0,3540.29,True,False,0
pay_c0d69e7997514a,damaged,digital_services,774,1,3709.2,True,False,0
pay_3081b503d3a94b,not_received,electronics,1222,0,28445.36,True,False,0
pay_c1a753d0ca4f4c,not_received,electronics,1075,0,25583.1,True,False,1
pay_5172a9b893fc49,not_received,apparel,259,0,2396.64,False,False,0
pay_eb68621ad7a041,not_received,electronics,8,4,18726.04,False,True,0
pay_f7b28255ea0a42,fraud,digital_services,1062,0,3404.17,True,False,0
pay_8bc10e0f70d14f,not_received,electronics,365,0,29874.83,True,False,0
pay_abd8387919074d,not_received,electronics,1199,0,22807.25,True,False,0
pay_3ec42ddc877141,not_received,apparel,1362,0,1341.15,False,False,0
pay_d34383a3becb4b,not_received,electronics,614,0,34930.37,True,False,0
pay_c177b515178a4a,not_received,electronics,12,2,23257.15,True,False,0
pay_d4a02eba76a94d,fraud,digital_services,4,3,614.08,False,True,0
pay_668610e3051e4d,damaged,electronics,527,0,14261.11,True,False,0
pay_2f79908737484d,fraud,apparel,1384,0,4524.76,True,False,0
pay_79c99a2f693249,damaged,electronics,328,1,27761.26,True,False,0
pay_ab8a96dce6924b,fraud,electronics,157,0,20357.83,True,False,0
pay_a6083d9fc9254c,fraud,electronics,121,2,18325.85,True,False,0
pay_678afb0b859947,not_received,electronics,1213,1,29048.98,True,False,0
pay_d4016e55d7db46,fraud,electronics,304,0,28050.83,True,False,0
pay_debc610b4c9141,damaged,digital_services,1316,0,3124.39,True,False,0
pay_42621d8c4fcd48,not_received,apparel,181,0,3507.51,True,False,0
pay_65a9be44bd4848,not_received,apparel,1332,1,2764.24,False,False,0
pay_02aa177af01341,fraud,electronics,1188,0,32547.87,True,False,0
pay_4250c0b95d6f45,fraud,electronics,3,4,24661.76,False,True,0
pay_cf15ed4d5a1d4d,fraud,apparel,1221,0,4594.13,False,False,0
pay_20d78a5d0a9e4c,not_received,apparel,11,6,1873.9,False,True,0
pay_58095898abb44d,not_received,electronics,364,0,31494.42,False,False,0
pay_6f1e9440ee824d,not_received,electronics,8,2,18464.04,False,True,0
pay_2b766501b78f4d,damaged,electronics,620,0,25947.91,False,False,0
pay_5e69f35e260549,not_received,electronics,1253,0,26125.57,True,False,0
pay_21b2b1e7ff2048,damaged,apparel,1016,0,3700.56,True,False,0
pay_bf60b00031ed4a,fraud,electronics,785,0,19016.22,True,False,0
pay_8783e2d6c1fe46,fraud,electronics,819,0,22441.94,False,False,0
pay_6cea2211f84241,fraud,apparel,1,2,3868.35,False,True,0
pay_075a7db2cdeb49,fraud,electronics,433,0,28295.07,True,False,0
pay_50d360fec1824d,not_received,apparel,8,4,2886.57,False,False,0
pay_bbc9e96c811e40,not_received,digital_services,563,0,3264.61,True,False,1
pay_6104003992f84b,not_received,electronics,190,0,30653.39,True,False,0
pay_62265c28b9fe44,not_received,apparel,107,0,3104.9,True,False,0
pay_e53393cfe50b46,damaged,apparel,1450,0,3081.25,True,False,0
pay_a01db7a4a3544c,damaged,electronics,10,5,21721.37,False,False,0
pay_8490775f93f14c,fraud,apparel,792,1,1838.3,False,False,0
pay_78fec33c702f48,fraud,apparel,247,0,2351.34,False,False,0
pay_dc7ecdcd83eb45,fraud,apparel,242,1,5608.43,True,False,0
pay_9433fec7091a4b,fraud,digital_services,1196,1,3264.98,True,False,0
pay_38d352728a1649,not_received,electronics,232,0,26119.03,False,False,0
pay_22ede2566c4347,not_received,apparel,922,0,2580.72,True,False,0
pay_1e1776aae91342,fraud,apparel,1321,0,3715.73,True,False,0
pay_93e6214925a147,not_received,electronics,35,0,29351.95,False,False,0
pay_e123ce1a06a446,not_received,digital_services,61,0,2858.01,True,False,0
pay_33c68eaaa1b14d,fraud,electronics,6,6,20842.89,False,True,1
pay_aa3ed5f133104d,fraud,apparel,1300,0,2224.73,True,False,0
pay_b2e82a6f39944c,damaged,apparel,13,2,1898.3,False,False,0
pay_f8d22c41c6bc4a,not_received,apparel,1306,0,3985.47,True,True,1
pay_9bc59dd0d9ab42,fraud,electronics,127,0,20162.29,True,False,0
pay_31cc85a9ffdd42,fraud,electronics,117,2,24647.79,True,False,0
pay_e9b6484097bc44,fraud,electronics,1497,0,16113.61,True,False,0
pay_b7f76f1b138c4a,fraud,apparel,1,5,2690.08,False,True,0
pay_26aa867e357441,damaged,electronics,1372,0,26091.97,True,False,0
pay_0251e1f49edd40,fraud,apparel,7,5,3820.61,False,False,0
pay_9f405337a0264a,fraud,electronics,308,0,26426.17,False,False,0
pay_ebc6df678aab4f,fraud,electronics,1129,0,28177.71,True,False,0
pay_133d3628fbed48,not_received,electronics,8,2,26941.68,False,True,0
pay_f0f9489119f044,fraud,apparel,978,2,2233.13,True,False,0
pay_1b4f74066f1841,fraud,apparel,666,0,2851.55,True,False,0
pay_462d82feb31942,not_received,electronics,3,4,24990.02,False,True,0
pay_162e6603128145,not_received,electronics,981,0,16799.36,True,False,0
pay_596b7eff719340,fraud,digital_services,1054,0,1097.69,True,False,0
pay_450fbade163c4c,fraud,electronics,11,5,29045.01,False,True,1
pay_14fb7e5f732841,not_received,apparel,1297,0,4947.0,True,False,0
pay_3acde5321eec47,damaged,apparel,1171,0,2616.99,False,False,0
pay_8e66a7c0d2b542,fraud,electronics,1015,0,26679.83,True,False,0
pay_e99d48e449b442,fraud,apparel,1356,0,2722.32,True,False,0
pay_b6ab5c0068874b,fraud,digital_services,388,0,3491.56,True,False,0
pay_9ba32a9487ad48,not_received,digital_services,1325,1,1115.35,True,True,1
pay_47519775626b4b,not_received,apparel,485,0,1225.08,False,False,0
pay_04d56f99023e41,not_received,apparel,6,4,3643.99,False,True,1
pay_919df90817f049,not_received,electronics,694,0,20738.65,True,False,0
pay_8bec4e08fc7a43,damaged,electronics,302,0,35991.0,False,False,0
pay_c07b4502c5f44d,damaged,electronics,625,0,30059.09,True,False,0
pay_aedbc4e616dc4c,not_received,digital_services,1469,0,3659.28,True,False,0
pay_378cd99e5cdd40,not_received,electronics,5,3,23475.01,False,True,0
pay_b0ae57716a0645,fraud,electronics,6,4,24408.97,False,True,1
pay_f63f779b8f4d4f,not_received,apparel,2,6,2455.43,False,True,1
pay_0c1d019d6c5b4a,not_received,apparel,675,0,2174.69,True,False,0
pay_7c70f7e3dfaa45,not_received,electronics,160,0,22581.34,True,False,0
pay_482910f11e064d,fraud,electronics,1381,0,31047.71,True,False,0
pay_2ae80936274641,not_received,apparel,1214,0,3033.6,True,False,0
pay_add50b17a27d4b,not_received,apparel,8,2,1744.89,False,True,0
pay_bf290ce5051643,not_received,apparel,1,2,2622.89,True,True,1
pay_dccdb39513454f,fraud,electronics,1321,1,20313.81,True,False,0
pay_e9f58ef5f6a846,not_received,apparel,446,0,3286.33,True,False,0
pay_c531b4127c8544,fraud,apparel,1296,0,2184.91,True,False,0
pay_d9daa99db5f441,damaged,electronics,13,5,20629.91,False,False,0
pay_1d395a48528240,not_received,electronics,821,0,21742.75,True,False,0
pay_c3d21568c12847,fraud,digital_services,824,0,2575.62,True,False,0
pay_9b92527a358b4f,fraud,apparel,896,1,2582.52,True,False,0
pay_07df2e346fae41,not_received,electronics,309,0,28173.48,False,False,0
pay_a4698f6e9b5741,fraud,electronics,1063,2,27721.31,True,False,0
pay_94a15db848fb4a,damaged,apparel,1201,2,3553.39,True,False,0
pay_e3dc3ceee4cc49,not_received,apparel,435,0,2649.85,True,False,0
pay_af2521096de242,fraud,digital_services,1226,0,3415.43,True,False,0
pay_4309d8517c114d,not_received,apparel,1105,0,5927.48,True,False,0
pay_8c23a2f285734d,fraud,electronics,304,0,19823.56,True,False,0
pay_2d21f7da15784f,damaged,apparel,1423,0,3103.72,True,False,1
pay_80d83e6bcad74a,fraud,electronics,237,0,16255.88,True,False,0
pay_59dd8a79e2664f,damaged,electronics,7,6,23459.72,False,False,0
pay_4aea42e3dca340,not_received,electronics,589,0,20136.76,True,False,0
pay_bbf75da08ec24f,damaged,electronics,99,0,21647.98,True,False,0
pay_745f25b0f37542,fraud,digital_services,549,0,3559.32,True,False,0
pay_ee346d5016c140,fraud,apparel,1137,0,3814.12,True,False,0
pay_160f7badc5e54d,not_received,electronics,546,0,24521.42,True,False,0
pay_d48dc5fa8d5f44,not_received,apparel,10,5,2035.69,False,True,0
pay_534f428c29e941,fraud,apparel,64,0,2548.47,False,False,0
pay_34fe01a66b5241,fraud,digital_services,556,0,2782.17,False,False,0
pay_e2741a5d6c794d,fraud,digital_services,1472,0,3897.65,True,False,0
pay_306b2d51352e43,not_received,electronics,656,0,26792.12,True,False,0
pay_ca78a649789a4c,fraud,digital_services,1128,0,3509.95,True,False,0
pay_3a5448a316184d,fraud,electronics,190,0,23980.65,False,False,0
pay_e5ed4cebd7cd4a,fraud,electronics,1477,0,28349.11,True,False,0
pay_66cb824b09974f,not_received,electronics,11,6,21623.94,False,True,0
pay_0f7d718fede345,fraud,electronics,985,1,23810.24,False,False,0
pay_965a522f9a984b,damaged,digital_services,1376,0,3156.74,True,False,1
pay_2af04065415d4b,fraud,apparel,5,4,3027.0,False,True,1
pay_1d6f47a218894c,damaged,apparel,6,6,2478.03,False,True,1
pay_25f9ce7b1d3444,not_received,digital_services,320,0,1363.57,False,False,0
pay_3a92efb61f8b4e,fraud,electronics,1,3,18719.26,False,True,0
pay_879fc31418bf49,fraud,electronics,662,0,15257.6,True,False,0
pay_4a91e5af50f747,not_received,apparel,803,1,4356.71,True,False,0
pay_4432a43a72624d,not_received,digital_services,1212,0,2543.07,True,False,0
pay_cffbb253be3e47,not_received,digital_services,845,0,2793.24,True,False,0
pay_5021c32d22544d,fraud,electronics,1113,0,25022.73,False,False,0
pay_d8c629051a5743,damaged,digital_services,1109,1,2395.06,True,False,0
pay_7512fe1a834c4c,damaged,digital_services,421,0,2967.84,True,False,0
pay_dffde00b1c654f,not_received,electronics,99,0,28251.63,True,False,0
pay_78adc4ffe39443,not_received,apparel,900,0,2530.06,True,False,0
pay_f90f056c5d7f40,not_received,electronics,737,1,33784.57,True,False,0
pay_ae774f9c4de347,fraud,apparel,169,0,3840.45,True,False,0
pay_ae5b10ab97dc41,fraud,digital_services,208,0,3302.43,True,False,0
pay_940f913fa7a04b,not_received,apparel,1447,0,5299.29,False,False,0
pay_ce31a77a098342,damaged,apparel,571,1,2522.92,True,False,0
pay_da895ff4401947,fraud,digital_services,132,0,2092.16,True,False,0
pay_60e6a451c74849,not_received,electronics,1227,0,20296.72,True,False,1
pay_61197335bfcb4d,damaged,electronics,489,0,26375.13,True,False,0
pay_e415c416f34842,fraud,electronics,1220,0,26400.3,True,False,0
pay_5c33d1e2ae274c,fraud,apparel,805,1,2313.47,True,False,0
pay_c227ff1dbf8147,not_received,digital_services,216,0,2980.24,True,False,0
pay_a62f9dfc1c6c4f,fraud,apparel,5,2,2036.65,False,True,0
pay_59dd1aeeeb9e4c,fraud,digital_services,867,0,2560.43,True,False,0
pay_5caa33bb435144,fraud,apparel,923,0,2160.12,True,False,0
pay_01b4e67e358e44,fraud,apparel,1359,0,2175.75,True,False,0
pay_74f75f0636674a,damaged,apparel,894,1,1607.5,False,False,0
pay_bc9a1b7d762940,not_received,digital_services,1490,0,3179.91,True,False,0
pay_09f589c16bf54e,not_received,electronics,6,4,21390.53,False,True,1
pay_208200fab4464c,not_received,electronics,381,0,25647.7,False,False,0
pay_0c9c1fec588f4f,damaged,electronics,1297,0,34285.6,False,False,0
pay_657f97ea1fc944,fraud,digital_services,378,0,5697.53,True,False,0
pay_46ad6aa110974c,fraud,digital_services,1467,0,2334.71,True,False,0
pay_64c12b219d624b,damaged,electronics,4,6,28749.6,False,False,0
pay_52f5d2346e8347,damaged,digital_services,1130,0,2617.78,True,False,0
pay_be0aaf67bfc344,fraud,apparel,323,1,1148.22,True,False,0
pay_3986fd97bef345,fraud,apparel,4,3,2606.62,False,True,1
pay_48d57755b3ce4d,not_received,digital_services,59,0,3359.12,True,False,0
pay_fb0ff0e449324d,fraud,apparel,1283,0,2865.53,False,False,0
pay_26aaa2d9668d49,not_received,apparel,8,4,3473.59,False,True,1
pay_c793be76c67f47,fraud,electronics,1,5,28269.74,False,False,0
pay_35281d38082148,fraud,electronics,314,0,14826.6,True,False,0
pay_884ad08d37b24e,not_received,apparel,3,4,4458.42,False,False,0
pay_735b6288862d49,damaged,electronics,6,4,31606.73,False,True,1
pay_290a55e4fd7841,not_received,apparel,177,0,1538.64,True,False,0
pay_a16fbcc857f947,fraud,apparel,444,0,2275.59,False,False,0
pay_0ed99f49586945,damaged,apparel,76,0,1113.55,False,False,0
pay_3488d20ef6be46,not_received,apparel,1136,0,3016.1,True,False,0
pay_f90c9d88493148,fraud,digital_services,1322,0,2860.21,True,False,0
pay_6df8a1fbc7ea42,fraud,electronics,234,0,22279.52,True,False,0
pay_1235ffd5d60e42,fraud,apparel,1354,0,2209.83,False,False,0
pay_21600cf7e2724b,not_received,digital_services,1,6,1172.26,False,True,1
pay_656a0b01569a47,not_received,electronics,12,2,23772.23,False,True,1
pay_58cb756e6b3842,fraud,electronics,798,0,25113.23,True,False,0
pay_c31871a38ab745,fraud,apparel,404,0,2494.88,True,False,0
pay_793e6953c4564a,fraud,apparel,1364,0,832.11,True,False,0
pay_df8d3191d86c45,not_received,electronics,783,1,29755.27,True,False,0
pay_551cd7cbd05c47,fraud,apparel,12,4,3917.27,False,False,0
pay_507cdb1a72954f,fraud,apparel,11,2,4390.97,False,True,0
pay_5375b9c3ab8d46,damaged,apparel,903,0,2659.83,True,False,0
pay_f3ea1376a43c41,not_received,apparel,853,0,2800.22,True,False,0
pay_eab2e58446674e,fraud,apparel,776,0,863.22,True,True,1
pay_f6b9b9df071c49,not_received,apparel,981,1,4198.96,True,False,0
pay_a5da7d63018a4b,fraud,apparel,638,0,1707.07,True,False,0
pay_bbee1d4b2f3b4c,not_received,apparel,205,0,2036.82,True,False,0
pay_b72afc4d505b40,not_received,apparel,362,0,2315.6,True,False,0
pay_df694e386e3741,not_received,digital_services,1276,1,3480.73,True,False,0
pay_90dc7b21adab40,not_received,apparel,109,0,2825.72,True,False,0
pay_aea964dd771743,fraud,apparel,1485,0,3108.07,True,False,0
pay_77de873127814a,not_received,electronics,733,0,26702.93,True,False,1
pay_6e821e355f554a,fraud,digital_services,458,0,1682.32,True,False,0
pay_83c7c7780cee45,fraud,apparel,430,0,4186.14,True,False,0
pay_4d4806fb27044f,damaged,apparel,10,5,3434.01,False,True,1
pay_5d1e5bcd454a46,not_received,apparel,477,0,3815.74,True,False,0
pay_511f697b6c4643,damaged,electronics,508,0,21569.2,True,False,0
pay_0868f9d504ee46,fraud,apparel,1172,0,2215.62,True,False,0
pay_433f34662a304a,not_received,electronics,5,6,18851.48,False,True,0
pay_d0a256212de240,fraud,electronics,1349,0,26332.48,True,False,0
pay_939b8e04ff5c4c,not_received,electronics,349,0,25231.62,False,False,0
pay_183328f1b3f548,fraud,electronics,387,0,16905.55,True,False,0
pay_c8360512df8c46,fraud,electronics,1,5,20700.01,False,True,0
pay_e595336d252a4b,fraud,apparel,141,0,2122.68,True,False,0
pay_a69768baeb6341,not_received,apparel,6,2,2970.64,False,True,0
pay_09eb6b9d7a9d40,fraud,electronics,1424,0,19688.46,True,False,0
pay_03e54b23b8234b,damaged,apparel,464,0,3799.13,True,False,0
pay_53e652c8608749,fraud,apparel,1375,0,3648.57,False,False,0
pay_bda2435bac0549,fraud,electronics,614,0,31503.35,True,False,0
pay_415788b5d6f042,fraud,electronics,1359,0,20994.04,True,False,0
pay_9b32cd85558243,damaged,electronics,1073,0,32172.37,True,False,0
pay_c623d39cbb5b4e,fraud,digital_services,97,0,1800.49,True,False,0
pay_7a281124f9f146,fraud,digital_services,3,5,3178.29,False,True,1
pay_82d5aceb873c45,not_received,apparel,857,0,1046.47,True,False,0
pay_49763ec395f447,fraud,apparel,1,5,4282.69,False,True,1
pay_bf48a2bae40b44,not_received,apparel,477,0,2974.42,True,False,0
pay_3d6ecb2c01044e,fraud,electronics,840,0,18762.87,True,False,0
pay_f99ae677e1b84f,not_received,digital_services,535,0,2660.39,True,False,0
pay_3222772772614b,fraud,electronics,166,0,27769.77,True,False,0
pay_5974ec2b557f4d,not_received,apparel,660,0,4315.46,True,False,0
pay_853c78387e0448,not_received,apparel,827,0,2927.46,True,False,0
pay_b62d9feee45a4a,not_received,apparel,286,0,3070.33,True,False,0
pay_be7736a140cb4b,not_received,apparel,1102,1,2818.41,True,False,0
pay_edd81e8649aa48,damaged,apparel,91,0,4845.53,True,False,0
pay_fce888daba554c,fraud,electronics,815,0,29337.36,True,False,1
pay_b1f428843c9c46,fraud,electronics,13,3,28198.74,False,True,0
pay_a1ee5f6efbba40,not_received,digital_services,663,2,2992.03,True,False,0
pay_5e61793cb9b24e,not_received,apparel,1453,0,2484.09,True,False,0
pay_e3a4394d9eef43,fraud,digital_services,658,0,3881.07,False,False,0
pay_234a838342954c,not_received,apparel,667,0,1047.76,True,False,0
pay_cce4352a09b645,fraud,apparel,726,0,2882.37,True,False,0
pay_4f99930929bc47,not_received,apparel,10,6,3506.56,False,True,0
pay_93f6ae96268645,damaged,electronics,1121,2,25671.46,True,False,0
pay_2eaa00ab7f6f4e,not_received,apparel,684,0,2336.71,True,True,1
pay_9c5d30f9a70549,fraud,digital_services,10,6,2735.5,True,True,1
pay_dc4af0016aa442,not_received,digital_services,7,5,3243.16,False,False,0
pay_45c67fde75114f,not_received,apparel,1117,0,4226.24,True,False,0
pay_ebe28a9faaf348,fraud,apparel,1018,0,2446.44,True,False,0
pay_9c0d2b45b5b042,not_received,digital_services,1014,0,2431.76,True,False,0
pay_efaa0d07dd3d45,damaged,apparel,272,0,968.65,True,False,0
pay_d69bceab6fa74e,fraud,digital_services,746,0,891.03,True,False,0
pay_b7155dd971cb48,fraud,apparel,433,0,3125.75,False,False,0
pay_b384154cc2e94d,fraud,digital_services,1087,0,2333.39,True,False,0
pay_8121b07be4a44b,not_received,electronics,1200,0,25121.6,True,False,0
pay_2588a0240e1645,damaged,apparel,916,0,2010.77,False,False,0
pay_2c3fac978d3946,not_received,electronics,283,0,25917.6,True,False,0
pay_9944354bf94043,fraud,apparel,104,0,2621.15,True,False,0
pay_82a8b5c0758c46,not_received,apparel,1274,0,3804.73,True,False,0
pay_f038561d641b43,not_received,electronics,121,0,18594.19,True,False,0
pay_aad4d4eaa9e34b,not_received,apparel,1,4,1833.33,False,True,1
pay_51351165ee0c48,fraud,electronics,239,0,15030.84,True,True,1
pay_ba661c6572c94e,not_received,electronics,206,1,23753.1,True,False,0
pay_7bd1106a98634f,not_received,electronics,305,0,23797.63,True,False,0
pay_405d58a25f9b41,fraud,apparel,1337,0,3504.61,True,False,0
pay_8bb101d054f244,not_received,electronics,165,0,32121.37,True,False,0
pay_795d0f39d51c4f,damaged,electronics,901,0,26511.51,True,False,0
pay_73f40ceeed9e49,fraud,electronics,1477,0,26148.26,False,False,0
pay_570be8a6a98a48,damaged,electronics,203,0,18980.28,True,False,0
pay_b9bbb69c72ac4d,fraud,electronics,6,3,23841.58,False,True,1
pay_6cdaa8c2475a4d,not_received,apparel,758,2,2336.98,True,False,0
pay_f9dafd85cd264a,fraud,apparel,228,0,2676.05,False,False,0
pay_c756e162c6a44f,fraud,digital_services,57,0,2570.88,True,False,0
pay_38b8af8c982043,not_received,electronics,1334,0,23439.1,True,False,0
pay_c9f4adc9be6542,not_received,digital_services,469,1,4097.77,True,False,0
pay_364ed1e3607e45,not_received,electronics,249,0,25827.23,True,False,0
pay_a7fe8aa285ff4b,not_received,electronics,915,0,23083.12,True,False,0
pay_9addd2db74ef48,not_received,electronics,1027,0,20786.59,True,False,0
pay_b2346feb55dd44,damaged,electronics,1130,0,31030.66,True,False,0
pay_9994fb21d21942,not_received,apparel,251,0,1958.38,False,False,0
pay_c045c84c9d2541,fraud,apparel,132,0,2963.74,True,False,0
pay_4ef27ec7352e47,fraud,digital_services,613,0,1089.53,True,False,0
pay_269445d9aab742,fraud,digital_services,1376,0,2650.86,False,False,0
pay_6f30f457cfa04c,not_received,apparel,493,0,2853.67,False,False,0
pay_4a237728d83f49,fraud,apparel,13,5,3647.94,False,True,0
pay_f6f23d7c22744f,fraud,apparel,1315,0,3856.4,True,False,0
pay_3909267fbfa14f,fraud,digital_services,1392,0,1500.19,True,False,0
pay_8d00284aeecb40,not_received,apparel,1091,2,3759.71,True,False,0
pay_b23a6ae5bf3744,fraud,electronics,503,1,30045.17,True,False,0
pay_2a264672d0084b,fraud,apparel,431,0,3674.91,False,False,0
pay_f4019a7bfe8f47,not_received,apparel,1201,0,3764.98,True,False,0
pay_af56b84609964e,not_received,apparel,1035,0,2390.78,True,False,0
pay_4da21308dd2046,fraud,digital_services,2,3,2208.85,False,True,1
pay_8073ef534d524a,not_received,apparel,622,0,2403.04,True,False,0
pay_e511e89a01f041,fraud,digital_services,59,0,1975.75,True,False,0
pay_058000b2d8db4a,damaged,digital_services,144,0,2971.94,True,False,0
pay_49f2a55602e248,fraud,electronics,1176,0,26294.48,True,False,0
pay_aee63a627a654b,damaged,electronics,1206,0,27872.15,True,False,0
pay_a80ebf3a97404b,damaged,electronics,13,3,38119.55,False,True,1
pay_2b123cca51864d,not_received,digital_services,1325,0,1847.06,True,False,0
pay_30353aa9f9bc4d,fraud,electronics,1123,0,20096.52,True,False,0
pay_ddd8f2f94f6740,not_received,apparel,1245,0,3637.94,True,False,0
pay_5721589c0d484a,fraud,apparel,1497,0,1107.39,True,False,0
pay_a5df95fa64d741,damaged,apparel,262,0,1586.29,True,False,0
pay_51584c1814a84c,not_received,electronics,11,6,24079.62,False,True,1
pay_797204a95ba543,damaged,electronics,980,0,22743.12,True,True,1
pay_3d49f6d20be246,not_received,electronics,1237,0,31351.09,True,False,0
pay_1f248556b3f446,not_received,apparel,302,0,3553.51,True,True,1
pay_4db80a50150040,not_received,electronics,544,0,30961.3,True,False,0
pay_34a0e86198644b,fraud,digital_services,8,6,2190.75,False,False,0
pay_bb0ecc35ce4d47,not_received,electronics,1407,1,25565.99,True,False,0
pay_d02eb7e47c6648,not_received,apparel,1466,0,2422.85,True,False,0
pay_95875598221442,damaged,digital_services,1045,0,2703.05,True,False,0
pay_797f2b6206b84b,not_received,apparel,8,5,2545.42,False,False,0
pay_5c97353c399b4e,damaged,electronics,312,0,23818.38,True,False,0
pay_9366c0c879ae47,damaged,digital_services,105,0,3128.43,True,False,0
pay_cfcb92d6cc8346,not_received,electronics,384,0,20506.52,True,False,0
pay_4fd9acc3cf1949,fraud,electronics,2,3,34308.68,False,True,0
pay_88169e26d2fa4c,not_received,electronics,1067,0,29717.81,True,False,0
pay_af068103674b42,not_received,electronics,1109,0,20701.04,True,False,0
pay_72371bd247964f,fraud,apparel,51,0,1815.71,True,False,0
pay_72ac084df98d4c,fraud,apparel,518,2,3401.03,True,False,0
pay_c82ac2dbc4fe4a,damaged,apparel,954,0,4320.91,True,False,0
pay_e4dd7aefb65542,fraud,electronics,67,0,24611.31,True,False,0
pay_da2c6d39e89d47,not_received,apparel,1017,1,3745.83,True,False,0
pay_9745c4fbae4448,damaged,electronics,119,1,24024.16,True,False,1
pay_74a041ec1f9f47,not_received,electronics,630,1,32235.69,True,False,0
pay_9830bcfd450e46,not_received,electronics,669,1,27830.51,True,False,0
pay_e33412408beb44,not_received,apparel,1307,0,2184.65,False,False,0
pay_9aff66ce99c147,not_received,apparel,1489,1,2657.29,True,False,0
pay_2ef9f73b17e143,fraud,electronics,931,0,22970.45,True,False,0
pay_42aeb3790d4047,damaged,digital_services,601,0,3410.54,True,False,0
pay_f67c4b079c7240,not_received,electronics,856,0,18279.53,True,False,0
pay_9c76bb2c936f49,not_received,apparel,268,0,3588.69,True,False,0
pay_9d048a53696843,not_received,electronics,1144,0,23974.65,True,False,0
pay_1824d5f96ab347,fraud,apparel,1045,0,3174.31,True,False,0
pay_88dd2a583e7c48,damaged,apparel,12,4,2594.28,False,True,1
pay_d9121f4a155b4c,not_received,apparel,942,0,2843.3,True,False,0
pay_a8299cd1279146,fraud,electronics,80,0,25372.26,True,False,0
pay_9ed6e3798d3741,damaged,apparel,852,0,2683.83,True,False,0
pay_c80f3b5bf5ac4e,not_received,apparel,1,2,3481.15,False,True,0
pay_5e190f3f24b440,not_received,apparel,754,0,3728.29,True,True,1
pay_1b2d1480e81945,not_received,electronics,1258,0,31736.13,False,False,0
pay_59de86a24e324a,fraud,electronics,895,0,23797.08,False,False,0
pay_ccf5c75825ce46,not_received,electronics,392,0,25619.48,True,False,0
pay_e8b91bc5224d49,fraud,electronics,7,6,18952.97,False,True,0
pay_48df6a1060ae4f,not_received,electronics,535,0,27838.86,True,False,0
pay_0952d299d36945,not_received,electronics,533,0,27900.17,True,False,0
pay_4c90c8ec617144,damaged,apparel,804,0,1520.32,True,False,0
pay_b983ab11a31f43,not_received,apparel,1180,0,2917.19,True,False,0
pay_63931a2a6d3844,fraud,apparel,6,2,2938.55,True,True,1
pay_3dff0201ddda49,damaged,apparel,1430,0,3726.98,True,False,0
pay_aca7a86b89ee44,not_received,apparel,624,0,1303.55,True,False,0
pay_5def1302791943,not_received,apparel,1353,0,2726.45,True,False,0
pay_4404228f3cf64e,fraud,digital_services,581,0,2347.47,True,False,0
pay_bdf943c3b6c94b,damaged,apparel,226,0,1699.45,True,False,0
pay_658a2c5e6ad348,damaged,apparel,1134,0,3525.49,True,False,0
pay_f2561ba65e5d47,not_received,digital_services,6,5,3198.77,False,True,0
pay_7b3cb79a65024b,damaged,electronics,2,4,27482.72,False,True,1
pay_f3e12c79723543,fraud,apparel,856,0,2824.1,False,False,0
pay_682b7259369244,damaged,electronics,335,1,20966.43,False,False,0
pay_206a5c47b8d244,not_received,digital_services,40,1,2684.48,True,False,0
pay_106bc068af4948,fraud,apparel,1162,2,3170.13,True,False,0
pay_0ce46c901a7145,not_received,apparel,9,3,2365.0,False,True,0
pay_03ba5d0c0c0647,not_received,apparel,5,2,4144.74,False,True,0
pay_c9a8375b64cd4f,fraud,apparel,177,1,923.2,True,False,1
pay_cd2fd269393247,fraud,apparel,443,0,3966.23,True,False,0
pay_a4b34d362c144f,fraud,digital_services,192,0,3879.18,True,False,0
pay_ca2384d4149a41,fraud,apparel,2,2,2452.79,False,True,0
pay_c05d16d695554f,fraud,digital_services,7,6,1835.12,False,True,0
pay_ef3f5671e57846,fraud,apparel,600,0,3662.07,True,False,0
pay_52242528c61849,fraud,apparel,1104,0,2256.26,True,False,0
pay_839af7e873924c,damaged,electronics,809,0,22264.96,True,False,0
pay_bc1c6ba9768a42,not_received,electronics,75,0,27151.69,True,False,0
pay_85c5996be6c140,fraud,digital_services,1209,0,3336.04,True,False,0
pay_6178e330ca1740,damaged,apparel,394,0,3620.15,True,False,0
pay_7c850a7e400c43,not_received,apparel,424,0,4713.33,True,False,0
pay_a268d10f51b847,not_received,apparel,639,0,2480.47,True,False,0
pay_9d52fffb06354e,not_received,electronics,1068,0,21902.93,True,False,0
pay_1510e3f61cf841,not_received,apparel,965,0,1178.28,True,False,0
pay_8c5985d8c9a143,fraud,electronics,1072,0,24779.12,True,False,0
pay_7bf434ab2dbd42,fraud,digital_services,466,0,3305.64,True,False,0
pay_6a54b81368254b,not_received,apparel,679,1,523.11,True,False,0
pay_7d563b674e6149,not_received,digital_services,947,1,2336.18,True,False,0
pay_0f90f793116b4a,not_received,apparel,30,0,2802.84,True,False,0
pay_1dd58898e29c4a,fraud,electronics,1174,0,22615.07,True,False,0
pay_2c6407f60f7740,not_received,digital_services,7,6,2718.83,False,True,1
pay_5a1e03f83de44b,not_received,electronics,1208,0,20469.97,True,False,0
pay_d20367d3e6ea41,damaged,apparel,1345,2,2420.74,True,False,0
pay_7a3b7146dcc040,fraud,electronics,136,0,28865.38,True,False,0
pay_8f051fdfd13349,damaged,apparel,574,1,4002.48,True,False,0
pay_db84ec50822d45,damaged,electronics,4,5,21970.85,False,True,1
pay_6a0a7623d68141,not_received,apparel,220,0,3785.7,False,False,0
pay_503fff3186a744,not_received,digital_services,13,5,3321.64,False,True,0
pay_b20a8377ad0940,fraud,apparel,171,1,3954.42,True,False,0
pay_69c5e2d0aa8644,damaged,electronics,499,0,17055.18,True,False,0
pay_a20454b9175442,fraud,apparel,701,2,2549.57,True,False,0
pay_1868f993720c4a,not_received,digital_services,1064,0,1979.32,True,False,0
pay_3681fb67f9514a,fraud,electronics,915,1,29059.44,True,False,0
pay_5fce6768dde640,not_received,electronics,515,0,28361.71,True,False,0
pay_3d86826423184a,not_received,electronics,1402,0,20241.98,True,False,0
pay_f060c731cbb441,damaged,apparel,912,0,3496.95,True,False,0
pay_396a58e5195444,not_received,apparel,145,1,2928.69,True,False,0
pay_31982259bc0d4b,damaged,apparel,606,0,1373.38,True,False,0
pay_dd806bb9295148,not_received,apparel,1230,0,3720.08,True,False,0
pay_0a3d8ae5df3544,fraud,apparel,9,3,3172.55,False,True,0
pay_7b302244995748,fraud,apparel,1137,0,1629.55,True,False,0
pay_878d8c545ec64c,not_received,apparel,3,3,2130.49,True,True,1
pay_89ab4e62d6e34e,fraud,electronics,959,1,19778.09,False,False,0
pay_3bcfee6dab2345,not_received,electronics,1237,0,25399.46,True,False,0
pay_3ddba0fd59e843,fraud,electronics,9,6,27588.26,False,True,1
pay_cc8631f98a4c42,not_received,digital_services,452,0,2123.9,True,False,1
pay_f6523a59784f4c,not_received,apparel,647,0,1128.74,True,False,0
pay_a047fd032e0b44,not_received,electronics,521,0,27746.72,True,False,0
pay_13ea8bfec3364c,fraud,electronics,660,0,30781.19,True,False,0
pay_62dac0807e4a4f,fraud,apparel,13,5,2536.86,False,True,0
pay_eb59b8b89b3545,fraud,apparel,1284,0,3443.53,True,False,0
pay_3b55543c70ef44,fraud,electronics,64,0,29250.79,True,False,0
pay_ea66ad1ce4a04f,not_received,electronics,694,0,27791.54,True,False,0
pay_9f1d74a431d047,not_received,electronics,338,0,27383.39,True,False,0
pay_b19eff0a7f014a,fraud,apparel,9,5,2470.89,False,True,1
pay_55badc33e85f47,not_received,electronics,1082,0,28707.43,True,False,0
pay_fa92e91e0bb246,not_received,apparel,1374,1,3004.23,True,False,0
pay_0ef4257cf4a44c,fraud,digital_services,7,6,1421.0,False,True,1
pay_e5c174a4a0d243,not_received,electronics,7,2,28469.98,False,True,0
pay_2482efa5748a48,fraud,electronics,306,0,32578.69,True,False,0
pay_3d965bb262bc4e,not_received,electronics,110,0,18487.53,True,False,0
pay_c5bb68e660db40,not_received,apparel,281,0,1377.13,True,False,0
pay_b5320a26c5a342,fraud,apparel,551,0,2768.44,True,False,0
pay_6863409f7df347,not_received,electronics,359,1,27498.37,True,False,0
pay_a3e6f48aeeca4a,not_received,electronics,798,0,21339.44,True,False,0
pay_7debb60df6a546,fraud,apparel,1065,0,1734.49,True,False,0
pay_8abdb198378741,not_received,apparel,1004,0,3145.56,True,False,0
pay_d653fe7ed28b42,not_received,electronics,12,2,30408.11,False,True,0
pay_d6dd77f74e4445,not_received,electronics,382,0,19540.73,True,False,0
pay_57f9df4fea4e40,not_received,apparel,867,0,3859.51,True,False,0
pay_b941649254af4f,damaged,electronics,1291,0,29108.37,True,False,0
pay_6fa629b73ef545,damaged,electronics,3,4,26619.14,False,True,1
pay_333c2d5837f14f,not_received,apparel,4,4,5135.5,False,True,0
pay_e14f998b1e9a44,damaged,electronics,12,6,22241.78,False,False,0
pay_e36835665f8644,fraud,digital_services,1340,1,3765.0,True,False,0
pay_0274a8f7e4544f,not_received,apparel,9,4,3232.08,False,False,0
pay_5c27a87cb2664d,fraud,electronics,254,0,11911.14,True,False,0
pay_e2f49085968344,fraud,apparel,3,4,4648.19,False,True,1
pay_a628f5f2819d40,not_received,apparel,1140,0,1450.24,True,False,0
pay_00d2205e4b484c,not_received,electronics,5,6,24628.85,False,True,0
pay_25401fa13b994c,not_received,electronics,1401,0,21189.14,True,False,0
pay_f9d599854e8240,not_received,apparel,697,1,2893.98,True,False,0
pay_b605cfb18efe47,not_received,apparel,750,0,3722.31,False,False,0
pay_d3a295e3d2a947,not_received,apparel,1410,0,2794.33,True,False,0
pay_3cd994565c7140,fraud,electronics,43,0,25598.42,True,False,0
pay_8f348eb4f8c142,fraud,digital_services,630,0,2185.96,False,False,0
pay_9988c706ac2641,fraud,apparel,1250,0,4829.54,True,False,0
pay_838bfe55e9c24e,not_received,apparel,11,3,5347.35,False,True,1
pay_0acce736a3a844,fraud,apparel,532,0,4533.75,True,False,0
pay_ce57a0cb5b3f42,fraud,electronics,6,4,16348.06,False,True,0
pay_d05f043433ff48,not_received,digital_services,660,0,1797.8,True,False,0
pay_700a1fc7ea3f4e,not_received,electronics,345,0,23354.22,True,False,0
pay_b3367849666d45,not_received,apparel,353,0,1828.52,True,False,0
pay_11b6a8e52edc49,fraud,apparel,772,0,3120.38,True,False,0
pay_3ebd5911e12e48,not_received,digital_services,128,0,2966.46,True,False,0
pay_db0ac1f69aa540,not_received,apparel,664,0,2916.48,True,False,0
pay_ce049e3cc2674f,damaged,apparel,11,2,3020.87,False,False,0
pay_861e32e1289f48,not_received,digital_services,615,0,2937.07,True,False,0
pay_618e0c42c69940,fraud,digital_services,1492,0,3680.77,False,False,0
pay_a869b347e20146,not_received,electronics,738,0,31482.9,True,False,0
pay_8512a1ecffef47,fraud,electronics,619,0,19744.15,True,False,0
pay_2f736813b03348,fraud,apparel,1055,0,4496.82,True,False,0
pay_0b0509ea859046,fraud,digital_services,8,6,3221.19,False,True,1
pay_9a123e97d8b140,not_received,apparel,1,2,5450.07,False,True,0
pay_032e911ed2224d,not_received,electronics,1343,0,22953.56,False,False,0
pay_be4448f957f742,not_received,apparel,1185,0,1816.61,False,False,0
pay_47d41cb9900143,not_received,electronics,1449,0,26799.74,True,False,0
pay_4fedfe2e0e314f,fraud,apparel,1194,0,2050.45,True,False,0
pay_93b51faa79e240,not_received,electronics,614,2,32645.28,True,False,0
pay_9c226638e0e745,not_received,apparel,1185,0,2930.3,False,False,0
pay_4a376f42d30d44,not_received,digital_services,1,5,3340.88,False,True,1
pay_c2106322c48c4a,not_received,apparel,1481,0,1687.44,True,False,0
pay_31deee0f814d47,fraud,electronics,341,1,26144.25,True,False,0
pay_04ba184293d94a,not_received,apparel,91,0,2886.16,True,False,0
pay_aaad295bc45642,not_received,electronics,1295,1,18592.51,True,False,0
pay_5a904a9744f94c,not_received,apparel,6,3,2322.24,False,True,1
pay_3c4da0be6d1842,not_received,apparel,1075,0,5580.86,False,False,0
pay_c6cf006952974d,damaged,apparel,1409,0,2187.59,True,False,0
pay_a3fc775b5c7c48,fraud,digital_services,297,0,2661.63,True,False,0
pay_ac16d1dca1884f,not_received,electronics,461,0,25302.97,True,False,0
pay_4b3b2a490ab246,not_received,digital_services,1355,2,3570.48,True,False,0
pay_2f5ac319abdc4f,fraud,electronics,485,0,28113.77,True,False,0
pay_e03bf8c5695846,fraud,apparel,1462,0,2599.67,True,False,0
pay_4d7872a20cab4f,not_received,electronics,152,0,24965.73,False,False,0
pay_34170a2d61a446,fraud,electronics,71,0,14584.89,True,False,0
pay_fcd5b80e967d4d,fraud,apparel,12,4,4056.42,False,True,1
pay_573b466be4cd46,damaged,electronics,1384,0,22273.46,True,False,0
pay_0463910800ff4a,not_received,electronics,340,0,26541.9,True,False,0
pay_060ffb3e5da740,fraud,electronics,365,0,22373.49,False,False,0
pay_b387ab39831349,not_received,apparel,622,0,2306.19,True,False,0
pay_629d529bf9db4c,not_received,electronics,1415,0,33969.29,True,False,0
pay_567be27a7b8a4e,damaged,apparel,1249,0,2419.33,True,False,0
pay_e91b9238af2b4d,not_received,apparel,1165,1,3127.88,True,False,0
pay_ca6c321ae59147,damaged,apparel,4,5,2940.11,False,False,0
pay_7e9e7dcba95344,fraud,electronics,951,0,17180.93,False,False,0
pay_5b4bec6d228749,not_received,apparel,10,6,5330.36,False,True,0
pay_b2c6cfc1e4944c,fraud,apparel,1315,0,3147.57,False,False,0
pay_a82489c89be24e,fraud,apparel,593,0,2330.71,True,False,0
pay_f71c9af7a17c49,not_received,apparel,87,0,2406.79,True,False,0
pay_ab28ecf8b91f47,fraud,electronics,3,4,27124.71,False,True,0
pay_b20a9fda853a41,not_received,apparel,1256,0,3101.17,True,False,0
pay_25bd323231c54d,damaged,electronics,831,0,29743.63,True,False,0
pay_97c29966afa346,fraud,electronics,368,1,21829.36,True,False,0
pay_9f39bbe973ef42,fraud,electronics,1172,0,20518.41,True,True,1
pay_a00e6b73c4554b,not_received,digital_services,788,0,3920.2,True,False,0
pay_dc5f05f66e704b,damaged,apparel,781,0,3931.16,True,False,0
pay_677c1dcf8bef40,not_received,digital_services,900,0,2067.57,True,False,0
pay_2db4bdcd615043,not_received,digital_services,651,0,424.91,True,False,0
pay_ecb90e64223f49,fraud,digital_services,297,0,1381.48,True,False,0
pay_c80220f69f3549,fraud,electronics,793,1,17806.73,True,False,0
pay_bd566a741ac64d,not_received,apparel,1046,0,1610.15,True,False,0
pay_298cefeece4b4f,fraud,apparel,486,0,1081.75,True,False,0
pay_4f720be891dc47,damaged,apparel,1220,0,2707.6,False,False,0
pay_13c1b9d80e564e,not_received,electronics,1341,0,22935.31,True,False,0
pay_a21b789925e043,not_received,electronics,647,0,32096.87,True,False,0
pay_369afb3769284d,not_received,apparel,307,0,3225.77,True,False,0
pay_81a0b8a88f174b,not_received,digital_services,501,1,3347.65,True,False,0
pay_70e3a89d9df347,not_received,apparel,208,0,2924.39,False,False,0
pay_79982ab6c1824a,damaged,electronics,120,0,17214.49,True,False,0
pay_d7d247ca81184e,damaged,digital_services,1231,2,2580.15,True,False,0
pay_b1a0a48cc1304c,damaged,electronics,430,0,21953.29,True,False,0
pay_e46022e2e36d40,damaged,digital_services,1482,0,2251.76,True,False,0
pay_3f0c71c8acb24e,not_received,digital_services,728,0,3427.1,True,False,0
pay_33f2406ecac34e,not_received,apparel,457,1,2036.74,False,False,0
pay_b3e672c112d04f,fraud,apparel,1,5,3334.89,False,False,0
pay_6beb0c7b89f24f,fraud,apparel,10,6,3225.52,False,True,0
pay_c6e0a46d663c43,fraud,apparel,522,0,2209.1,False,False,0
pay_da541056e00349,fraud,electronics,845,0,26732.24,True,False,0
pay_a123680b171e47,not_received,apparel,59,0,2114.18,False,False,0
pay_a1c3ac925c3c4e,fraud,electronics,129,0,20957.13,True,False,0
pay_ed31b5b47d4749,damaged,apparel,240,0,1352.41,True,False,0
pay_ea6cc93be9a446,damaged,apparel,10,5,1832.76,False,True,1
pay_7aec1271445f43,fraud,electronics,945,0,28768.94,True,False,0
pay_f55dc910fa8a48,fraud,digital_services,1448,0,1791.79,True,False,0
pay_07c65a000ebf4e,damaged,apparel,10,3,1629.69,False,True,1
pay_0258206249dd48,damaged,apparel,773,0,3391.45,False,True,1
pay_60805c4af05e4a,damaged,electronics,831,0,24246.16,True,False,0
pay_711f7c7935c74e,damaged,apparel,707,0,795.46,True,False,0
pay_ec8e497d1b3743,damaged,electronics,1454,0,19444.87,True,False,0
pay_b277aafd638344,not_received,electronics,1102,0,26090.83,True,False,0
pay_0f318d0c7e0147,fraud,electronics,628,0,24624.9,True,False,0
pay_20bb74c8746348,not_received,electronics,996,0,32165.01,True,False,0
pay_f2ee1165272d49,fraud,apparel,1168,0,3453.59,True,False,0
pay_ef5974649cae47,damaged,apparel,263,0,2846.13,True,False,0
pay_d215847666bf43,not_received,apparel,469,0,2482.74,True,False,0
pay_66b7392655cf4b,not_received,apparel,8,4,1907.28,True,True,1
pay_8137529e12604c,fraud,digital_services,3,3,3637.46,False,True,0
pay_f0b63065c11345,not_received,electronics,10,2,18486.54,False,True,0
pay_9c47b88e2e4444,not_received,apparel,1042,0,2272.08,True,False,0
pay_62c69a6f96004c,damaged,digital_services,659,0,3717.37,True,False,0
pay_dafd778f1d674f,fraud,electronics,1134,0,25401.21,True,False,0
pay_3285547f459947,damaged,apparel,1459,0,2059.08,True,False,0
pay_a5842cfbcbbc41,damaged,apparel,336,1,1443.19,True,False,0
pay_2ac4c91670584d,not_received,electronics,592,1,26800.33,True,False,0
pay_85b6b87f836144,not_received,electronics,429,2,28147.91,True,False,0
pay_9a904b21f7a344,not_received,apparel,12,2,3784.16,False,True,0
pay_5ca21accaf1d47,fraud,apparel,1010,1,3023.93,True,False,0
pay_3d300e3f8c5e4b,fraud,electronics,325,0,31041.69,True,False,0
pay_498f8fa90d5747,damaged,apparel,933,0,1682.56,True,False,0
pay_0af1c34f752948,not_received,apparel,1380,0,2922.9,True,False,0
pay_5579c86c9b5843,fraud,electronics,868,0,20682.9,True,False,0
pay_70b12c27bd2849,not_received,apparel,2,5,3948.72,False,True,1
pay_cc9c7326b7d644,not_received,apparel,797,0,3562.47,True,False,0
pay_6694f4163db244,fraud,electronics,1288,0,26045.38,True,True,1
pay_e78fca8c75444b,not_received,apparel,1394,0,4016.11,True,False,0
pay_4b1efaadb2ed42,fraud,electronics,1197,0,27898.54,True,False,0
pay_5e7c8aba277342,fraud,electronics,1289,0,25645.93,True,False,0
pay_7bcf9622ed8f40,not_received,electronics,565,0,29284.51,True,False,0
pay_f24fe0f2c2384a,not_received,digital_services,296,0,2124.43,False,False,0
pay_0899ecb0eea24c,fraud,digital_services,868,2,5018.55,False,False,0
pay_29777281177948,not_received,apparel,770,0,2808.71,True,False,0
pay_5f4b4f20c16448,fraud,apparel,668,0,1569.95,True,False,0
pay_5ab04c8e77b748,fraud,electronics,838,0,28283.9,True,False,0
pay_af9361d5a92342,fraud,apparel,801,0,2896.98,True,False,0
pay_04c99effdc7f4d,fraud,electronics,915,0,18554.33,True,False,0
pay_7720926f74c045,fraud,apparel,6,3,3385.74,False,True,0
pay_851fde141dc042,damaged,digital_services,667,0,2474.71,True,False,0
pay_41b1d59c1b7e4c,not_received,electronics,792,2,30580.32,True,False,0
pay_bc7877601dd943,fraud,apparel,1454,0,3154.76,True,False,0
pay_c3695dd5220040,fraud,apparel,560,0,2792.9,True,False,0
pay_49a28ae6139345,fraud,electronics,108,0,29370.35,False,False,0
pay_435fe03273d549,not_received,apparel,1364,0,4291.06,True,False,0
pay_a228edc4604646,fraud,apparel,7,5,3547.02,False,True,0
pay_b0da99ac5edd44,fraud,apparel,8,2,4249.41,False,False,0
pay_52da70295ec24e,not_received,electronics,266,0,19340.78,False,False,0
pay_05b38a93f27045,not_received,apparel,9,2,4891.27,False,True,0
pay_305052f9d82c4e,fraud,digital_services,917,0,3147.06,True,False,0
pay_16410a2f64e14a,not_received,apparel,158,0,3018.56,False,False,0
pay_7beea8fab8e340,fraud,apparel,46,2,3256.09,True,False,0
pay_614b528a42d34d,fraud,electronics,196,0,17666.3,True,False,0
pay_643649a86d504a,not_received,electronics,86,2,32970.76,True,False,0
pay_f43c5d0c16a74a,not_received,digital_services,9,6,3870.08,False,True,0
pay_1110b1da963944,not_received,electronics,1359,0,22238.9,True,False,0
pay_83780e6e179246,fraud,digital_services,11,6,3074.6,False,False,0
pay_3044cba1f5db4d,not_received,electronics,567,0,18145.77,True,False,0
pay_bb9f23c795f047,fraud,electronics,830,0,18727.01,True,False,0
pay_7e795d4dafe249,not_received,electronics,1211,0,29610.12,True,False,0
pay_9f62f81b2b9645,not_received,apparel,635,0,1456.49,True,False,0
pay_3fa674f1e1f142,fraud,apparel,449,0,2110.38,True,False,0
pay_c4d972058c7849,not_received,digital_services,50,0,1894.28,True,False,0
pay_ff1020346baf4d,not_received,electronics,450,1,25410.62,True,False,0
pay_92191003733b43,fraud,electronics,1466,0,19520.58,True,False,0
pay_04a80ee4be4a43,damaged,apparel,7,2,4016.7,False,True,1
pay_d1485d6b86894b,damaged,apparel,1233,0,3986.67,False,False,0
pay_d94615976b164a,fraud,electronics,10,5,25077.91,False,True,1
pay_41ae80e3ef6149,damaged,electronics,114,0,27341.03,True,False,0
pay_9390160ea5f343,not_received,electronics,149,0,27354.26,True,False,0
pay_3e955500142447,not_received,apparel,2,5,3196.62,False,True,0
pay_683d0df05a764d,damaged,apparel,940,0,4314.42,True,False,0
pay_3ad34aa0febf4b,not_received,apparel,356,2,3397.33,True,False,0
pay_3b68be189dd948,fraud,electronics,312,0,27494.06,True,False,0
pay_9477a48375a549,damaged,digital_services,6,5,1255.44,False,True,1
pay_c0a8191f45814e,fraud,electronics,5,5,29821.67,False,True,1
pay_e663d59948c845,fraud,electronics,978,0,26299.46,True,False,0
pay_67edba7b16d040,fraud,apparel,90,0,4467.35,True,False,0
pay_7334023e67834f,damaged,apparel,6,4,1714.49,False,True,1
pay_f94ff2da0e784e,damaged,electronics,772,0,24041.62,True,False,0
pay_5f7df8556a6f47,fraud,digital_services,4,4,3583.14,False,True,0
pay_3b31584772074d,damaged,apparel,795,0,1584.3,True,False,0
pay_0f8dbc7ac46542,fraud,electronics,74,0,28230.68,True,False,0
pay_53cfcbfde92b48,damaged,apparel,1467,0,3114.54,True,False,1
pay_d691c2cdfd3245,not_received,apparel,1144,0,704.59,True,False,0
pay_e61f6e775ad54a,fraud,apparel,670,0,2620.1,True,False,0
pay_ee02f92ab74245,fraud,digital_services,958,0,4455.35,True,False,0
pay_7eb13abcad6747,fraud,apparel,420,0,3178.11,True,False,0
pay_39e2d4ce3c974d,fraud,electronics,1416,0,26079.3,False,False,0
pay_cddd93e8af9e4f,not_received,apparel,1243,2,2065.32,True,False,0
pay_0a2fbf15f4a248,fraud,apparel,4,5,4532.09,False,True,1
pay_dc3c5330929640,damaged,apparel,848,0,1782.67,True,False,0
pay_10fff127d7894a,not_received,electronics,866,0,27672.17,True,False,0
pay_5c9078e35d474c,not_received,digital_services,1394,0,4475.78,False,False,0
pay_4b172bb23ce04f,fraud,apparel,1108,0,2599.39,True,False,0
pay_0c388abf389f47,damaged,apparel,143,0,3132.32,True,False,0
pay_38b76e0cde7d4b,not_received,apparel,1363,0,3246.16,True,False,0
pay_0ceb75a809fe46,damaged,apparel,364,0,3068.33,True,False,0
pay_9fab0a16aa3f4b,damaged,electronics,628,0,20773.83,True,False,0
pay_860f52f573a445,fraud,digital_services,338,1,1785.96,True,False,0
pay_c2a047de4ba44a,fraud,electronics,1454,0,25806.82,True,False,0
pay_040aa414e78d44,damaged,apparel,763,0,2846.53,True,False,0
pay_0e08f296bfa449,damaged,apparel,863,0,2737.28,True,False,0
pay_fd1d6d9022d846,not_received,apparel,799,0,3809.67,True,True,1
pay_29e3c129047844,fraud,apparel,382,0,3511.97,True,False,0
pay_f20b0cda980b40,not_received,electronics,146,0,15028.67,True,False,0
pay_fa91f115ac884a,fraud,apparel,1329,0,2980.96,True,False,0
pay_d71112ee1c0f4f,fraud,digital_services,1063,0,1649.5,True,False,0
pay_ecd2be854de542,not_received,apparel,3,5,3075.39,False,False,0
pay_d8dd5e28c83142,fraud,electronics,599,0,26468.12,True,False,0
pay_21196e3949734b,not_received,digital_services,12,4,1872.63,False,True,0
pay_515bdb019e324b,damaged,apparel,1356,0,1902.71,True,False,0
pay_0d7b8c68cef64e,damaged,electronics,1244,0,19338.52,False,False,0
pay_4680657501a440,damaged,apparel,784,0,3517.69,True,False,0
pay_0c9aea137ba347,damaged,apparel,91,1,3795.03,True,False,0
pay_198d0641e9264c,fraud,electronics,1263,0,23617.0,True,False,0
pay_8ee2d415b2bf4e,damaged,digital_services,1113,0,4472.46,False,False,0
pay_da7ca367b69f47,damaged,electronics,358,2,17848.86,True,False,0
pay_d7203afe435047,damaged,apparel,1053,0,4316.59,True,False,0
pay_aff19bcb085c48,not_received,apparel,541,0,3285.15,True,False,0
pay_21b15d2744c644,fraud,digital_services,580,0,2829.91,True,False,0
pay_fec3df5c536d49,fraud,electronics,1199,1,21727.52,True,False,0
pay_4eaec69cb66744,fraud,electronics,13,5,24558.07,False,True,0
pay_5818b78f4e1b4f,damaged,apparel,595,0,3570.2,True,False,0
pay_02016d1afdf042,not_received,apparel,901,0,2720.92,True,False,0
pay_b5d9476c9c0f40,damaged,digital_services,517,0,2528.86,True,False,0
pay_00ebca60d2e24f,not_received,electronics,356,0,20876.64,True,False,0
pay_e3568444ee7542,not_received,apparel,1391,0,3736.46,True,False,0
pay_40f948984ddb4c,fraud,electronics,1014,0,20622.82,True,False,0
pay_00602ee6e39c48,fraud,apparel,729,1,2363.07,True,False,0
pay_59c0207ddfda46,not_received,electronics,10,4,25262.1,False,True,0
pay_a82b5deecfae44,not_received,digital_services,130,0,3365.58,True,False,0
pay_13faca2481534a,fraud,electronics,3,6,26935.56,True,True,1
pay_51918255af6947,not_received,apparel,1400,0,3501.26,False,False,0
pay_c812678061c04a,fraud,electronics,49,0,27138.63,True,False,0
pay_488d96213c6543,damaged,apparel,1429,0,4161.12,False,False,0
pay_d19d3f22be184c,fraud,apparel,93,0,4002.11,False,False,0
pay_8c8391999a1648,not_received,electronics,1180,0,25920.37,True,False,0
pay_1550f2fce58f40,fraud,electronics,127,0,32139.48,False,False,0
pay_5fda8f72cdbc44,not_received,electronics,353,0,31823.44,True,False,0
pay_c4552385a6d441,not_received,electronics,10,3,25961.16,False,True,0
pay_f6a29ecbef784c,not_received,electronics,490,0,24937.51,True,False,0
pay_b058d9b4299045,damaged,apparel,311,0,2927.44,True,False,0
pay_d90b48a56f1d48,fraud,apparel,783,0,2464.17,False,False,0
pay_29a163b4195f4a,fraud,apparel,1489,0,2095.25,True,False,0
pay_e11bd04e629b43,not_received,electronics,1049,0,26559.52,True,False,0
pay_277a4d45f95046,not_received,electronics,1058,0,16489.54,True,False,0
pay_de3480bd461445,fraud,apparel,1211,0,3421.25,True,False,0
pay_a5dc7a386a144d,not_received,apparel,1313,0,3079.72,True,False,0
pay_ba29f767a7ee43,fraud,electronics,811,2,21664.12,True,False,0
pay_4a3993923d2a45,fraud,electronics,654,0,28448.55,True,False,0
pay_6df379f3a1214e,not_received,electronics,1337,0,31813.99,True,False,0
pay_7e0e17df78ce45,damaged,electronics,428,0,21521.46,True,False,0
pay_6ce623c02fff4f,not_received,apparel,653,0,2902.05,True,False,0
pay_ce0a3c448d0a41,not_received,electronics,480,0,17357.58,True,False,0
pay_b7db8c361e4d4a,damaged,digital_services,7,3,2573.34,False,True,1
pay_cbe43ec6aedc4f,fraud,digital_services,8,2,2800.74,False,True,0
pay_1a1b549e121c4d,not_received,apparel,607,2,2282.1,True,False,0
pay_f2a3cfe7e0e54a,damaged,electronics,564,0,25019.87,False,False,0
pay_aa51f1e207504f,fraud,electronics,1357,0,23514.84,True,False,0
pay_71314e7712174d,fraud,apparel,190,0,3089.78,True,False,0
pay_55abc1c2d78a48,damaged,electronics,441,0,23068.32,True,False,0
pay_0220ba5e0ebf4a,damaged,digital_services,1372,0,3334.1,True,False,0
pay_82b67edc759d4b,fraud,electronics,421,2,21400.23,True,False,0
pay_8495eb64fe2f4c,fraud,apparel,449,0,3173.5,True,False,0
pay_375c0d805c9b47,fraud,apparel,3,2,1901.53,False,True,0
pay_0e73c7d522e54b,fraud,digital_services,415,0,1784.82,False,False,0
pay_29532ba8cc4249,not_received,apparel,1459,0,4399.31,True,False,0
pay_d25f3cb0169d44,not_received,apparel,364,0,3138.42,True,False,0
pay_bef910dd0c8c4b,damaged,digital_services,53,0,2918.76,False,False,0
pay_7ad78d2279754d,fraud,electronics,1307,0,21702.5,True,True,1
pay_c78cec5cdef04c,damaged,electronics,978,0,33218.85,True,False,0
pay_9e5b1872f45548,fraud,electronics,1138,0,23191.81,True,False,0
pay_f4e4434ade3546,fraud,apparel,750,0,3310.0,True,False,0
pay_66fda0dfd0554e,not_received,electronics,215,0,23004.94,True,False,0
pay_d76f648841fc43,fraud,electronics,64,0,22272.83,True,False,0
pay_415458add32d42,fraud,electronics,276,0,28491.37,True,False,0
pay_e140c8ed0f2f44,damaged,apparel,468,0,3987.92,True,False,0
pay_713e40047e9a45,fraud,apparel,331,0,4772.15,True,True,1
pay_e63dc701327e4a,not_received,digital_services,182,0,2784.83,False,False,0
pay_078dc088ae914c,fraud,electronics,242,0,25050.0,True,False,0
pay_7b221f0267834d,fraud,apparel,789,0,2974.37,True,False,0
pay_0aa31cc7789f4c,not_received,apparel,5,3,4203.92,False,True,1
pay_3382c45f4efb4a,damaged,apparel,619,0,3342.09,True,False,0
pay_255c5d07d4784e,not_received,electronics,1461,0,23534.72,True,False,0
pay_4c20e8380c7441,not_received,electronics,358,0,18680.75,True,False,1
pay_bbf7fabab3074e,damaged,digital_services,9,3,2134.99,False,True,1
pay_9fefbc20357047,not_received,digital_services,544,0,3828.54,True,False,0
pay_79764232cc1342,fraud,electronics,162,1,23809.05,True,False,0
pay_9931393d68f24b,not_received,digital_services,445,1,4097.82,True,False,0
pay_5fa23de8de2a4f,not_received,electronics,1357,0,16872.26,True,False,0
pay_16fe788f894843,not_received,apparel,762,0,3110.59,True,False,0
pay_0adc672d230347,not_received,apparel,449,0,2121.4,True,False,0
pay_9524202e41104c,fraud,electronics,922,0,21395.55,False,False,0
pay_04dc2f52e53340,not_received,electronics,148,0,19614.19,True,False,0
pay_b993917d92c441,not_received,apparel,11,2,3171.75,False,True,0
pay_11b3c731549444,not_received,apparel,981,0,3352.52,True,False,0
pay_eb9fdb550d2248,damaged,electronics,1465,0,31687.1,True,True,1
pay_7c89706c97bc4f,damaged,electronics,921,1,32118.8,True,False,0
pay_d90985af66124b,not_received,digital_services,529,0,3021.78,True,False,0
pay_eb82cd7208cd4f,not_received,electronics,1194,0,23418.74,True,False,0
pay_c88ff86203124d,not_received,electronics,1388,0,18588.62,True,False,0
pay_bb4702656f6540,not_received,apparel,398,0,2297.95,True,False,0
pay_d1acbb03558044,damaged,electronics,1,2,26732.09,False,True,1
pay_88aed5f0bedc44,not_received,electronics,1336,0,19787.26,True,True,1
pay_d6f3daeb53624c,fraud,digital_services,104,0,3099.79,True,False,0
pay_ad193a0d82204a,not_received,digital_services,2,4,2619.23,False,True,0
pay_dee3c4c608a244,not_received,electronics,184,0,29726.27,True,True,1
pay_36ac8f78681e4a,not_received,digital_services,11,5,3726.07,False,True,0
pay_2abc93693e1943,not_received,digital_services,67,0,3262.18,False,False,0
pay_7e48e94e314a48,fraud,apparel,468,0,3150.91,False,True,0
pay_c82ddfc42d2241,fraud,apparel,1072,1,2973.26,False,False,0
pay_fe8682e9539e46,fraud,electronics,1042,0,25712.42,True,False,0
pay_9491336a78be44,not_received,electronics,906,0,29780.12,True,False,0
pay_217d7d26ef114e,fraud,apparel,1267,0,2577.39,True,False,0
pay_d79a60588c674e,damaged,digital_services,170,0,4051.99,True,False,0
pay_217681219b624a,fraud,apparel,954,2,4332.8,True,False,0
pay_ae6f5b968d384b,damaged,electronics,10,4,24654.46,False,True,1
pay_83dac951315246,fraud,electronics,44,0,28212.83,True,False,0
pay_a88f4abfd59748,fraud,apparel,169,0,1123.48,True,False,0
pay_430fc3bc8f2d4d,not_received,apparel,1,2,1685.56,False,True,1
pay_e974d50cad274f,fraud,electronics,822,0,19669.45,True,False,0
pay_cb9b40ab962941,damaged,apparel,835,1,2925.46,True,False,0
pay_bb3fa4b5e2a64e,fraud,apparel,280,1,3919.63,True,False,0
pay_440f716e71ae4a,not_received,electronics,1378,0,21890.25,True,False,0
pay_7c2559e7adf440,damaged,electronics,1102,2,31029.2,True,False,0
pay_8deb383a9bb04a,fraud,electronics,58,0,22760.65,True,False,0
pay_a35fa1484d8945,fraud,digital_services,987,0,2872.69,False,False,0
pay_05a3c3936fda44,fraud,apparel,711,0,2709.68,True,False,0
pay_b2a7f1fe75ad4f,not_received,apparel,1331,0,4055.16,True,False,0
pay_cf3fd7fff87d48,fraud,apparel,280,0,3617.64,True,False,0
pay_9c05b8f88c1346,not_received,electronics,9,2,19925.07,False,False,0
pay_afdb03f01b5242,damaged,electronics,180,0,25624.52,True,False,0
pay_c3386916818e43,damaged,apparel,594,0,2206.42,True,False,0
pay_3eed2b74ea1c4f,fraud,apparel,2,6,3281.06,False,True,1
pay_0b641b23fa8949,fraud,electronics,1035,0,24097.94,True,True,1
pay_6b645e7e2c0f47,fraud,electronics,911,0,28523.09,True,False,0
pay_b757d950e9fe44,not_received,apparel,1436,0,3849.81,True,False,0
pay_c8b4bdd0d83449,fraud,apparel,412,2,2534.69,True,False,0
pay_596d061d840943,damaged,electronics,813,0,26138.69,False,False,0
pay_6f0dddd2afe74a,not_received,apparel,148,1,2082.92,True,False,0
pay_c0b6cf4312fe4b,fraud,digital_services,894,0,3736.01,True,False,0
pay_6d7cda92f5a341,not_received,electronics,580,0,25818.17,True,False,0
pay_2a3bd902ebc942,fraud,apparel,5,6,4271.81,False,True,1
pay_ae34178faf3d43,fraud,apparel,1356,0,3665.67,True,False,0
pay_a32984add94847,fraud,electronics,1192,0,30872.54,True,True,1
pay_9d49e3dd29eb42,fraud,apparel,316,0,2597.63,True,False,0
pay_116e732eebcf43,not_received,digital_services,427,0,3930.99,True,False,0
pay_56c25ba8564349,not_received,digital_services,659,0,2543.72,False,False,0
pay_bad8f43fd9e54e,fraud,electronics,1240,1,29612.43,False,False,0
pay_a8353db6b89340,damaged,digital_services,419,0,4137.34,True,False,0
pay_322ecc8cc10040,not_received,apparel,514,0,2188.3,True,False,0
pay_f8669c63da3640,fraud,electronics,855,0,22001.66,True,False,0
pay_c5301b220f974f,fraud,electronics,62,0,19319.88,True,False,0
pay_62cc1ee520c546,not_received,digital_services,955,0,2586.8,False,False,0
pay_e96d71d4314641,damaged,apparel,505,0,3673.83,True,False,0
pay_52462e8d59c54c,not_received,digital_services,12,4,1332.28,False,True,1
pay_bbf5dda0bd544d,damaged,electronics,1054,0,23927.51,True,False,0
pay_6ac5cad8421444,not_received,apparel,726,0,3585.54,True,False,0
pay_ea7d2d3a3c2749,not_received,electronics,1390,0,32140.9,True,False,0
pay_97a016b3a2144d,not_received,electronics,4,4,23182.25,False,True,1
pay_ee35f8f8fdb344,not_received,digital_services,210,1,2780.03,True,False,0
pay_799e627c245c4a,fraud,electronics,175,0,26443.81,True,False,0
pay_c2b96dfe34e046,damaged,apparel,1077,0,2138.73,True,False,0
pay_4be8211051b74d,fraud,digital_services,7,2,5073.83,False,True,0
pay_20f989aa894c44,not_received,digital_services,13,6,2399.08,False,True,0
pay_86a298d2ddab4e,not_received,apparel,12,6,3361.12,False,True,0
pay_53119b1f2e7c4c,not_received,apparel,1260,0,2739.31,True,False,0
pay_f674962e56db40,fraud,apparel,961,1,2417.21,True,True,1
pay_b8a91995bbd24b,not_received,electronics,119,2,27168.16,True,False,0
pay_8d284916acc141,not_received,electronics,99,0,28306.11,True,False,0
pay_917949accbc14d,not_received,electronics,1144,1,24880.39,True,False,0
pay_e87111c5a68e47,not_received,electronics,1180,0,18430.97,True,False,0
pay_1d060497dd9045,not_received,electronics,1125,0,30919.42,True,True,1
pay_3dce80578c0a4a,fraud,electronics,9,5,31586.75,False,True,0
pay_71f32cbc590f4a,damaged,electronics,115,0,29102.13,True,False,0
pay_11cd1badd18b45,damaged,electronics,66,0,15078.16,False,False,0
pay_4e9114ee16fa4d,fraud,apparel,996,0,1894.93,True,False,0
pay_770b94f8e5d947,fraud,electronics,1293,1,24906.9,True,False,0
pay_2ea062ff1d2541,fraud,apparel,511,0,3640.02,True,False,0
pay_f13ce7ebbdf74e,not_received,digital_services,1465,0,2670.83,True,False,0
pay_d0c87b5a70874c,damaged,electronics,259,0,21155.63,True,False,0
pay_fa4e970b36f446,not_received,electronics,1094,2,19948.06,True,False,0
pay_45e681cb6f8542,damaged,apparel,1431,0,2788.92,True,False,0
pay_bb3eda0da26242,fraud,digital_services,764,1,4120.44,False,False,0
pay_3acfa1ad6f3d46,not_received,electronics,2,3,27731.54,False,False,0
pay_185fce7bfea846,fraud,electronics,1304,1,34643.03,False,False,0
pay_b8706ee8053f44,fraud,electronics,1317,0,19101.53,False,False,0
pay_d3611ed342ca44,not_received,apparel,1154,0,5178.28,True,False,0
pay_7890484f9cc941,fraud,digital_services,9,5,3826.16,False,True,1
pay_1bc261dc7aba49,not_received,apparel,1062,0,5156.92,True,False,0
pay_bf803d8d133c4f,not_received,apparel,1288,0,2801.76,True,True,1
pay_26097608dd5841,damaged,apparel,12,3,1518.31,False,True,1
pay_0b54fd4cc5244c,fraud,electronics,2,4,34465.26,False,True,0
pay_f0fea48a25634e,not_received,apparel,934,0,3721.43,False,False,0
pay_5e06f5887afb4d,damaged,electronics,1117,0,22531.45,True,False,0
pay_470c14734a4c47,damaged,electronics,387,0,25138.42,True,False,0
pay_3a253e67e2c64c,not_received,electronics,509,2,31523.03,True,False,0
pay_3353cc5304af46,not_received,apparel,568,0,2384.01,True,False,0
pay_0ad596d01e7e40,not_received,apparel,1179,2,2810.57,False,False,0
pay_7d86af25657342,not_received,apparel,528,0,4936.56,True,False,0
pay_acd615c83e7141,not_received,electronics,615,0,26697.59,False,False,0
pay_dcaad60c6c774b,not_received,electronics,1119,0,32623.8,True,False,0
pay_c7165c5d7df54b,not_received,electronics,658,0,21614.91,True,False,0
pay_6b3089e668564d,not_received,electronics,879,0,31778.8,True,False,0
pay_6013e114b4054c,fraud,apparel,88,0,3640.58,True,False,0
pay_e569510178f143,not_received,electronics,709,0,23788.53,True,False,0
pay_b0388019e73346,fraud,apparel,7,5,2858.57,False,False,0
pay_aabf63a92f2a4b,fraud,apparel,966,0,3089.55,True,False,0
pay_e9cb856eed134a,fraud,electronics,282,0,27007.2,True,False,0
pay_34e39f33763b4a,fraud,apparel,338,0,3089.56,False,False,0
pay_2f5806e0187a45,damaged,electronics,1247,0,23615.62,True,False,0
pay_976f94d00a3e40,not_received,apparel,12,3,2730.31,False,False,0
pay_8fd67ed036bf49,fraud,digital_services,1117,0,3826.87,True,False,0
pay_77166d637f5a47,not_received,apparel,312,0,4343.43,True,False,0
pay_41d7dc3ae6ed42,fraud,electronics,93,1,24385.26,True,False,0
pay_d4a24ec01aed49,not_received,digital_services,5,2,3366.48,False,True,0
pay_06d4830c5a814d,not_received,apparel,857,0,3094.89,True,False,0
pay_cf820c43354a40,damaged,apparel,1106,2,3353.58,True,False,0
pay_8ce7b470429f47,fraud,apparel,229,0,4468.92,False,False,0
pay_445570bc3bc640,not_received,electronics,1431,0,31605.98,True,False,0
pay_42cca9842ede42,damaged,apparel,797,0,2660.14,True,False,0
pay_ca0f347a135942,damaged,apparel,1177,0,2563.48,False,False,0
pay_506040471b5544,fraud,digital_services,100,2,2775.75,True,False,0
pay_c1dfc7a275e34b,not_received,electronics,170,0,31382.37,True,False,0
pay_116c585b4b1b4f,fraud,electronics,656,0,26510.33,True,False,0
pay_534b1b6cf70249,not_received,digital_services,618,2,1216.96,True,False,0
pay_33a942609bcd46,fraud,electronics,1362,0,25537.33,True,False,0
pay_49e7ba9507ce41,damaged,digital_services,1070,0,3909.14,False,False,0
pay_26e81fd46d894f,fraud,electronics,1238,0,29004.14,True,False,0
pay_b455c23ab86544,not_received,electronics,1369,0,29704.01,True,False,0
pay_403ef432ca4541,not_received,electronics,107,0,32492.31,True,False,0
pay_b7144f21070247,damaged,apparel,432,0,2446.79,True,False,0
pay_9a0e8b1084f442,not_received,electronics,192,0,22667.23,False,False,0
pay_d091643d04f94c,fraud,electronics,4,4,22090.13,False,True,0
pay_02e075a8556547,fraud,electronics,12,2,24676.89,False,True,0
pay_558fb54c5e904e,fraud,electronics,1206,0,28790.58,True,False,0
pay_a02195892fb946,not_received,apparel,1460,0,3543.4,True,False,0
pay_1edc307a941a43,not_received,electronics,180,0,20355.57,True,False,0
pay_814a55d1c85346,not_received,electronics,488,0,24045.87,True,False,0
pay_05be6a72e88344,fraud,electronics,587,1,30995.88,True,False,0
pay_5f5b81336d7e4c,not_received,apparel,753,0,4330.48,True,False,0
pay_05a9cc5281464c,not_received,electronics,164,0,22827.21,True,False,0
pay_a52816ffb9a545,damaged,apparel,436,0,4196.67,True,False,0
pay_0905d86e723e44,not_received,electronics,5,4,19367.95,False,True,1
pay_dfdc3183cedb46,fraud,electronics,242,0,18876.99,True,False,0
pay_c374c0fa6d0846,fraud,digital_services,178,0,3026.01,True,False,0
pay_87255995d75442,fraud,digital_services,343,0,2585.97,True,False,0
pay_0e269c82ab5141,not_received,electronics,975,2,19939.32,True,False,0
pay_3bc1fb34555441,not_received,apparel,11,4,3173.66,False,True,0
pay_9ee3b3d4cd1f4f,fraud,apparel,1154,1,3073.6,True,False,0
pay_46100037f76e4c,fraud,digital_services,1119,0,3969.95,True,False,0
pay_fa6d1f51f2ac42,fraud,digital_services,1402,0,3535.6,True,False,0
pay_5258e53b0d984e,damaged,apparel,399,0,1800.15,True,False,0
pay_08b4716a0ef044,fraud,digital_services,11,2,2685.86,False,True,0
pay_d9c1ea08eb9a40,fraud,digital_services,4,2,4134.82,False,False,0
pay_f8516240f3b148,fraud,apparel,515,0,3152.41,True,False,0
pay_27b13413cfb14c,not_received,apparel,2,6,1564.29,False,True,0
pay_6eb3c641c8274c,not_received,apparel,90,2,3093.4,True,False,0
pay_983277931c2645,damaged,electronics,609,0,23776.44,False,False,0
pay_0dea3c89392e42,fraud,apparel,499,2,2630.03,True,False,0
pay_7996febe13494e,not_received,apparel,419,0,3401.3,True,False,0
pay_8466f23908e244,fraud,electronics,129,0,25929.51,True,False,0
pay_7a7b761c3bda4c,damaged,digital_services,497,0,2615.57,True,False,0
pay_fefa0963efc943,fraud,digital_services,482,0,4256.59,True,False,0
pay_990f1ebf96c348,fraud,electronics,344,0,19197.62,True,False,0
pay_af435a5cb9fc43,not_received,apparel,155,0,2587.65,True,False,0
pay_736b546937334c,fraud,electronics,1095,0,24759.34,True,False,0
pay_b48eeb7e5b8844,fraud,apparel,4,6,2950.59,True,True,1
pay_761bf1b2781b4c,not_received,apparel,661,0,1876.19,False,False,0
pay_9b7a73908ac243,not_received,apparel,1266,0,1990.99,True,False,0
pay_d9b11c09005b4b,not_received,apparel,125,0,3989.14,True,False,0
pay_81f7324972a14d,not_received,digital_services,314,0,4446.44,True,False,0
pay_ee1ce37838fe47,not_received,apparel,1228,0,2545.6,False,False,0
pay_2d21b6ac0a9947,not_received,apparel,8,5,3614.07,False,True,0
pay_d71018b54bbd4c,not_received,apparel,5,5,3247.66,False,True,0
pay_3d08bbe608194c,not_received,digital_services,282,0,5002.55,True,False,0
pay_d5cefb33a34545,fraud,electronics,330,0,23933.33,True,False,0
pay_ffd642dab7d248,fraud,electronics,1015,0,19686.48,False,False,0
pay_d61d6393f3194b,not_received,digital_services,13,2,4720.03,False,True,0
pay_078df86f757c4d,not_received,apparel,433,1,2067.54,True,False,0
pay_a5f5ca80e82341,not_received,digital_services,6,3,3082.85,False,True,0
pay_e45c45cbbc8b4e,fraud,electronics,312,0,22533.14,True,False,0
pay_461702f3d88b44,fraud,digital_services,1287,0,3183.32,True,False,0
pay_a6f75e2faa494d,fraud,apparel,734,0,1812.8,True,False,0
pay_5953bddb122d4d,fraud,digital_services,806,0,3617.42,True,False,0
pay_c793464f0cdd40,not_received,apparel,7,6,3188.94,False,True,0
pay_a0baf32059c54a,not_received,electronics,336,1,22420.15,True,False,0
pay_343e1e95e1f141,not_received,apparel,1430,0,1721.52,True,False,0
pay_846640eb6e5341,not_received,apparel,688,0,2714.32,True,False,0
pay_571c112132a644,damaged,apparel,713,0,2120.72,True,False,0
pay_521a8f7de48044,damaged,apparel,1320,0,3142.7,True,False,0
pay_94f1624a79f248,not_received,apparel,1435,0,3134.04,True,False,0
pay_de52e1c7c04547,damaged,electronics,875,0,22517.76,True,False,0
pay_65be97396cab4f,not_received,apparel,1270,0,3682.72,True,False,0
pay_000b6a30ff984a,damaged,electronics,105,0,27694.7,True,False,0
pay_7fba4a66d39246,damaged,electronics,676,0,24661.35,True,False,0
pay_3be384cfab554f,damaged,apparel,1184,0,1096.97,True,False,0
pay_2d1cdaa932a149,not_received,apparel,5,5,3352.01,False,False,0
pay_fc756c3c363d43,not_received,digital_services,283,2,2075.58,True,False,0
pay_6a6aa148d58d40,not_received,apparel,493,1,2834.31,True,False,1
pay_3f007adf0f124b,fraud,digital_services,1371,0,1677.15,True,False,0
pay_d4aaaf2006a143,fraud,electronics,1310,0,18834.58,True,False,0
pay_a136aa4151fb46,damaged,digital_services,556,0,3329.21,True,False,0
pay_6970370cb44c4b,fraud,digital_services,11,3,2972.61,False,False,0
pay_d29b31143f2245,not_received,apparel,552,0,2181.96,True,False,0
pay_68c32c57607446,fraud,electronics,1312,0,27112.39,True,False,0
pay_ffbf6c5952b446,fraud,apparel,1203,0,2823.08,True,False,0
pay_cbc9d13323c947,damaged,electronics,456,0,24466.32,True,False,0
pay_b44443b09a674a,damaged,apparel,563,0,3077.63,True,False,0
pay_7dd8e04ecfad40,not_received,electronics,1162,0,17119.09,True,False,0
pay_59575325ad5e4a,fraud,apparel,335,0,2291.94,True,False,0
pay_c33702ffce764c,not_received,electronics,1052,0,23585.69,True,False,0
pay_ab284356607c41,not_received,electronics,9,5,32101.09,False,True,1
pay_b7e5429aa31d41,fraud,electronics,765,0,28550.05,True,False,0
pay_adb0f29d71c94a,fraud,electronics,407,0,18932.28,False,False,0
pay_d7e8cc99ff4646,not_received,apparel,418,1,2560.33,True,True,1
pay_495b8893496640,fraud,electronics,393,0,20549.51,False,True,0
pay_cb94bbefc9e147,not_received,apparel,1472,0,1758.35,True,False,0
pay_9ed7a797ee4749,fraud,apparel,680,0,4028.33,True,False,0
pay_4877ad34c7dc4f,not_received,electronics,1310,1,19759.51,True,False,0
pay_a2686d787a4e4f,fraud,electronics,909,0,32323.14,True,False,0
pay_6806c0ac888047,damaged,apparel,804,0,3848.44,False,False,0
pay_cdaaea22f08041,not_received,digital_services,416,0,4055.2,False,False,0
pay_21c0e31b65f045,fraud,apparel,499,1,1813.61,True,False,0
pay_4a626e38964444,not_received,apparel,60,0,2452.96,True,False,0
pay_2bcd0cf5450244,damaged,apparel,416,0,2985.12,True,False,0
pay_39c1be1459c94f,not_received,digital_services,6,2,1137.68,False,True,0
pay_b4e3a4d435084b,not_received,digital_services,108,0,4838.9,True,False,0
pay_17463cbba00a49,fraud,apparel,1306,0,2387.16,True,False,0
pay_53b623f3249647,not_received,electronics,515,0,20094.99,False,False,0
pay_bb5985d201c54c,not_received,apparel,1408,1,3441.68,False,False,0
pay_3b0c89da1c0143,not_received,electronics,134,0,31057.97,True,False,0
pay_476cd2be016149,damaged,apparel,635,0,3460.33,True,False,0
pay_051cae20028f4f,fraud,apparel,128,0,2648.61,True,False,0
pay_3376da5a61bb4c,fraud,apparel,199,0,1901.09,False,False,0
pay_6f3329695dcb41,damaged,apparel,1295,0,2130.91,True,False,0
pay_838df95807024e,not_received,electronics,824,0,29370.51,True,False,0
pay_792699e1d31444,fraud,digital_services,827,0,3328.03,True,False,0
pay_ddafc94a2ea842,fraud,electronics,2,6,24946.61,False,True,0
pay_c699e7408a9642,damaged,electronics,98,0,28165.01,True,True,1
pay_1d91143be27c40,fraud,apparel,1246,0,3651.78,True,False,0
pay_6e4e83625cb649,fraud,digital_services,545,0,4111.78,True,False,0
pay_2f86027f9f5c40,fraud,apparel,6,2,3468.22,False,True,0
pay_3a53198e8b7b46,damaged,apparel,215,1,5007.92,True,False,0
pay_ab1aa58da9124c,damaged,apparel,170,0,3920.96,False,False,0
pay_52e4a8cd8fad4d,not_received,electronics,807,0,21668.85,True,False,0
pay_61664e88adf545,not_received,apparel,5,6,2952.28,False,True,0
pay_35a9d4246de84b,fraud,electronics,7,6,22644.41,False,True,0
pay_1f167431159f46,fraud,digital_services,8,6,3424.41,False,True,1
pay_267535d6cfde40,damaged,electronics,497,2,24852.9,True,False,0
pay_943bcf513e7b4f,fraud,electronics,1327,0,22379.62,True,False,0
pay_1f6dc8bb35524f,not_received,apparel,646,0,4880.4,True,False,0
pay_00244424b2844c,not_received,apparel,711,0,3840.76,True,False,0
pay_68f1eeb7d6ce4d,fraud,apparel,136,0,2355.58,True,False,0
pay_808db3ae27ab44,not_received,electronics,128,0,19500.91,True,False,0
pay_f9f11aaf75654f,not_received,electronics,7,3,23751.87,False,True,1
pay_253c060a054646,not_received,digital_services,13,2,4851.76,False,True,1
pay_cd7640d4a09d4d,fraud,apparel,888,0,2919.85,True,False,0
pay_9b25213dbd0b48,fraud,apparel,876,0,795.56,False,False,0
pay_f7e26364d14447,not_received,apparel,1339,1,1451.13,True,False,0
pay_3890f151deb34a,damaged,apparel,12,3,2454.7,False,True,1
pay_cb7bb978cf894a,fraud,apparel,4,3,2849.19,False,True,0
pay_17f69b094c3945,damaged,apparel,1120,0,3277.43,True,False,0
pay_0f193368bb2749,not_received,electronics,1341,0,25567.93,True,False,0
pay_d00a2b75521145,damaged,apparel,673,0,3393.56,True,False,0
pay_912153d47dc94e,fraud,electronics,1023,0,19354.59,True,False,0
pay_03c0c5bbece244,fraud,apparel,10,6,2344.54,False,False,0
pay_d69e5742b5e84e,fraud,apparel,50,1,3577.35,True,False,0
pay_a72f097a05794b,fraud,electronics,421,1,27175.27,True,False,0
pay_ee8e331b720145,damaged,apparel,1355,0,2374.48,True,False,0
pay_3418224ef28941,fraud,electronics,11,5,23413.01,False,False,0
pay_baaf4bae3e1a40,not_received,digital_services,1182,0,2906.77,True,False,0
pay_eefecd7ef66742,fraud,electronics,1459,0,21472.9,True,False,0
pay_34d68c45a44449,not_received,digital_services,235,0,2948.62,True,False,0
pay_2b0a7aadc0f248,fraud,apparel,697,0,2395.2,True,False,0
pay_610af119fc1c4b,fraud,electronics,229,0,21957.21,True,False,0
pay_e59648014dbe4d,fraud,electronics,1117,0,26541.85,True,False,0
pay_c3ff075f4f7444,not_received,electronics,1477,0,22043.17,True,False,0
pay_058bb77d23f343,fraud,electronics,1154,0,23313.81,True,False,0
pay_024b04f598d740,fraud,electronics,758,0,18962.68,True,False,0
pay_5130adbb32c94b,fraud,electronics,1108,0,26040.58,True,False,0
pay_f5c4388f89884a,damaged,electronics,372,0,25187.55,True,True,1
pay_93289e9281b64b,not_received,apparel,258,0,3551.13,False,True,0
pay_8f05fbe8fc1a4c,not_received,electronics,8,3,19567.03,False,True,0
pay_86edb87db64a45,not_received,apparel,749,0,2380.97,True,False,0
pay_aba24178286c4a,fraud,electronics,4,2,24763.56,False,False,0
pay_a9cf85166c2944,not_received,digital_services,830,0,2979.91,True,False,0
pay_23e8470c573645,fraud,apparel,394,0,2786.18,True,False,0
pay_c9cde4e8f48540,not_received,apparel,3,6,3638.55,False,True,1
pay_31a4be93b9944a,not_received,electronics,251,0,27829.28,True,False,0
pay_f46f773889d548,not_received,apparel,1098,0,2567.64,True,False,0
pay_57040cfa28834f,fraud,electronics,540,0,29738.6,True,False,0
pay_fb39abcd54d44f,fraud,digital_services,104,0,2837.28,True,False,0
pay_ab21ad0b650747,not_received,digital_services,1103,0,3492.18,True,False,0
pay_c249232ca41e41,not_received,apparel,1100,0,3132.57,True,False,0
pay_d33b52a05bb44a,fraud,apparel,490,0,2384.35,True,False,0
pay_724bc8e14dfc4d,fraud,apparel,660,0,3414.86,True,False,0
pay_cb78ef5245ba4a,damaged,electronics,885,0,23254.68,True,False,0
pay_43e80f6974614d,not_received,apparel,1086,0,3991.12,False,False,0
pay_20af7c3b250f45,damaged,electronics,3,6,15000.96,False,True,1
pay_80ff2a5fced64f,fraud,apparel,1385,0,4229.95,True,False,0
pay_74a25768896f41,not_received,electronics,1,6,21747.58,False,True,0
pay_e3452fda1beb4c,fraud,electronics,1022,0,29669.58,True,False,0
pay_834acf44da4041,not_received,apparel,1227,0,3614.58,False,False,0
pay_eec7517b16b843,fraud,electronics,1278,0,26556.49,True,False,0
pay_00f67230533240,fraud,apparel,742,1,3496.34,True,True,1
pay_9c6985ececbd44,fraud,apparel,1468,1,4241.55,True,False,0
pay_1f9561415dae42,not_received,digital_services,1115,0,2237.12,True,False,0
pay_d1bb3a76e6e041,not_received,electronics,763,0,29413.86,False,False,0
pay_fc9493f4c0c840,not_received,apparel,1325,0,2932.12,True,False,0
pay_f688416b4d3140,damaged,digital_services,809,0,3192.84,True,False,0
pay_0b396d2d6e9346,not_received,electronics,83,0,15149.49,True,False,0
pay_d13b4bb3fe3045,not_received,apparel,909,0,3170.62,False,False,0
pay_cdedec65e3034a,damaged,electronics,422,0,17237.73,True,False,0
pay_946e93ce91514e,not_received,electronics,1344,0,22361.42,False,False,0
pay_200f04308edc4e,fraud,electronics,968,0,30155.29,True,False,0
pay_0bc43ad37dd04e,damaged,apparel,1379,0,3149.33,True,False,0
pay_2a94cef948194f,fraud,electronics,502,0,25368.31,True,False,0
pay_6dbddde6949b46,not_received,electronics,341,0,22370.7,False,False,0
pay_e50da17673ed49,fraud,apparel,185,1,2361.82,True,False,0
pay_6f19612f60d340,not_received,electronics,6,3,24569.88,False,True,1
pay_19afdd279c954c,not_received,apparel,826,1,2172.74,True,False,0
pay_6d0dec08b1494d,fraud,electronics,1395,0,19276.28,True,False,0
pay_b64c449396194d,not_received,electronics,407,0,18672.77,True,False,0
pay_21a5a778231d4c,not_received,apparel,471,0,2040.69,True,False,0
pay_9295b0a22ef746,fraud,apparel,8,4,757.13,False,True,0
pay_998212ab06cc48,fraud,digital_services,696,0,834.02,True,False,0
pay_b618860592ae4e,fraud,apparel,12,2,2347.61,False,True,0
pay_eac24b23703c4d,damaged,digital_services,1456,1,1260.33,True,False,1
pay_84e7e513293641,not_received,electronics,375,0,23715.85,True,False,0
pay_89e095af50cc48,damaged,apparel,1347,0,2763.06,True,False,0
pay_f25de9374be443,fraud,apparel,948,0,2142.69,True,False,0
pay_5d9984cbfd104e,fraud,apparel,138,0,4184.52,True,False,0
pay_1c084eb567b54b,fraud,digital_services,856,0,3367.46,True,False,0
pay_bb1b0dc73cd844,fraud,apparel,1144,0,3195.17,True,False,0
pay_17de285a14884f,not_received,electronics,103,0,13334.87,True,False,0
pay_c8bd10c604f34e,damaged,digital_services,1333,1,2046.85,False,False,0
pay_0bdc6e6fd5ae48,fraud,electronics,469,1,24228.15,True,False,0
pay_58927b7826fc47,damaged,electronics,1038,0,25808.17,True,False,0
pay_02e1cd7b3df348,fraud,apparel,1282,1,2418.61,True,True,1
pay_aff861b7d24040,damaged,electronics,3,2,27398.34,False,False,0
pay_5ec62caaafa940,fraud,electronics,1247,0,33912.05,False,False,0
pay_d9d41627397e43,damaged,digital_services,383,0,2409.59,True,False,1
pay_19339f74cd1c42,fraud,electronics,947,0,27207.16,True,False,0
pay_d346a520cc4e4b,damaged,apparel,910,0,1789.34,False,False,0
pay_fe9e79da4dba44,fraud,electronics,3,5,25549.33,False,True,0
pay_4aca1792685348,fraud,electronics,991,0,31750.42,True,True,1
pay_981bb1072a6f47,not_received,electronics,57,0,21505.21,True,False,0
pay_119c201b45da4d,fraud,apparel,1030,0,2578.08,True,False,0
pay_c50b5856fd4340,not_received,electronics,773,0,30982.26,True,False,0
pay_78fb448e17894f,damaged,apparel,135,0,3011.34,True,False,0
pay_01a2f59151354c,not_received,apparel,757,0,2727.56,True,False,0
pay_60e89d2d4df545,not_received,apparel,835,0,3043.51,True,False,0
pay_a51415829fbe4a,fraud,electronics,3,6,19387.23,False,True,1
pay_2e382a29f76244,not_received,electronics,243,0,32832.81,True,False,0
pay_8188a62b2cdd4e,not_received,apparel,864,0,3182.54,True,False,0
pay_3e6042e0f59c41,damaged,digital_services,471,0,3222.81,True,False,0
pay_f549bb396c7a4b,fraud,apparel,194,0,3469.96,True,False,0
pay_ca994ce7135d4a,not_received,apparel,415,1,1760.44,True,False,0
pay_5024139954604c,fraud,digital_services,1494,0,1782.05,True,False,0
pay_855c66cd29ec42,fraud,electronics,1268,0,24656.11,True,False,0
pay_2cba99e97c2c4c,fraud,electronics,490,0,24976.59,False,False,0
pay_71b78f806f0c4f,fraud,apparel,330,0,2687.31,False,False,0
pay_665779491a9c45,fraud,electronics,82,0,23377.03,False,False,0
pay_f59298f16bd34e,fraud,digital_services,1130,0,2899.63,True,False,0
pay_b29adc5facec4d,damaged,apparel,497,1,3171.69,False,False,0
pay_3cc84334edff43,fraud,electronics,1060,0,30583.33,True,False,0
pay_81750185c05241,damaged,electronics,7,4,23917.96,False,True,1
pay_89d2eb27af834f,fraud,apparel,1476,0,3701.26,True,False,0
pay_f16ee2b38ccd43,fraud,apparel,609,1,4360.02,False,False,0
pay_67e5e29f4dac48,not_received,digital_services,248,0,2623.79,True,False,0
pay_7c44bd48ce6c49,not_received,apparel,1277,0,2639.53,True,False,0
pay_5ebb24eb440d41,not_received,apparel,543,0,2474.86,True,False,0
pay_781fd979860a4e,not_received,electronics,1196,1,25066.95,False,False,0
pay_d6a7b6cffb2143,fraud,electronics,288,2,31763.39,True,False,0
pay_6cfad6525e2f45,not_received,apparel,832,0,1576.04,True,False,0
pay_6be1f73b5a2c4a,not_received,digital_services,195,0,4010.77,True,False,0
pay_fbb40d35349748,fraud,apparel,11,3,3489.07,False,True,1
pay_db6bd1b631f244,damaged,apparel,498,0,5460.87,True,False,0
pay_205d20a10a384a,not_received,apparel,1101,0,1913.71,True,False,0
pay_6b8dff95bd224a,fraud,apparel,1332,0,3406.73,True,False,0
pay_64fec062b10d4a,damaged,electronics,1327,0,24995.09,False,False,0
pay_de91403796e449,damaged,apparel,174,0,3759.17,True,False,0
pay_bb73573d68b746,not_received,apparel,258,0,3323.26,True,False,0
pay_f205b21f35054b,fraud,electronics,7,4,24577.83,False,True,0
pay_7636df0b690946,damaged,apparel,1018,0,2210.28,True,False,0
pay_8c0241163f2a4a,fraud,electronics,1002,0,26867.17,True,False,0
pay_45c2c210217d42,fraud,apparel,345,0,2748.59,True,False,0
pay_d4ac119d8d9646,fraud,apparel,863,0,2549.97,True,False,0
pay_08be6dd2da1043,not_received,electronics,102,0,27206.26,True,False,0
pay_c0dbeac03b154f,damaged,apparel,115,0,1187.64,True,False,0
pay_2973181c52a24a,not_received,apparel,391,0,2689.96,True,False,0
pay_ab6db03a108d44,damaged,digital_services,12,5,3046.69,False,True,1
